user_id,price_plan_id,subs_id,subs_start_timestamp,subs_end_timestamp,create_timestamp,update_timestamp,subs_cancel_timestamp
1,1,1,2022-10-30 19:18:59,2024-05-11 19:18:59,2023-09-05 19:18:59,2023-09-05 19:18:59,
2,2,2,2022-11-01 19:18:59,2024-04-12 19:18:59,2023-09-05 19:18:59,2023-09-05 19:18:59,
3,2,3,2023-02-28 19:18:59,2024-05-14 19:18:59,2023-09-05 19:18:59,2023-09-05 19:18:59,
4,1,4,2023-03-19 19:18:59,2024-04-07 19:18:59,2023-09-05 19:18:59,2023-09-05 19:18:59,
5,3,5,2023-05-08 19:18:59,2024-03-02 19:18:59,2023-09-05 19:18:59,2023-09-05 19:18:59,
6,2,6,2022-09-05 19:18:59,2024-03-29 19:18:59,2023-09-05 19:18:59,2023-09-05 19:18:59,
7,1,7,2023-07-30 19:18:59,2023-11-19 19:18:59,2023-09-05 19:18:59,2023-09-05 19:18:59,
8,3,8,2023-08-21 19:18:59,2024-06-26 19:18:59,2023-09-05 19:18:59,2023-09-05 19:18:59,
9,3,9,2023-08-22 19:18:59,2023-11-11 19:18:59,2023-09-05 19:18:59,2023-09-05 19:18:59,
10,3,10,2022-12-03 19:18:59,2024-01-27 19:18:59,2023-09-05 19:18:59,2023-09-05 19:18:59,
11,3,11,2023-04-15 19:18:59,2024-02-10 19:18:59,2023-09-05 19:18:59,2023-09-05 19:18:59,
12,2,12,2023-02-19 19:18:59,2024-02-05 19:18:59,2023-09-05 19:18:59,2023-09-05 19:18:59,
13,3,13,2023-06-30 19:18:59,2024-07-25 19:18:59,2023-09-05 19:18:59,2023-09-05 19:18:59,
14,2,14,2023-02-02 19:18:59,2024-02-04 19:18:59,2023-09-05 19:18:59,2023-09-05 19:18:59,
15,3,15,2023-07-30 19:18:59,2024-03-09 19:18:59,2023-09-05 19:18:59,2023-09-05 19:18:59,
16,1,16,2023-02-21 19:18:59,2024-01-04 19:18:59,2023-09-05 19:18:59,2023-09-05 19:18:59,
17,3,17,2023-01-23 19:18:59,2024-04-07 19:18:59,2023-09-05 19:18:59,2023-09-05 19:18:59,
18,3,18,2023-01-17 19:18:59,2024-07-29 19:18:59,2023-09-05 19:18:59,2023-09-05 19:18:59,
19,2,19,2023-04-23 19:18:59,2023-11-26 19:18:59,2023-09-05 19:18:59,2023-09-05 19:18:59,
20,3,20,2023-06-15 19:18:59,2024-08-07 19:18:59,2023-09-05 19:18:59,2023-09-05 19:18:59,
21,1,21,2023-07-03 19:18:59,2024-08-21 19:18:59,2023-09-05 19:18:59,2023-09-05 19:18:59,
22,2,22,2023-07-20 19:18:59,2024-06-12 19:18:59,2023-09-05 19:18:59,2023-09-05 19:18:59,
23,1,23,2022-09-25 19:18:59,2023-11-08 19:18:59,2023-09-05 19:18:59,2023-09-05 19:18:59,
24,2,24,2023-06-16 19:18:59,2023-12-14 19:18:59,2023-09-05 19:18:59,2023-09-05 19:18:59,
25,1,25,2022-10-22 19:18:59,2024-01-07 19:18:59,2023-09-05 19:18:59,2023-09-05 19:18:59,
26,2,26,2022-10-20 19:18:59,2023-12-26 19:18:59,2023-09-05 19:18:59,2023-09-05 19:18:59,
27,1,27,2023-04-26 19:18:59,2024-02-18 19:18:59,2023-09-05 19:18:59,2023-09-05 19:18:59,
28,3,28,2023-03-21 19:18:59,2024-02-08 19:18:59,2023-09-05 19:18:59,2023-09-05 19:18:59,
29,3,29,2022-11-17 19:18:59,2024-04-20 19:18:59,2023-09-05 19:18:59,2023-09-05 19:18:59,
30,1,30,2023-07-03 19:18:59,2023-12-20 19:18:59,2023-09-05 19:18:59,2023-09-05 19:18:59,
31,2,31,2023-03-05 19:18:59,2023-11-02 19:18:59,2023-09-05 19:18:59,2023-09-05 19:18:59,
32,1,32,2022-12-29 19:18:59,2023-10-26 19:18:59,2023-09-05 19:18:59,2023-09-05 19:18:59,
33,3,33,2023-05-19 19:18:59,2023-12-25 19:18:59,2023-09-05 19:18:59,2023-09-05 19:18:59,
34,3,34,2022-09-08 19:18:59,2024-01-29 19:18:59,2023-09-05 19:18:59,2023-09-05 19:18:59,
35,2,35,2022-09-06 19:18:59,2024-04-01 19:18:59,2023-09-05 19:18:59,2023-09-05 19:18:59,
36,3,36,2023-08-25 19:18:59,2023-11-10 19:18:59,2023-09-05 19:18:59,2023-09-05 19:18:59,
37,2,37,2023-06-02 19:18:59,2024-08-26 19:18:59,2023-09-05 19:18:59,2023-09-05 19:18:59,
38,3,38,2023-02-11 19:18:59,2024-02-01 19:18:59,2023-09-05 19:18:59,2023-09-05 19:18:59,
39,1,39,2023-05-26 19:18:59,2024-02-09 19:18:59,2023-09-05 19:18:59,2023-09-05 19:18:59,
40,1,40,2023-05-29 19:18:59,2023-11-09 19:18:59,2023-09-05 19:18:59,2023-09-05 19:18:59,
41,2,41,2022-10-27 19:18:59,2023-12-07 19:18:59,2023-09-05 19:18:59,2023-09-05 19:18:59,
42,3,42,2022-12-15 19:18:59,2024-05-13 19:18:59,2023-09-05 19:18:59,2023-09-05 19:18:59,
43,2,43,2023-02-23 19:18:59,2024-06-27 19:18:59,2023-09-05 19:18:59,2023-09-05 19:18:59,
44,3,44,2023-02-08 19:18:59,2024-07-01 19:18:59,2023-09-05 19:18:59,2023-09-05 19:18:59,
45,3,45,2023-03-04 19:18:59,2024-02-09 19:18:59,2023-09-05 19:18:59,2023-09-05 19:18:59,
46,3,46,2023-01-01 19:18:59,2023-11-22 19:18:59,2023-09-05 19:18:59,2023-09-05 19:18:59,
47,2,47,2023-01-16 19:18:59,2024-08-16 19:18:59,2023-09-05 19:18:59,2023-09-05 19:18:59,
48,1,48,2023-06-04 19:18:59,2024-03-10 19:18:59,2023-09-05 19:18:59,2023-09-05 19:18:59,
49,2,49,2023-04-23 19:18:59,2024-08-24 19:18:59,2023-09-05 19:18:59,2023-09-05 19:18:59,
50,3,50,2022-09-16 19:18:59,2024-01-14 19:18:59,2023-09-05 19:18:59,2023-09-05 19:18:59,
51,3,51,2023-03-10 19:18:59,2024-01-20 19:18:59,2023-09-05 19:18:59,2023-09-05 19:18:59,
52,1,52,2023-06-08 19:18:59,2023-10-29 19:18:59,2023-09-05 19:18:59,2023-09-05 19:18:59,
53,2,53,2022-11-17 19:18:59,2023-11-10 19:18:59,2023-09-05 19:18:59,2023-09-05 19:18:59,
54,3,54,2023-05-27 19:18:59,2024-03-01 19:18:59,2023-09-05 19:18:59,2023-09-05 19:18:59,
55,1,55,2023-04-19 19:18:59,2024-06-27 19:18:59,2023-09-05 19:18:59,2023-09-05 19:18:59,
56,3,56,2022-11-19 19:18:59,2024-08-17 19:18:59,2023-09-05 19:18:59,2023-09-05 19:18:59,
57,1,57,2023-06-25 19:18:59,2024-03-21 19:18:59,2023-09-05 19:18:59,2023-09-05 19:18:59,
58,3,58,2022-09-07 19:18:59,2023-10-19 19:18:59,2023-09-05 19:18:59,2023-09-05 19:18:59,
59,2,59,2023-06-08 19:18:59,2024-08-01 19:18:59,2023-09-05 19:18:59,2023-09-05 19:18:59,
60,2,60,2023-05-26 19:18:59,2024-04-08 19:18:59,2023-09-05 19:18:59,2023-09-05 19:18:59,
61,2,61,2023-06-20 19:18:59,2024-05-31 19:18:59,2023-09-05 19:18:59,2023-09-05 19:18:59,
62,2,62,2023-07-02 19:18:59,2024-07-27 19:18:59,2023-09-05 19:18:59,2023-09-05 19:18:59,
63,2,63,2023-02-02 19:18:59,2023-10-08 19:18:59,2023-09-05 19:18:59,2023-09-05 19:18:59,
64,1,64,2023-02-23 19:18:59,2024-07-17 19:18:59,2023-09-05 19:18:59,2023-09-05 19:18:59,
65,1,65,2023-07-02 19:18:59,2024-02-06 19:18:59,2023-09-05 19:18:59,2023-09-05 19:18:59,
66,1,66,2022-12-09 19:18:59,2023-11-15 19:18:59,2023-09-05 19:18:59,2023-09-05 19:18:59,
67,1,67,2023-01-29 19:18:59,2024-05-07 19:18:59,2023-09-05 19:18:59,2023-09-05 19:18:59,
68,2,68,2022-11-04 19:18:59,2024-08-12 19:18:59,2023-09-05 19:18:59,2023-09-05 19:18:59,
69,3,69,2022-10-05 19:18:59,2024-06-07 19:18:59,2023-09-05 19:18:59,2023-09-05 19:18:59,
70,2,70,2023-08-20 19:18:59,2023-12-12 19:18:59,2023-09-05 19:18:59,2023-09-05 19:18:59,
71,3,71,2023-05-20 19:18:59,2023-12-26 19:18:59,2023-09-05 19:18:59,2023-09-05 19:18:59,
72,1,72,2022-10-30 19:18:59,2024-02-03 19:18:59,2023-09-05 19:18:59,2023-09-05 19:18:59,
73,2,73,2023-03-17 19:18:59,2024-07-24 19:18:59,2023-09-05 19:18:59,2023-09-05 19:18:59,
74,1,74,2022-12-03 19:18:59,2024-08-09 19:18:59,2023-09-05 19:18:59,2023-09-05 19:18:59,
75,1,75,2023-04-03 19:18:59,2023-10-25 19:18:59,2023-09-05 19:18:59,2023-09-05 19:18:59,
76,3,76,2023-03-13 19:18:59,2024-04-23 19:18:59,2023-09-05 19:18:59,2023-09-05 19:18:59,
77,1,77,2023-01-27 19:18:59,2024-05-16 19:18:59,2023-09-05 19:18:59,2023-09-05 19:18:59,
78,2,78,2023-07-09 19:18:59,2024-05-06 19:18:59,2023-09-05 19:18:59,2023-09-05 19:18:59,
79,3,79,2023-01-31 19:18:59,2024-08-21 19:18:59,2023-09-05 19:18:59,2023-09-05 19:18:59,
80,1,80,2022-09-29 19:18:59,2023-11-13 19:18:59,2023-09-05 19:18:59,2023-09-05 19:18:59,
81,1,81,2023-03-03 19:18:59,2023-10-15 19:18:59,2023-09-05 19:18:59,2023-09-05 19:18:59,
82,2,82,2022-12-08 19:18:59,2023-11-07 19:18:59,2023-09-05 19:18:59,2023-09-05 19:18:59,
83,2,83,2023-06-29 19:18:59,2024-04-11 19:18:59,2023-09-05 19:18:59,2023-09-05 19:18:59,
84,1,84,2023-02-15 19:18:59,2024-06-06 19:18:59,2023-09-05 19:18:59,2023-09-05 19:18:59,
85,2,85,2023-02-22 19:18:59,2023-10-11 19:18:59,2023-09-05 19:18:59,2023-09-05 19:18:59,
86,3,86,2022-10-22 19:18:59,2024-01-24 19:18:59,2023-09-05 19:18:59,2023-09-05 19:18:59,
87,2,87,2023-09-03 19:18:59,2024-05-14 19:18:59,2023-09-05 19:18:59,2023-09-05 19:18:59,
88,3,88,2023-02-15 19:18:59,2024-02-19 19:18:59,2023-09-05 19:18:59,2023-09-05 19:18:59,
89,2,89,2023-08-23 19:18:59,2024-01-20 19:18:59,2023-09-05 19:18:59,2023-09-05 19:18:59,
90,2,90,2023-03-30 19:18:59,2024-04-30 19:18:59,2023-09-05 19:18:59,2023-09-05 19:18:59,
91,1,91,2023-04-18 19:18:59,2024-02-12 19:18:59,2023-09-05 19:18:59,2023-09-05 19:18:59,
92,1,92,2022-12-25 19:18:59,2024-01-28 19:18:59,2023-09-05 19:18:59,2023-09-05 19:18:59,
93,2,93,2023-06-05 19:18:59,2024-07-26 19:18:59,2023-09-05 19:18:59,2023-09-05 19:18:59,
94,2,94,2022-09-17 19:18:59,2024-07-13 19:18:59,2023-09-05 19:18:59,2023-09-05 19:18:59,
95,2,95,2023-06-03 19:18:59,2024-06-21 19:18:59,2023-09-05 19:18:59,2023-09-05 19:18:59,
96,1,96,2023-06-25 19:18:59,2024-08-31 19:18:59,2023-09-05 19:18:59,2023-09-05 19:18:59,
97,3,97,2023-05-19 19:18:59,2024-05-04 19:18:59,2023-09-05 19:18:59,2023-09-05 19:18:59,
98,1,98,2022-11-02 19:18:59,2024-01-21 19:18:59,2023-09-05 19:18:59,2023-09-05 19:18:59,
99,1,99,2023-03-05 19:18:59,2024-07-04 19:18:59,2023-09-05 19:18:59,2023-09-05 19:18:59,
100,3,100,2023-02-12 19:18:59,2024-07-12 19:18:59,2023-09-05 19:18:59,2023-09-05 19:18:59,
101,1,101,2023-04-20 19:18:59,2024-02-28 19:18:59,2023-09-05 19:18:59,2023-09-05 19:18:59,
102,2,102,2022-09-28 19:18:59,2024-01-11 19:18:59,2023-09-05 19:18:59,2023-09-05 19:18:59,
103,3,103,2023-07-13 19:18:59,2024-06-09 19:18:59,2023-09-05 19:18:59,2023-09-05 19:18:59,
104,1,104,2023-04-16 19:18:59,2024-03-29 19:18:59,2023-09-05 19:18:59,2023-09-05 19:18:59,
105,2,105,2023-04-13 19:18:59,2024-06-17 19:18:59,2023-09-05 19:18:59,2023-09-05 19:18:59,
106,2,106,2023-05-23 19:18:59,2023-10-16 19:18:59,2023-09-05 19:18:59,2023-09-05 19:18:59,
107,2,107,2023-07-06 19:18:59,2024-06-15 19:18:59,2023-09-05 19:18:59,2023-09-05 19:18:59,
108,1,108,2022-09-13 19:18:59,2024-02-19 19:18:59,2023-09-05 19:18:59,2023-09-05 19:18:59,
109,3,109,2023-06-03 19:18:59,2023-12-11 19:18:59,2023-09-05 19:18:59,2023-09-05 19:18:59,
110,2,110,2022-12-12 19:18:59,2024-04-02 19:18:59,2023-09-05 19:18:59,2023-09-05 19:18:59,
111,1,111,2023-05-20 19:18:59,2023-12-26 19:18:59,2023-09-05 19:18:59,2023-09-05 19:18:59,
112,2,112,2022-12-19 19:18:59,2023-12-10 19:18:59,2023-09-05 19:18:59,2023-09-05 19:18:59,
113,1,113,2022-12-13 19:18:59,2024-06-12 19:18:59,2023-09-05 19:18:59,2023-09-05 19:18:59,
114,3,114,2022-12-12 19:18:59,2024-02-28 19:18:59,2023-09-05 19:18:59,2023-09-05 19:18:59,
115,1,115,2023-06-18 19:18:59,2023-10-23 19:18:59,2023-09-05 19:18:59,2023-09-05 19:18:59,
116,2,116,2023-03-16 19:18:59,2023-11-28 19:18:59,2023-09-05 19:18:59,2023-09-05 19:18:59,
117,3,117,2023-07-20 19:18:59,2024-04-27 19:18:59,2023-09-05 19:18:59,2023-09-05 19:18:59,
118,3,118,2023-07-17 19:18:59,2024-06-04 19:18:59,2023-09-05 19:18:59,2023-09-05 19:18:59,
119,3,119,2023-08-30 19:18:59,2024-06-13 19:18:59,2023-09-05 19:18:59,2023-09-05 19:18:59,
120,2,120,2023-08-15 19:18:59,2024-01-25 19:18:59,2023-09-05 19:18:59,2023-09-05 19:18:59,
121,1,121,2022-11-18 19:18:59,2024-08-29 19:18:59,2023-09-05 19:18:59,2023-09-05 19:18:59,
122,1,122,2023-08-27 19:18:59,2024-08-04 19:18:59,2023-09-05 19:18:59,2023-09-05 19:18:59,
123,3,123,2022-09-24 19:18:59,2024-03-05 19:18:59,2023-09-05 19:18:59,2023-09-05 19:18:59,
124,2,124,2022-10-20 19:18:59,2024-05-23 19:18:59,2023-09-05 19:18:59,2023-09-05 19:18:59,
125,1,125,2023-02-25 19:18:59,2024-05-03 19:18:59,2023-09-05 19:18:59,2023-09-05 19:18:59,
126,3,126,2023-01-04 19:18:59,2024-08-21 19:18:59,2023-09-05 19:18:59,2023-09-05 19:18:59,
127,1,127,2023-04-10 19:18:59,2023-10-14 19:18:59,2023-09-05 19:18:59,2023-09-05 19:18:59,
128,3,128,2023-08-03 19:18:59,2024-02-22 19:18:59,2023-09-05 19:18:59,2023-09-05 19:18:59,
129,1,129,2023-03-03 19:18:59,2024-02-25 19:18:59,2023-09-05 19:18:59,2023-09-05 19:18:59,
130,2,130,2023-07-25 19:18:59,2024-08-14 19:18:59,2023-09-05 19:18:59,2023-09-05 19:18:59,
131,1,131,2023-07-30 19:18:59,2024-07-11 19:18:59,2023-09-05 19:18:59,2023-09-05 19:18:59,
132,1,132,2023-04-02 19:18:59,2023-10-07 19:18:59,2023-09-05 19:18:59,2023-09-05 19:18:59,
133,2,133,2022-11-08 19:18:59,2024-07-06 19:18:59,2023-09-05 19:18:59,2023-09-05 19:18:59,
134,3,134,2023-02-21 19:18:59,2024-02-07 19:18:59,2023-09-05 19:18:59,2023-09-05 19:18:59,
135,2,135,2023-04-25 19:18:59,2024-07-13 19:18:59,2023-09-05 19:18:59,2023-09-05 19:18:59,
136,3,136,2023-03-30 19:18:59,2024-03-20 19:18:59,2023-09-05 19:18:59,2023-09-05 19:18:59,
137,2,137,2023-01-02 19:18:59,2023-12-15 19:18:59,2023-09-05 19:18:59,2023-09-05 19:18:59,
138,3,138,2022-09-16 19:18:59,2024-01-09 19:18:59,2023-09-05 19:18:59,2023-09-05 19:18:59,
139,3,139,2023-08-28 19:18:59,2024-07-09 19:18:59,2023-09-05 19:18:59,2023-09-05 19:18:59,
140,3,140,2023-04-01 19:18:59,2024-07-31 19:18:59,2023-09-05 19:18:59,2023-09-05 19:18:59,
141,1,141,2023-02-16 19:18:59,2023-10-28 19:18:59,2023-09-05 19:18:59,2023-09-05 19:18:59,
142,2,142,2022-10-26 19:18:59,2024-02-09 19:18:59,2023-09-05 19:18:59,2023-09-05 19:18:59,
143,1,143,2023-02-07 19:18:59,2024-06-04 19:18:59,2023-09-05 19:18:59,2023-09-05 19:18:59,
144,1,144,2023-07-10 19:18:59,2024-07-18 19:18:59,2023-09-05 19:18:59,2023-09-05 19:18:59,
145,3,145,2023-02-12 19:18:59,2024-01-11 19:18:59,2023-09-05 19:18:59,2023-09-05 19:18:59,
146,1,146,2023-01-15 19:18:59,2023-12-28 19:18:59,2023-09-05 19:18:59,2023-09-05 19:18:59,
147,2,147,2022-10-11 19:18:59,2024-07-11 19:18:59,2023-09-05 19:18:59,2023-09-05 19:18:59,
148,2,148,2023-01-09 19:18:59,2024-05-08 19:18:59,2023-09-05 19:18:59,2023-09-05 19:18:59,
149,1,149,2022-11-24 19:18:59,2024-08-09 19:18:59,2023-09-05 19:18:59,2023-09-05 19:18:59,
150,2,150,2022-10-18 19:18:59,2024-05-31 19:18:59,2023-09-05 19:18:59,2023-09-05 19:18:59,
151,2,151,2023-06-30 19:18:59,2024-01-16 19:18:59,2023-09-05 19:18:59,2023-09-05 19:18:59,
152,1,152,2023-02-01 19:18:59,2024-07-15 19:18:59,2023-09-05 19:18:59,2023-09-05 19:18:59,
153,2,153,2023-05-19 19:18:59,2023-11-22 19:18:59,2023-09-05 19:18:59,2023-09-05 19:18:59,
154,2,154,2022-11-25 19:18:59,2024-07-16 19:18:59,2023-09-05 19:18:59,2023-09-05 19:18:59,
155,1,155,2023-05-21 19:18:59,2024-01-18 19:18:59,2023-09-05 19:18:59,2023-09-05 19:18:59,
156,3,156,2022-10-07 19:18:59,2023-11-28 19:18:59,2023-09-05 19:18:59,2023-09-05 19:18:59,
157,1,157,2023-06-17 19:18:59,2023-11-01 19:18:59,2023-09-05 19:18:59,2023-09-05 19:18:59,
158,2,158,2023-02-24 19:18:59,2024-05-14 19:18:59,2023-09-05 19:18:59,2023-09-05 19:18:59,
159,3,159,2023-07-09 19:18:59,2024-05-13 19:18:59,2023-09-05 19:18:59,2023-09-05 19:18:59,
160,1,160,2023-08-04 19:18:59,2024-04-05 19:18:59,2023-09-05 19:18:59,2023-09-05 19:18:59,
161,1,161,2023-04-02 19:18:59,2024-05-29 19:18:59,2023-09-05 19:18:59,2023-09-05 19:18:59,
162,3,162,2023-08-07 19:18:59,2024-06-01 19:18:59,2023-09-05 19:18:59,2023-09-05 19:18:59,
163,1,163,2023-03-17 19:18:59,2023-12-12 19:18:59,2023-09-05 19:18:59,2023-09-05 19:18:59,
164,3,164,2022-10-29 19:18:59,2023-12-16 19:18:59,2023-09-05 19:18:59,2023-09-05 19:18:59,
165,2,165,2023-02-12 19:18:59,2024-06-30 19:18:59,2023-09-05 19:18:59,2023-09-05 19:18:59,
166,1,166,2023-07-31 19:18:59,2024-05-21 19:18:59,2023-09-05 19:18:59,2023-09-05 19:18:59,
167,1,167,2022-11-10 19:18:59,2023-12-01 19:18:59,2023-09-05 19:18:59,2023-09-05 19:18:59,
168,2,168,2022-09-15 19:18:59,2024-05-16 19:18:59,2023-09-05 19:18:59,2023-09-05 19:18:59,
169,3,169,2023-08-15 19:18:59,2023-10-29 19:18:59,2023-09-05 19:18:59,2023-09-05 19:18:59,
170,2,170,2022-12-11 19:18:59,2024-05-06 19:18:59,2023-09-05 19:18:59,2023-09-05 19:18:59,
171,1,171,2022-09-20 19:18:59,2024-08-27 19:18:59,2023-09-05 19:18:59,2023-09-05 19:18:59,
172,2,172,2023-06-01 19:18:59,2024-05-17 19:18:59,2023-09-05 19:18:59,2023-09-05 19:18:59,
173,3,173,2023-01-24 19:18:59,2024-03-31 19:18:59,2023-09-05 19:18:59,2023-09-05 19:18:59,
174,3,174,2023-05-04 19:18:59,2024-02-06 19:18:59,2023-09-05 19:18:59,2023-09-05 19:18:59,
175,2,175,2023-05-20 19:18:59,2024-05-29 19:18:59,2023-09-05 19:18:59,2023-09-05 19:18:59,
176,1,176,2023-03-13 19:18:59,2024-02-03 19:18:59,2023-09-05 19:18:59,2023-09-05 19:18:59,
177,2,177,2023-05-20 19:18:59,2024-04-27 19:18:59,2023-09-05 19:18:59,2023-09-05 19:18:59,
178,1,178,2023-04-13 19:18:59,2024-07-14 19:18:59,2023-09-05 19:18:59,2023-09-05 19:18:59,
179,2,179,2022-09-11 19:18:59,2024-04-25 19:18:59,2023-09-05 19:18:59,2023-09-05 19:18:59,
180,2,180,2022-11-13 19:18:59,2024-02-14 19:18:59,2023-09-05 19:18:59,2023-09-05 19:18:59,
181,3,181,2023-05-30 19:18:59,2024-01-01 19:18:59,2023-09-05 19:18:59,2023-09-05 19:18:59,
182,1,182,2023-04-08 19:18:59,2024-07-06 19:18:59,2023-09-05 19:18:59,2023-09-05 19:18:59,
183,1,183,2022-09-11 19:18:59,2024-05-14 19:18:59,2023-09-05 19:18:59,2023-09-05 19:18:59,
184,2,184,2023-05-01 19:18:59,2024-01-05 19:18:59,2023-09-05 19:18:59,2023-09-05 19:18:59,
185,1,185,2022-10-27 19:18:59,2024-03-15 19:18:59,2023-09-05 19:18:59,2023-09-05 19:18:59,
186,3,186,2023-04-16 19:18:59,2023-12-21 19:18:59,2023-09-05 19:18:59,2023-09-05 19:18:59,
187,3,187,2023-09-02 19:18:59,2023-12-03 19:18:59,2023-09-05 19:18:59,2023-09-05 19:18:59,
188,2,188,2023-08-12 19:18:59,2024-07-28 19:18:59,2023-09-05 19:18:59,2023-09-05 19:18:59,
189,2,189,2022-12-22 19:18:59,2023-11-08 19:18:59,2023-09-05 19:18:59,2023-09-05 19:18:59,
190,2,190,2023-02-02 19:18:59,2024-03-15 19:18:59,2023-09-05 19:18:59,2023-09-05 19:18:59,
191,2,191,2022-10-17 19:18:59,2024-03-27 19:18:59,2023-09-05 19:18:59,2023-09-05 19:18:59,
192,3,192,2023-02-07 19:18:59,2024-06-18 19:18:59,2023-09-05 19:18:59,2023-09-05 19:18:59,
193,3,193,2022-10-16 19:18:59,2023-12-11 19:18:59,2023-09-05 19:18:59,2023-09-05 19:18:59,
194,2,194,2023-05-28 19:18:59,2024-06-09 19:18:59,2023-09-05 19:18:59,2023-09-05 19:18:59,
195,2,195,2023-04-22 19:18:59,2024-06-24 19:18:59,2023-09-05 19:18:59,2023-09-05 19:18:59,
196,3,196,2023-05-18 19:18:59,2024-05-28 19:18:59,2023-09-05 19:18:59,2023-09-05 19:18:59,
197,1,197,2023-01-31 19:18:59,2024-05-13 19:18:59,2023-09-05 19:18:59,2023-09-05 19:18:59,
198,3,198,2023-03-30 19:18:59,2024-01-18 19:18:59,2023-09-05 19:18:59,2023-09-05 19:18:59,
199,3,199,2023-06-25 19:18:59,2024-03-10 19:18:59,2023-09-05 19:18:59,2023-09-05 19:18:59,
200,3,200,2023-01-30 19:18:59,2023-11-26 19:18:59,2023-09-05 19:18:59,2023-09-05 19:18:59,
201,2,201,2022-10-30 19:18:59,2023-10-17 19:18:59,2023-09-05 19:18:59,2023-09-05 19:18:59,
202,3,202,2023-07-15 19:18:59,2024-05-29 19:18:59,2023-09-05 19:18:59,2023-09-05 19:18:59,
203,3,203,2022-12-21 19:18:59,2023-11-18 19:18:59,2023-09-05 19:18:59,2023-09-05 19:18:59,
204,2,204,2023-03-22 19:18:59,2024-08-17 19:18:59,2023-09-05 19:18:59,2023-09-05 19:18:59,
205,1,205,2023-04-07 19:18:59,2024-01-16 19:18:59,2023-09-05 19:18:59,2023-09-05 19:18:59,
206,2,206,2023-02-02 19:18:59,2023-10-27 19:18:59,2023-09-05 19:18:59,2023-09-05 19:18:59,
207,1,207,2023-03-06 19:18:59,2024-02-29 19:18:59,2023-09-05 19:18:59,2023-09-05 19:18:59,
208,3,208,2023-07-04 19:18:59,2024-04-17 19:18:59,2023-09-05 19:18:59,2023-09-05 19:18:59,
209,3,209,2023-08-11 19:18:59,2023-11-20 19:18:59,2023-09-05 19:18:59,2023-09-05 19:18:59,
210,3,210,2023-05-31 19:18:59,2024-03-06 19:18:59,2023-09-05 19:18:59,2023-09-05 19:18:59,
211,1,211,2022-12-13 19:18:59,2024-08-07 19:18:59,2023-09-05 19:18:59,2023-09-05 19:18:59,
212,1,212,2022-10-01 19:18:59,2024-06-25 19:18:59,2023-09-05 19:18:59,2023-09-05 19:18:59,
213,1,213,2023-05-19 19:18:59,2024-08-28 19:18:59,2023-09-05 19:18:59,2023-09-05 19:18:59,
214,3,214,2022-11-05 19:18:59,2024-02-16 19:18:59,2023-09-05 19:18:59,2023-09-05 19:18:59,
215,1,215,2022-11-30 19:18:59,2023-11-20 19:18:59,2023-09-05 19:18:59,2023-09-05 19:18:59,
216,3,216,2023-05-23 19:18:59,2023-11-19 19:18:59,2023-09-05 19:18:59,2023-09-05 19:18:59,
217,1,217,2022-10-28 19:18:59,2023-12-27 19:18:59,2023-09-05 19:18:59,2023-09-05 19:18:59,
218,2,218,2023-06-25 19:18:59,2024-02-03 19:18:59,2023-09-05 19:18:59,2023-09-05 19:18:59,
219,1,219,2023-06-20 19:18:59,2024-02-22 19:18:59,2023-09-05 19:18:59,2023-09-05 19:18:59,
220,3,220,2023-04-11 19:18:59,2024-02-15 19:18:59,2023-09-05 19:18:59,2023-09-05 19:18:59,
221,1,221,2023-04-18 19:18:59,2024-08-23 19:18:59,2023-09-05 19:18:59,2023-09-05 19:18:59,
222,3,222,2023-03-26 19:18:59,2024-01-27 19:18:59,2023-09-05 19:18:59,2023-09-05 19:18:59,
223,1,223,2023-02-17 19:18:59,2024-06-03 19:18:59,2023-09-05 19:18:59,2023-09-05 19:18:59,
224,1,224,2023-01-05 19:18:59,2024-09-03 19:18:59,2023-09-05 19:18:59,2023-09-05 19:18:59,
225,1,225,2023-01-04 19:18:59,2023-12-05 19:18:59,2023-09-05 19:18:59,2023-09-05 19:18:59,
226,3,226,2023-02-26 19:18:59,2024-08-16 19:18:59,2023-09-05 19:18:59,2023-09-05 19:18:59,
227,3,227,2022-11-18 19:18:59,2023-10-28 19:18:59,2023-09-05 19:18:59,2023-09-05 19:18:59,
228,2,228,2023-04-17 19:18:59,2024-05-29 19:18:59,2023-09-05 19:18:59,2023-09-05 19:18:59,
229,3,229,2023-04-30 19:18:59,2024-03-07 19:18:59,2023-09-05 19:18:59,2023-09-05 19:18:59,
230,1,230,2023-03-15 19:18:59,2024-07-28 19:18:59,2023-09-05 19:18:59,2023-09-05 19:18:59,
231,1,231,2023-04-13 19:18:59,2024-05-11 19:18:59,2023-09-05 19:18:59,2023-09-05 19:18:59,
232,1,232,2023-02-25 19:18:59,2023-12-31 19:18:59,2023-09-05 19:18:59,2023-09-05 19:18:59,
233,1,233,2023-04-19 19:18:59,2023-10-18 19:18:59,2023-09-05 19:18:59,2023-09-05 19:18:59,
234,2,234,2022-09-25 19:18:59,2024-06-22 19:18:59,2023-09-05 19:18:59,2023-09-05 19:18:59,
235,2,235,2022-12-04 19:18:59,2024-01-07 19:18:59,2023-09-05 19:18:59,2023-09-05 19:18:59,
236,3,236,2023-09-04 19:18:59,2024-02-13 19:18:59,2023-09-05 19:18:59,2023-09-05 19:18:59,
237,3,237,2023-06-20 19:18:59,2024-03-23 19:18:59,2023-09-05 19:18:59,2023-09-05 19:18:59,
238,1,238,2023-06-27 19:18:59,2024-08-16 19:18:59,2023-09-05 19:18:59,2023-09-05 19:18:59,
239,3,239,2023-07-14 19:18:59,2023-10-09 19:18:59,2023-09-05 19:18:59,2023-09-05 19:18:59,
240,1,240,2023-08-26 19:18:59,2023-12-30 19:18:59,2023-09-05 19:18:59,2023-09-05 19:18:59,
241,1,241,2022-11-10 19:18:59,2024-01-27 19:18:59,2023-09-05 19:18:59,2023-09-05 19:18:59,
242,1,242,2022-09-27 19:18:59,2023-12-20 19:18:59,2023-09-05 19:18:59,2023-09-05 19:18:59,
243,1,243,2023-08-18 19:18:59,2023-12-13 19:18:59,2023-09-05 19:18:59,2023-09-05 19:18:59,
244,2,244,2022-12-07 19:18:59,2024-01-28 19:18:59,2023-09-05 19:18:59,2023-09-05 19:18:59,
245,1,245,2022-10-26 19:18:59,2024-08-02 19:18:59,2023-09-05 19:18:59,2023-09-05 19:18:59,
246,3,246,2023-02-05 19:18:59,2024-03-07 19:18:59,2023-09-05 19:18:59,2023-09-05 19:18:59,
247,2,247,2022-10-25 19:18:59,2024-04-14 19:18:59,2023-09-05 19:18:59,2023-09-05 19:18:59,
248,1,248,2022-11-19 19:18:59,2024-04-01 19:18:59,2023-09-05 19:18:59,2023-09-05 19:18:59,
249,2,249,2023-06-14 19:18:59,2024-01-25 19:18:59,2023-09-05 19:18:59,2023-09-05 19:18:59,
250,2,250,2022-11-07 19:18:59,2024-07-27 19:18:59,2023-09-05 19:18:59,2023-09-05 19:18:59,
251,3,251,2023-05-10 19:18:59,2023-12-10 19:18:59,2023-09-05 19:18:59,2023-09-05 19:18:59,
252,3,252,2022-11-05 19:18:59,2024-03-20 19:18:59,2023-09-05 19:18:59,2023-09-05 19:18:59,
253,1,253,2022-10-15 19:18:59,2024-06-24 19:18:59,2023-09-05 19:18:59,2023-09-05 19:18:59,
254,3,254,2023-01-06 19:18:59,2023-11-07 19:18:59,2023-09-05 19:18:59,2023-09-05 19:18:59,
255,3,255,2023-03-07 19:18:59,2024-06-26 19:18:59,2023-09-05 19:18:59,2023-09-05 19:18:59,
256,3,256,2022-09-30 19:18:59,2024-02-13 19:18:59,2023-09-05 19:18:59,2023-09-05 19:18:59,
257,2,257,2022-12-07 19:18:59,2024-07-26 19:18:59,2023-09-05 19:18:59,2023-09-05 19:18:59,
258,2,258,2022-10-14 19:18:59,2023-10-12 19:18:59,2023-09-05 19:18:59,2023-09-05 19:18:59,
259,3,259,2022-12-23 19:18:59,2024-05-04 19:18:59,2023-09-05 19:18:59,2023-09-05 19:18:59,
260,1,260,2022-12-22 19:18:59,2024-05-28 19:18:59,2023-09-05 19:18:59,2023-09-05 19:18:59,
261,3,261,2022-09-10 19:18:59,2024-06-03 19:18:59,2023-09-05 19:18:59,2023-09-05 19:18:59,
262,1,262,2022-11-28 19:18:59,2023-10-18 19:18:59,2023-09-05 19:18:59,2023-09-05 19:18:59,
263,1,263,2023-06-16 19:18:59,2023-11-09 19:18:59,2023-09-05 19:18:59,2023-09-05 19:18:59,
264,2,264,2022-10-22 19:18:59,2024-03-08 19:18:59,2023-09-05 19:18:59,2023-09-05 19:18:59,
265,3,265,2023-01-20 19:18:59,2023-12-08 19:18:59,2023-09-05 19:18:59,2023-09-05 19:18:59,
266,2,266,2023-02-16 19:18:59,2024-04-03 19:18:59,2023-09-05 19:18:59,2023-09-05 19:18:59,
267,3,267,2023-08-09 19:18:59,2023-10-22 19:18:59,2023-09-05 19:18:59,2023-09-05 19:18:59,
268,1,268,2023-08-06 19:18:59,2024-04-06 19:18:59,2023-09-05 19:18:59,2023-09-05 19:18:59,
269,1,269,2022-10-16 19:18:59,2024-08-12 19:18:59,2023-09-05 19:18:59,2023-09-05 19:18:59,
270,1,270,2022-09-21 19:18:59,2024-06-06 19:18:59,2023-09-05 19:18:59,2023-09-05 19:18:59,
271,1,271,2023-03-16 19:18:59,2024-04-24 19:18:59,2023-09-05 19:18:59,2023-09-05 19:18:59,
272,2,272,2023-08-19 19:18:59,2024-05-21 19:18:59,2023-09-05 19:18:59,2023-09-05 19:18:59,
273,2,273,2022-12-13 19:18:59,2023-10-27 19:18:59,2023-09-05 19:18:59,2023-09-05 19:18:59,
274,1,274,2023-08-02 19:18:59,2024-01-01 19:18:59,2023-09-05 19:18:59,2023-09-05 19:18:59,
275,3,275,2023-07-18 19:18:59,2023-10-28 19:18:59,2023-09-05 19:18:59,2023-09-05 19:18:59,
276,1,276,2023-04-06 19:18:59,2023-10-15 19:18:59,2023-09-05 19:18:59,2023-09-05 19:18:59,
277,2,277,2023-06-15 19:18:59,2024-01-28 19:18:59,2023-09-05 19:18:59,2023-09-05 19:18:59,
278,1,278,2023-04-21 19:18:59,2023-10-07 19:18:59,2023-09-05 19:18:59,2023-09-05 19:18:59,
279,3,279,2022-10-04 19:18:59,2024-01-02 19:18:59,2023-09-05 19:18:59,2023-09-05 19:18:59,
280,1,280,2023-07-07 19:18:59,2023-10-24 19:18:59,2023-09-05 19:18:59,2023-09-05 19:18:59,
281,1,281,2023-08-13 19:18:59,2024-06-03 19:18:59,2023-09-05 19:18:59,2023-09-05 19:18:59,
282,1,282,2023-05-01 19:18:59,2024-01-17 19:18:59,2023-09-05 19:18:59,2023-09-05 19:18:59,
283,2,283,2023-06-09 19:18:59,2024-02-02 19:18:59,2023-09-05 19:18:59,2023-09-05 19:18:59,
284,1,284,2022-11-19 19:18:59,2023-12-14 19:18:59,2023-09-05 19:18:59,2023-09-05 19:18:59,
285,1,285,2023-02-07 19:18:59,2023-12-12 19:18:59,2023-09-05 19:18:59,2023-09-05 19:18:59,
286,2,286,2022-10-15 19:18:59,2024-01-18 19:18:59,2023-09-05 19:18:59,2023-09-05 19:18:59,
287,3,287,2023-08-10 19:18:59,2024-05-30 19:18:59,2023-09-05 19:18:59,2023-09-05 19:18:59,
288,1,288,2022-12-10 19:18:59,2023-10-10 19:18:59,2023-09-05 19:18:59,2023-09-05 19:18:59,
289,2,289,2023-05-15 19:18:59,2024-07-15 19:18:59,2023-09-05 19:18:59,2023-09-05 19:18:59,
290,3,290,2023-05-11 19:18:59,2024-05-15 19:18:59,2023-09-05 19:18:59,2023-09-05 19:18:59,
291,3,291,2023-07-01 19:18:59,2023-12-19 19:18:59,2023-09-05 19:18:59,2023-09-05 19:18:59,
292,2,292,2023-04-27 19:18:59,2023-10-08 19:18:59,2023-09-05 19:18:59,2023-09-05 19:18:59,
293,1,293,2023-07-08 19:18:59,2023-12-17 19:18:59,2023-09-05 19:18:59,2023-09-05 19:18:59,
294,1,294,2023-08-01 19:18:59,2024-03-02 19:18:59,2023-09-05 19:18:59,2023-09-05 19:18:59,
295,1,295,2023-07-21 19:18:59,2024-06-28 19:18:59,2023-09-05 19:18:59,2023-09-05 19:18:59,
296,2,296,2023-05-23 19:18:59,2023-12-23 19:18:59,2023-09-05 19:18:59,2023-09-05 19:18:59,
297,3,297,2023-06-18 19:18:59,2023-10-19 19:18:59,2023-09-05 19:18:59,2023-09-05 19:18:59,
298,3,298,2023-01-10 19:18:59,2023-10-22 19:18:59,2023-09-05 19:18:59,2023-09-05 19:18:59,
299,2,299,2022-11-13 19:18:59,2023-10-25 19:18:59,2023-09-05 19:18:59,2023-09-05 19:18:59,
300,2,300,2023-04-10 19:18:59,2024-03-01 19:18:59,2023-09-05 19:18:59,2023-09-05 19:18:59,
301,2,301,2023-01-14 19:18:59,2023-12-10 19:18:59,2023-09-05 19:18:59,2023-09-05 19:18:59,
302,2,302,2023-08-26 19:18:59,2023-12-13 19:18:59,2023-09-05 19:18:59,2023-09-05 19:18:59,
303,1,303,2022-11-20 19:18:59,2024-01-01 19:18:59,2023-09-05 19:18:59,2023-09-05 19:18:59,
304,2,304,2023-04-06 19:18:59,2023-12-30 19:18:59,2023-09-05 19:18:59,2023-09-05 19:18:59,
305,2,305,2023-03-06 19:18:59,2023-10-27 19:18:59,2023-09-05 19:18:59,2023-09-05 19:18:59,
306,3,306,2022-11-11 19:18:59,2024-05-10 19:18:59,2023-09-05 19:18:59,2023-09-05 19:18:59,
307,1,307,2022-09-08 19:18:59,2023-12-15 19:18:59,2023-09-05 19:18:59,2023-09-05 19:18:59,
308,3,308,2023-03-22 19:18:59,2024-02-11 19:18:59,2023-09-05 19:18:59,2023-09-05 19:18:59,
309,1,309,2023-02-07 19:18:59,2024-03-10 19:18:59,2023-09-05 19:18:59,2023-09-05 19:18:59,
310,3,310,2023-05-24 19:18:59,2024-02-29 19:18:59,2023-09-05 19:18:59,2023-09-05 19:18:59,
311,3,311,2022-11-09 19:18:59,2024-02-08 19:18:59,2023-09-05 19:18:59,2023-09-05 19:18:59,
312,3,312,2023-06-09 19:18:59,2024-02-01 19:18:59,2023-09-05 19:18:59,2023-09-05 19:18:59,
313,3,313,2022-09-18 19:18:59,2024-03-28 19:18:59,2023-09-05 19:18:59,2023-09-05 19:18:59,
314,3,314,2022-12-31 19:18:59,2023-12-18 19:18:59,2023-09-05 19:18:59,2023-09-05 19:18:59,
315,3,315,2023-07-11 19:18:59,2024-02-10 19:18:59,2023-09-05 19:18:59,2023-09-05 19:18:59,
316,2,316,2022-09-16 19:18:59,2023-12-04 19:18:59,2023-09-05 19:18:59,2023-09-05 19:18:59,
317,2,317,2023-05-11 19:18:59,2024-05-01 19:18:59,2023-09-05 19:18:59,2023-09-05 19:18:59,
318,3,318,2023-08-05 19:18:59,2024-08-09 19:18:59,2023-09-05 19:18:59,2023-09-05 19:18:59,
319,2,319,2023-03-29 19:18:59,2023-11-09 19:18:59,2023-09-05 19:18:59,2023-09-05 19:18:59,
320,1,320,2023-03-12 19:18:59,2024-04-19 19:18:59,2023-09-05 19:18:59,2023-09-05 19:18:59,
321,2,321,2023-06-14 19:18:59,2023-10-12 19:18:59,2023-09-05 19:18:59,2023-09-05 19:18:59,
322,3,322,2022-09-30 19:18:59,2024-07-11 19:18:59,2023-09-05 19:18:59,2023-09-05 19:18:59,
323,2,323,2023-03-18 19:18:59,2023-10-20 19:18:59,2023-09-05 19:18:59,2023-09-05 19:18:59,
324,1,324,2023-07-30 19:18:59,2023-12-01 19:18:59,2023-09-05 19:18:59,2023-09-05 19:18:59,
325,2,325,2022-12-08 19:18:59,2024-05-13 19:18:59,2023-09-05 19:18:59,2023-09-05 19:18:59,
326,1,326,2023-03-02 19:18:59,2023-11-14 19:18:59,2023-09-05 19:18:59,2023-09-05 19:18:59,
327,2,327,2022-10-26 19:18:59,2024-06-20 19:18:59,2023-09-05 19:18:59,2023-09-05 19:18:59,
328,2,328,2023-04-30 19:18:59,2023-12-31 19:18:59,2023-09-05 19:18:59,2023-09-05 19:18:59,
329,3,329,2022-12-12 19:18:59,2024-04-01 19:18:59,2023-09-05 19:18:59,2023-09-05 19:18:59,
330,2,330,2022-12-11 19:18:59,2024-03-13 19:18:59,2023-09-05 19:18:59,2023-09-05 19:18:59,
331,2,331,2023-05-31 19:18:59,2023-10-27 19:18:59,2023-09-05 19:18:59,2023-09-05 19:18:59,
332,2,332,2022-12-08 19:18:59,2024-03-07 19:18:59,2023-09-05 19:18:59,2023-09-05 19:18:59,
333,2,333,2023-05-08 19:18:59,2023-10-14 19:18:59,2023-09-05 19:18:59,2023-09-05 19:18:59,
334,1,334,2023-02-05 19:18:59,2024-02-20 19:18:59,2023-09-05 19:18:59,2023-09-05 19:18:59,
335,2,335,2023-06-21 19:18:59,2024-06-06 19:18:59,2023-09-05 19:18:59,2023-09-05 19:18:59,
336,3,336,2023-08-30 19:18:59,2023-10-13 19:18:59,2023-09-05 19:18:59,2023-09-05 19:18:59,
337,2,337,2023-06-06 19:18:59,2024-03-14 19:18:59,2023-09-05 19:18:59,2023-09-05 19:18:59,
338,1,338,2023-03-21 19:18:59,2023-12-12 19:18:59,2023-09-05 19:18:59,2023-09-05 19:18:59,
339,2,339,2023-01-01 19:18:59,2024-02-07 19:18:59,2023-09-05 19:18:59,2023-09-05 19:18:59,
340,1,340,2023-03-28 19:18:59,2024-06-22 19:18:59,2023-09-05 19:18:59,2023-09-05 19:18:59,
341,1,341,2023-02-11 19:18:59,2024-02-27 19:18:59,2023-09-05 19:18:59,2023-09-05 19:18:59,
342,1,342,2023-06-06 19:18:59,2024-01-10 19:18:59,2023-09-05 19:18:59,2023-09-05 19:18:59,
343,3,343,2023-05-19 19:18:59,2024-07-20 19:18:59,2023-09-05 19:18:59,2023-09-05 19:18:59,
344,2,344,2023-01-28 19:18:59,2024-07-14 19:18:59,2023-09-05 19:18:59,2023-09-05 19:18:59,
345,1,345,2022-12-24 19:18:59,2024-03-29 19:18:59,2023-09-05 19:18:59,2023-09-05 19:18:59,
346,1,346,2023-07-27 19:18:59,2024-07-25 19:18:59,2023-09-05 19:18:59,2023-09-05 19:18:59,
347,1,347,2023-07-05 19:18:59,2023-11-13 19:18:59,2023-09-05 19:18:59,2023-09-05 19:18:59,
348,3,348,2023-01-21 19:18:59,2024-05-13 19:18:59,2023-09-05 19:18:59,2023-09-05 19:18:59,
349,3,349,2023-02-23 19:18:59,2023-11-27 19:18:59,2023-09-05 19:18:59,2023-09-05 19:18:59,
350,1,350,2022-11-14 19:18:59,2023-10-05 19:18:59,2023-09-05 19:18:59,2023-09-05 19:18:59,
351,1,351,2023-02-23 19:18:59,2024-02-02 19:18:59,2023-09-05 19:18:59,2023-09-05 19:18:59,
352,2,352,2023-09-05 19:18:59,2024-07-09 19:18:59,2023-09-05 19:18:59,2023-09-05 19:18:59,
353,3,353,2023-08-14 19:18:59,2024-08-15 19:18:59,2023-09-05 19:18:59,2023-09-05 19:18:59,
354,1,354,2023-02-21 19:18:59,2024-06-13 19:18:59,2023-09-05 19:18:59,2023-09-05 19:18:59,
355,3,355,2022-11-18 19:18:59,2024-07-20 19:18:59,2023-09-05 19:18:59,2023-09-05 19:18:59,
356,1,356,2022-12-06 19:18:59,2023-11-20 19:18:59,2023-09-05 19:18:59,2023-09-05 19:18:59,
357,1,357,2023-07-21 19:18:59,2024-03-01 19:18:59,2023-09-05 19:18:59,2023-09-05 19:18:59,
358,2,358,2023-04-10 19:18:59,2024-08-08 19:18:59,2023-09-05 19:18:59,2023-09-05 19:18:59,
359,1,359,2022-10-27 19:18:59,2023-10-25 19:18:59,2023-09-05 19:18:59,2023-09-05 19:18:59,
360,2,360,2022-10-03 19:18:59,2023-11-15 19:18:59,2023-09-05 19:18:59,2023-09-05 19:18:59,
361,3,361,2023-05-16 19:18:59,2023-11-24 19:18:59,2023-09-05 19:18:59,2023-09-05 19:18:59,
362,3,362,2023-07-30 19:18:59,2024-06-05 19:18:59,2023-09-05 19:18:59,2023-09-05 19:18:59,
363,3,363,2022-10-12 19:18:59,2023-11-09 19:18:59,2023-09-05 19:18:59,2023-09-05 19:18:59,
364,2,364,2023-01-15 19:18:59,2024-08-10 19:18:59,2023-09-05 19:18:59,2023-09-05 19:18:59,
365,3,365,2023-07-11 19:18:59,2024-08-08 19:18:59,2023-09-05 19:18:59,2023-09-05 19:18:59,
366,1,366,2023-07-22 19:18:59,2023-10-30 19:18:59,2023-09-05 19:18:59,2023-09-05 19:18:59,
367,3,367,2022-09-28 19:18:59,2023-11-12 19:18:59,2023-09-05 19:18:59,2023-09-05 19:18:59,
368,2,368,2023-06-29 19:18:59,2023-12-08 19:18:59,2023-09-05 19:18:59,2023-09-05 19:18:59,
369,2,369,2022-10-11 19:18:59,2024-04-12 19:18:59,2023-09-05 19:18:59,2023-09-05 19:18:59,
370,2,370,2023-01-25 19:18:59,2024-02-20 19:18:59,2023-09-05 19:18:59,2023-09-05 19:18:59,
371,1,371,2022-11-19 19:18:59,2024-05-11 19:18:59,2023-09-05 19:18:59,2023-09-05 19:18:59,
372,1,372,2023-05-11 19:18:59,2024-08-08 19:18:59,2023-09-05 19:18:59,2023-09-05 19:18:59,
373,1,373,2023-08-26 19:18:59,2024-06-10 19:18:59,2023-09-05 19:18:59,2023-09-05 19:18:59,
374,3,374,2022-12-16 19:18:59,2023-11-30 19:18:59,2023-09-05 19:18:59,2023-09-05 19:18:59,
375,1,375,2023-01-09 19:18:59,2023-12-02 19:18:59,2023-09-05 19:18:59,2023-09-05 19:18:59,
376,2,376,2023-03-09 19:18:59,2023-12-01 19:18:59,2023-09-05 19:18:59,2023-09-05 19:18:59,
377,2,377,2023-07-14 19:18:59,2024-03-26 19:18:59,2023-09-05 19:18:59,2023-09-05 19:18:59,
378,1,378,2023-05-29 19:18:59,2024-06-24 19:18:59,2023-09-05 19:18:59,2023-09-05 19:18:59,
379,2,379,2023-02-22 19:18:59,2024-05-26 19:18:59,2023-09-05 19:18:59,2023-09-05 19:18:59,
380,1,380,2022-11-14 19:18:59,2023-11-23 19:18:59,2023-09-05 19:18:59,2023-09-05 19:18:59,
381,2,381,2023-01-05 19:18:59,2024-03-21 19:18:59,2023-09-05 19:18:59,2023-09-05 19:18:59,
382,2,382,2022-12-06 19:18:59,2024-09-02 19:18:59,2023-09-05 19:18:59,2023-09-05 19:18:59,
383,1,383,2022-10-12 19:18:59,2024-01-31 19:18:59,2023-09-05 19:18:59,2023-09-05 19:18:59,
384,1,384,2023-01-02 19:18:59,2023-11-12 19:18:59,2023-09-05 19:18:59,2023-09-05 19:18:59,
385,2,385,2023-08-10 19:18:59,2023-10-11 19:18:59,2023-09-05 19:18:59,2023-09-05 19:18:59,
386,2,386,2023-07-22 19:18:59,2024-01-15 19:18:59,2023-09-05 19:18:59,2023-09-05 19:18:59,
387,2,387,2022-09-27 19:18:59,2023-12-09 19:18:59,2023-09-05 19:18:59,2023-09-05 19:18:59,
388,1,388,2023-06-23 19:18:59,2024-02-04 19:18:59,2023-09-05 19:18:59,2023-09-05 19:18:59,
389,2,389,2023-06-09 19:18:59,2024-03-19 19:18:59,2023-09-05 19:18:59,2023-09-05 19:18:59,
390,2,390,2023-07-14 19:18:59,2023-11-07 19:18:59,2023-09-05 19:18:59,2023-09-05 19:18:59,
391,3,391,2022-12-04 19:18:59,2024-08-03 19:18:59,2023-09-05 19:18:59,2023-09-05 19:18:59,
392,1,392,2023-04-21 19:18:59,2024-03-18 19:18:59,2023-09-05 19:18:59,2023-09-05 19:18:59,
393,2,393,2023-03-28 19:18:59,2024-03-16 19:18:59,2023-09-05 19:18:59,2023-09-05 19:18:59,
394,1,394,2023-08-14 19:18:59,2024-02-20 19:18:59,2023-09-05 19:18:59,2023-09-05 19:18:59,
395,3,395,2022-10-11 19:18:59,2024-08-15 19:18:59,2023-09-05 19:18:59,2023-09-05 19:18:59,
396,1,396,2023-03-15 19:18:59,2024-04-06 19:18:59,2023-09-05 19:18:59,2023-09-05 19:18:59,
397,2,397,2023-04-20 19:18:59,2024-06-11 19:18:59,2023-09-05 19:18:59,2023-09-05 19:18:59,
398,2,398,2023-04-30 19:18:59,2024-03-02 19:18:59,2023-09-05 19:18:59,2023-09-05 19:18:59,
399,3,399,2022-09-14 19:18:59,2023-12-27 19:18:59,2023-09-05 19:18:59,2023-09-05 19:18:59,
400,1,400,2023-01-15 19:18:59,2023-10-20 19:18:59,2023-09-05 19:18:59,2023-09-05 19:18:59,
401,2,401,2022-09-10 19:18:59,2024-04-06 19:18:59,2023-09-05 19:18:59,2023-09-05 19:18:59,
402,3,402,2023-03-22 19:18:59,2023-12-20 19:18:59,2023-09-05 19:18:59,2023-09-05 19:18:59,
403,1,403,2022-11-07 19:18:59,2024-06-26 19:18:59,2023-09-05 19:18:59,2023-09-05 19:18:59,
404,1,404,2023-08-22 19:18:59,2023-11-06 19:18:59,2023-09-05 19:18:59,2023-09-05 19:18:59,
405,2,405,2022-12-07 19:18:59,2023-12-13 19:18:59,2023-09-05 19:18:59,2023-09-05 19:18:59,
406,1,406,2023-08-30 19:18:59,2024-08-09 19:18:59,2023-09-05 19:18:59,2023-09-05 19:18:59,
407,2,407,2023-06-07 19:18:59,2024-08-02 19:18:59,2023-09-05 19:18:59,2023-09-05 19:18:59,
408,3,408,2023-07-23 19:18:59,2024-02-11 19:18:59,2023-09-05 19:18:59,2023-09-05 19:18:59,
409,3,409,2023-04-26 19:18:59,2023-11-03 19:18:59,2023-09-05 19:18:59,2023-09-05 19:18:59,
410,3,410,2022-11-14 19:18:59,2023-10-16 19:18:59,2023-09-05 19:18:59,2023-09-05 19:18:59,
411,2,411,2022-10-27 19:18:59,2024-04-25 19:18:59,2023-09-05 19:18:59,2023-09-05 19:18:59,
412,3,412,2022-10-13 19:18:59,2024-04-17 19:18:59,2023-09-05 19:18:59,2023-09-05 19:18:59,
413,3,413,2022-10-29 19:18:59,2024-07-28 19:18:59,2023-09-05 19:18:59,2023-09-05 19:18:59,
414,1,414,2023-08-25 19:18:59,2024-02-14 19:18:59,2023-09-05 19:18:59,2023-09-05 19:18:59,
415,3,415,2023-08-29 19:18:59,2024-06-25 19:18:59,2023-09-05 19:18:59,2023-09-05 19:18:59,
416,2,416,2023-01-21 19:18:59,2023-12-23 19:18:59,2023-09-05 19:18:59,2023-09-05 19:18:59,
417,3,417,2022-09-23 19:18:59,2024-01-04 19:18:59,2023-09-05 19:18:59,2023-09-05 19:18:59,
418,1,418,2022-10-03 19:18:59,2024-07-04 19:18:59,2023-09-05 19:18:59,2023-09-05 19:18:59,
419,3,419,2022-11-29 19:18:59,2024-01-10 19:18:59,2023-09-05 19:18:59,2023-09-05 19:18:59,
420,2,420,2022-10-30 19:18:59,2024-07-03 19:18:59,2023-09-05 19:18:59,2023-09-05 19:18:59,
421,2,421,2023-04-05 19:18:59,2023-12-29 19:18:59,2023-09-05 19:18:59,2023-09-05 19:18:59,
422,2,422,2023-06-29 19:18:59,2024-03-17 19:18:59,2023-09-05 19:18:59,2023-09-05 19:18:59,
423,3,423,2023-08-24 19:18:59,2023-10-17 19:18:59,2023-09-05 19:18:59,2023-09-05 19:18:59,
424,3,424,2023-05-24 19:18:59,2023-10-17 19:18:59,2023-09-05 19:18:59,2023-09-05 19:18:59,
425,3,425,2023-05-09 19:18:59,2023-12-12 19:18:59,2023-09-05 19:18:59,2023-09-05 19:18:59,
426,1,426,2023-08-18 19:18:59,2024-02-19 19:18:59,2023-09-05 19:18:59,2023-09-05 19:18:59,
427,1,427,2023-07-15 19:18:59,2023-11-20 19:18:59,2023-09-05 19:18:59,2023-09-05 19:18:59,
428,1,428,2023-01-16 19:18:59,2023-12-25 19:18:59,2023-09-05 19:18:59,2023-09-05 19:18:59,
429,3,429,2023-03-28 19:18:59,2024-02-06 19:18:59,2023-09-05 19:18:59,2023-09-05 19:18:59,
430,3,430,2023-05-13 19:18:59,2023-12-14 19:18:59,2023-09-05 19:18:59,2023-09-05 19:18:59,
431,3,431,2023-02-15 19:18:59,2023-12-05 19:18:59,2023-09-05 19:18:59,2023-09-05 19:18:59,
432,1,432,2023-08-22 19:18:59,2024-07-26 19:18:59,2023-09-05 19:18:59,2023-09-05 19:18:59,
433,2,433,2023-06-10 19:18:59,2024-03-04 19:18:59,2023-09-05 19:18:59,2023-09-05 19:18:59,
434,3,434,2023-06-28 19:18:59,2023-11-08 19:18:59,2023-09-05 19:18:59,2023-09-05 19:18:59,
435,3,435,2023-08-22 19:18:59,2024-08-27 19:18:59,2023-09-05 19:18:59,2023-09-05 19:18:59,
436,3,436,2023-04-25 19:18:59,2024-03-19 19:18:59,2023-09-05 19:18:59,2023-09-05 19:18:59,
437,1,437,2023-06-22 19:18:59,2024-03-10 19:18:59,2023-09-05 19:18:59,2023-09-05 19:18:59,
438,3,438,2023-02-08 19:18:59,2024-01-29 19:18:59,2023-09-05 19:18:59,2023-09-05 19:18:59,
439,1,439,2022-12-07 19:18:59,2023-10-05 19:18:59,2023-09-05 19:18:59,2023-09-05 19:18:59,
440,2,440,2023-04-27 19:18:59,2024-02-02 19:18:59,2023-09-05 19:18:59,2023-09-05 19:18:59,
441,1,441,2023-08-17 19:18:59,2024-04-06 19:18:59,2023-09-05 19:18:59,2023-09-05 19:18:59,
442,2,442,2023-01-10 19:18:59,2024-02-24 19:18:59,2023-09-05 19:18:59,2023-09-05 19:18:59,
443,1,443,2022-11-27 19:18:59,2024-08-04 19:18:59,2023-09-05 19:18:59,2023-09-05 19:18:59,
444,1,444,2023-04-02 19:18:59,2023-12-18 19:18:59,2023-09-05 19:18:59,2023-09-05 19:18:59,
445,1,445,2023-01-29 19:18:59,2024-03-09 19:18:59,2023-09-05 19:18:59,2023-09-05 19:18:59,
446,2,446,2023-04-16 19:18:59,2023-10-20 19:18:59,2023-09-05 19:18:59,2023-09-05 19:18:59,
447,1,447,2023-02-19 19:18:59,2023-12-12 19:18:59,2023-09-05 19:18:59,2023-09-05 19:18:59,
448,1,448,2023-06-19 19:18:59,2024-03-20 19:18:59,2023-09-05 19:18:59,2023-09-05 19:18:59,
449,3,449,2023-07-07 19:18:59,2024-01-24 19:18:59,2023-09-05 19:18:59,2023-09-05 19:18:59,
450,1,450,2022-11-02 19:18:59,2024-08-05 19:18:59,2023-09-05 19:18:59,2023-09-05 19:18:59,
451,1,451,2022-10-28 19:18:59,2023-11-26 19:18:59,2023-09-05 19:18:59,2023-09-05 19:18:59,
452,1,452,2022-09-13 19:18:59,2023-10-27 19:18:59,2023-09-05 19:18:59,2023-09-05 19:18:59,
453,2,453,2023-07-09 19:18:59,2023-10-17 19:18:59,2023-09-05 19:18:59,2023-09-05 19:18:59,
454,2,454,2022-10-11 19:18:59,2024-04-08 19:18:59,2023-09-05 19:18:59,2023-09-05 19:18:59,
455,1,455,2023-04-13 19:18:59,2024-08-19 19:18:59,2023-09-05 19:18:59,2023-09-05 19:18:59,
456,3,456,2022-10-26 19:18:59,2024-06-21 19:18:59,2023-09-05 19:18:59,2023-09-05 19:18:59,
457,2,457,2022-10-18 19:18:59,2024-07-02 19:18:59,2023-09-05 19:18:59,2023-09-05 19:18:59,
458,3,458,2022-11-01 19:18:59,2024-04-04 19:18:59,2023-09-05 19:18:59,2023-09-05 19:18:59,
459,2,459,2023-06-12 19:18:59,2024-07-24 19:18:59,2023-09-05 19:18:59,2023-09-05 19:18:59,
460,3,460,2022-11-26 19:18:59,2024-08-29 19:18:59,2023-09-05 19:18:59,2023-09-05 19:18:59,
461,3,461,2023-06-14 19:18:59,2023-11-14 19:18:59,2023-09-05 19:18:59,2023-09-05 19:18:59,
462,1,462,2023-02-20 19:18:59,2024-08-24 19:18:59,2023-09-05 19:18:59,2023-09-05 19:18:59,
463,1,463,2023-06-02 19:18:59,2023-12-15 19:18:59,2023-09-05 19:18:59,2023-09-05 19:18:59,
464,2,464,2023-01-13 19:18:59,2024-05-20 19:18:59,2023-09-05 19:18:59,2023-09-05 19:18:59,
465,3,465,2023-08-23 19:18:59,2024-02-07 19:18:59,2023-09-05 19:18:59,2023-09-05 19:18:59,
466,3,466,2023-06-14 19:18:59,2023-11-26 19:18:59,2023-09-05 19:18:59,2023-09-05 19:18:59,
467,2,467,2023-01-02 19:18:59,2024-06-26 19:18:59,2023-09-05 19:18:59,2023-09-05 19:18:59,
468,3,468,2022-09-30 19:18:59,2024-01-05 19:18:59,2023-09-05 19:18:59,2023-09-05 19:18:59,
469,3,469,2023-08-29 19:18:59,2024-09-03 19:18:59,2023-09-05 19:18:59,2023-09-05 19:18:59,
470,1,470,2023-06-09 19:18:59,2024-03-13 19:18:59,2023-09-05 19:18:59,2023-09-05 19:18:59,
471,1,471,2023-07-29 19:18:59,2024-04-15 19:18:59,2023-09-05 19:18:59,2023-09-05 19:18:59,
472,1,472,2023-02-17 19:18:59,2024-02-17 19:18:59,2023-09-05 19:18:59,2023-09-05 19:18:59,
473,3,473,2022-11-13 19:18:59,2024-03-04 19:18:59,2023-09-05 19:18:59,2023-09-05 19:18:59,
474,2,474,2022-12-14 19:18:59,2024-04-02 19:18:59,2023-09-05 19:18:59,2023-09-05 19:18:59,
475,2,475,2022-09-05 19:18:59,2024-07-20 19:18:59,2023-09-05 19:18:59,2023-09-05 19:18:59,
476,2,476,2023-05-23 19:18:59,2024-02-27 19:18:59,2023-09-05 19:18:59,2023-09-05 19:18:59,
477,2,477,2023-09-05 19:18:59,2023-11-29 19:18:59,2023-09-05 19:18:59,2023-09-05 19:18:59,
478,2,478,2023-03-24 19:18:59,2024-03-23 19:18:59,2023-09-05 19:18:59,2023-09-05 19:18:59,
479,3,479,2022-11-15 19:18:59,2024-05-16 19:18:59,2023-09-05 19:18:59,2023-09-05 19:18:59,
480,3,480,2022-09-12 19:18:59,2024-07-18 19:18:59,2023-09-05 19:18:59,2023-09-05 19:18:59,
481,2,481,2022-10-16 19:18:59,2024-03-16 19:18:59,2023-09-05 19:18:59,2023-09-05 19:18:59,
482,1,482,2023-04-07 19:18:59,2024-03-26 19:18:59,2023-09-05 19:18:59,2023-09-05 19:18:59,
483,3,483,2022-12-09 19:18:59,2024-06-19 19:18:59,2023-09-05 19:18:59,2023-09-05 19:18:59,
484,3,484,2022-12-10 19:18:59,2023-11-07 19:18:59,2023-09-05 19:18:59,2023-09-05 19:18:59,
485,2,485,2023-04-07 19:18:59,2023-12-17 19:18:59,2023-09-05 19:18:59,2023-09-05 19:18:59,
486,3,486,2023-08-30 19:18:59,2024-03-06 19:18:59,2023-09-05 19:18:59,2023-09-05 19:18:59,
487,3,487,2023-05-25 19:18:59,2024-02-08 19:18:59,2023-09-05 19:18:59,2023-09-05 19:18:59,
488,2,488,2022-11-26 19:18:59,2023-11-17 19:18:59,2023-09-05 19:18:59,2023-09-05 19:18:59,
489,3,489,2023-05-23 19:18:59,2023-11-18 19:18:59,2023-09-05 19:18:59,2023-09-05 19:18:59,
490,2,490,2023-06-01 19:18:59,2023-12-15 19:18:59,2023-09-05 19:18:59,2023-09-05 19:18:59,
491,3,491,2023-02-03 19:18:59,2023-12-09 19:18:59,2023-09-05 19:18:59,2023-09-05 19:18:59,
492,1,492,2023-07-20 19:18:59,2024-01-03 19:18:59,2023-09-05 19:18:59,2023-09-05 19:18:59,
493,3,493,2023-08-28 19:18:59,2024-06-05 19:18:59,2023-09-05 19:18:59,2023-09-05 19:18:59,
494,2,494,2023-07-09 19:18:59,2024-06-07 19:18:59,2023-09-05 19:18:59,2023-09-05 19:18:59,
495,3,495,2023-03-31 19:18:59,2023-12-28 19:18:59,2023-09-05 19:18:59,2023-09-05 19:18:59,
496,2,496,2023-06-06 19:18:59,2024-05-16 19:18:59,2023-09-05 19:18:59,2023-09-05 19:18:59,
497,2,497,2022-12-24 19:18:59,2024-08-20 19:18:59,2023-09-05 19:18:59,2023-09-05 19:18:59,
498,3,498,2022-12-21 19:18:59,2024-03-25 19:18:59,2023-09-05 19:18:59,2023-09-05 19:18:59,
499,1,499,2023-01-04 19:18:59,2024-08-01 19:18:59,2023-09-05 19:18:59,2023-09-05 19:18:59,
500,1,500,2023-01-30 19:18:59,2024-05-25 19:18:59,2023-09-05 19:18:59,2023-09-05 19:18:59,
501,3,501,2023-02-21 19:18:59,2024-08-17 19:18:59,2023-09-05 19:18:59,2023-09-05 19:18:59,
502,1,502,2023-07-20 19:18:59,2024-07-27 19:18:59,2023-09-05 19:18:59,2023-09-05 19:18:59,
503,2,503,2023-05-13 19:18:59,2024-01-13 19:18:59,2023-09-05 19:18:59,2023-09-05 19:18:59,
504,3,504,2023-08-07 19:18:59,2024-02-16 19:18:59,2023-09-05 19:18:59,2023-09-05 19:18:59,
505,3,505,2022-10-26 19:18:59,2024-04-25 19:18:59,2023-09-05 19:18:59,2023-09-05 19:18:59,
506,3,506,2023-05-09 19:18:59,2024-03-16 19:18:59,2023-09-05 19:18:59,2023-09-05 19:18:59,
507,1,507,2023-08-06 19:18:59,2023-11-17 19:18:59,2023-09-05 19:18:59,2023-09-05 19:18:59,
508,2,508,2023-08-02 19:18:59,2023-12-13 19:18:59,2023-09-05 19:18:59,2023-09-05 19:18:59,
509,3,509,2023-05-10 19:18:59,2023-11-01 19:18:59,2023-09-05 19:18:59,2023-09-05 19:18:59,
510,1,510,2023-07-05 19:18:59,2024-07-10 19:18:59,2023-09-05 19:18:59,2023-09-05 19:18:59,
511,1,511,2023-04-11 19:18:59,2023-12-07 19:18:59,2023-09-05 19:18:59,2023-09-05 19:18:59,
512,2,512,2023-07-09 19:18:59,2024-03-24 19:18:59,2023-09-05 19:18:59,2023-09-05 19:18:59,
513,1,513,2023-04-24 19:18:59,2024-06-13 19:18:59,2023-09-05 19:18:59,2023-09-05 19:18:59,
514,3,514,2022-12-27 19:18:59,2023-11-02 19:18:59,2023-09-05 19:18:59,2023-09-05 19:18:59,
515,2,515,2022-11-13 19:18:59,2024-08-21 19:18:59,2023-09-05 19:18:59,2023-09-05 19:18:59,
516,2,516,2022-11-13 19:18:59,2024-08-25 19:18:59,2023-09-05 19:18:59,2023-09-05 19:18:59,
517,1,517,2022-12-06 19:18:59,2024-07-18 19:18:59,2023-09-05 19:18:59,2023-09-05 19:18:59,
518,3,518,2023-08-18 19:18:59,2024-08-28 19:18:59,2023-09-05 19:18:59,2023-09-05 19:18:59,
519,3,519,2023-07-14 19:18:59,2023-11-09 19:18:59,2023-09-05 19:18:59,2023-09-05 19:18:59,
520,3,520,2023-08-11 19:18:59,2024-01-18 19:18:59,2023-09-05 19:18:59,2023-09-05 19:18:59,
521,1,521,2022-10-04 19:18:59,2023-12-15 19:18:59,2023-09-05 19:18:59,2023-09-05 19:18:59,
522,1,522,2022-10-15 19:18:59,2023-11-13 19:18:59,2023-09-05 19:18:59,2023-09-05 19:18:59,
523,2,523,2023-03-30 19:18:59,2024-04-09 19:18:59,2023-09-05 19:18:59,2023-09-05 19:18:59,
524,3,524,2023-08-24 19:18:59,2024-03-02 19:18:59,2023-09-05 19:18:59,2023-09-05 19:18:59,
525,3,525,2023-07-28 19:18:59,2024-02-21 19:18:59,2023-09-05 19:18:59,2023-09-05 19:18:59,
526,1,526,2022-10-06 19:18:59,2024-07-13 19:18:59,2023-09-05 19:18:59,2023-09-05 19:18:59,
527,2,527,2022-10-09 19:18:59,2024-02-03 19:18:59,2023-09-05 19:18:59,2023-09-05 19:18:59,
528,1,528,2023-06-16 19:18:59,2024-02-01 19:18:59,2023-09-05 19:18:59,2023-09-05 19:18:59,
529,1,529,2023-05-01 19:18:59,2024-08-31 19:18:59,2023-09-05 19:18:59,2023-09-05 19:18:59,
530,2,530,2023-05-29 19:18:59,2024-09-01 19:18:59,2023-09-05 19:18:59,2023-09-05 19:18:59,
531,1,531,2022-12-06 19:18:59,2024-06-09 19:18:59,2023-09-05 19:18:59,2023-09-05 19:18:59,
532,2,532,2023-03-14 19:18:59,2024-02-14 19:18:59,2023-09-05 19:18:59,2023-09-05 19:18:59,
533,2,533,2022-12-03 19:18:59,2024-02-24 19:18:59,2023-09-05 19:18:59,2023-09-05 19:18:59,
534,2,534,2022-12-07 19:18:59,2024-02-06 19:18:59,2023-09-05 19:18:59,2023-09-05 19:18:59,
535,3,535,2023-01-13 19:18:59,2024-06-15 19:18:59,2023-09-05 19:18:59,2023-09-05 19:18:59,
536,2,536,2022-12-18 19:18:59,2024-08-16 19:18:59,2023-09-05 19:18:59,2023-09-05 19:18:59,
537,1,537,2023-07-11 19:18:59,2024-02-24 19:18:59,2023-09-05 19:18:59,2023-09-05 19:18:59,
538,2,538,2023-03-02 19:18:59,2024-09-03 19:18:59,2023-09-05 19:18:59,2023-09-05 19:18:59,
539,2,539,2022-11-28 19:18:59,2024-02-13 19:18:59,2023-09-05 19:18:59,2023-09-05 19:18:59,
540,2,540,2023-08-05 19:18:59,2024-03-01 19:18:59,2023-09-05 19:18:59,2023-09-05 19:18:59,
541,2,541,2023-04-29 19:18:59,2024-08-24 19:18:59,2023-09-05 19:18:59,2023-09-05 19:18:59,
542,1,542,2023-06-17 19:18:59,2024-01-28 19:18:59,2023-09-05 19:18:59,2023-09-05 19:18:59,
543,2,543,2023-03-06 19:18:59,2024-07-03 19:18:59,2023-09-05 19:18:59,2023-09-05 19:18:59,
544,1,544,2023-07-22 19:18:59,2024-05-30 19:18:59,2023-09-05 19:18:59,2023-09-05 19:18:59,
545,1,545,2023-01-29 19:18:59,2024-03-05 19:18:59,2023-09-05 19:18:59,2023-09-05 19:18:59,
546,2,546,2023-06-08 19:18:59,2024-07-07 19:18:59,2023-09-05 19:18:59,2023-09-05 19:18:59,
547,1,547,2023-04-26 19:18:59,2023-12-23 19:18:59,2023-09-05 19:18:59,2023-09-05 19:18:59,
548,2,548,2022-11-12 19:18:59,2023-11-04 19:18:59,2023-09-05 19:18:59,2023-09-05 19:18:59,
549,1,549,2023-01-23 19:18:59,2024-03-13 19:18:59,2023-09-05 19:18:59,2023-09-05 19:18:59,
550,3,550,2023-08-12 19:18:59,2024-05-24 19:18:59,2023-09-05 19:18:59,2023-09-05 19:18:59,
551,1,551,2023-03-01 19:18:59,2024-01-24 19:18:59,2023-09-05 19:18:59,2023-09-05 19:18:59,
552,1,552,2023-03-19 19:18:59,2024-05-03 19:18:59,2023-09-05 19:18:59,2023-09-05 19:18:59,
553,1,553,2022-12-14 19:18:59,2024-08-11 19:18:59,2023-09-05 19:18:59,2023-09-05 19:18:59,
554,1,554,2022-12-30 19:18:59,2024-07-06 19:18:59,2023-09-05 19:18:59,2023-09-05 19:18:59,
555,1,555,2023-02-06 19:18:59,2024-06-09 19:18:59,2023-09-05 19:18:59,2023-09-05 19:18:59,
556,3,556,2023-02-23 19:18:59,2024-05-27 19:18:59,2023-09-05 19:18:59,2023-09-05 19:18:59,
557,1,557,2022-11-19 19:18:59,2024-08-28 19:18:59,2023-09-05 19:18:59,2023-09-05 19:18:59,
558,1,558,2023-06-11 19:18:59,2024-02-29 19:18:59,2023-09-05 19:18:59,2023-09-05 19:18:59,
559,3,559,2022-10-13 19:18:59,2024-06-26 19:18:59,2023-09-05 19:18:59,2023-09-05 19:18:59,
560,1,560,2023-06-11 19:18:59,2024-03-18 19:18:59,2023-09-05 19:18:59,2023-09-05 19:18:59,
561,2,561,2023-08-31 19:18:59,2023-10-17 19:18:59,2023-09-05 19:18:59,2023-09-05 19:18:59,
562,1,562,2023-01-29 19:18:59,2024-06-29 19:18:59,2023-09-05 19:18:59,2023-09-05 19:18:59,
563,1,563,2023-06-02 19:18:59,2024-03-10 19:18:59,2023-09-05 19:18:59,2023-09-05 19:18:59,
564,3,564,2022-11-25 19:18:59,2024-05-18 19:18:59,2023-09-05 19:18:59,2023-09-05 19:18:59,
565,3,565,2022-11-01 19:18:59,2024-04-07 19:18:59,2023-09-05 19:18:59,2023-09-05 19:18:59,
566,1,566,2023-03-22 19:18:59,2024-01-12 19:18:59,2023-09-05 19:18:59,2023-09-05 19:18:59,
567,3,567,2023-01-05 19:18:59,2024-07-16 19:18:59,2023-09-05 19:18:59,2023-09-05 19:18:59,
568,3,568,2023-05-18 19:18:59,2024-06-15 19:18:59,2023-09-05 19:18:59,2023-09-05 19:18:59,
569,1,569,2022-12-12 19:18:59,2024-03-06 19:18:59,2023-09-05 19:18:59,2023-09-05 19:18:59,
570,3,570,2023-03-30 19:18:59,2023-12-20 19:18:59,2023-09-05 19:18:59,2023-09-05 19:18:59,
571,1,571,2023-08-02 19:18:59,2024-07-04 19:18:59,2023-09-05 19:18:59,2023-09-05 19:18:59,
572,1,572,2022-10-02 19:18:59,2024-04-23 19:18:59,2023-09-05 19:18:59,2023-09-05 19:18:59,
573,3,573,2023-07-23 19:18:59,2024-04-20 19:18:59,2023-09-05 19:18:59,2023-09-05 19:18:59,
574,2,574,2023-03-21 19:18:59,2023-10-10 19:18:59,2023-09-05 19:18:59,2023-09-05 19:18:59,
575,2,575,2023-06-08 19:18:59,2024-05-01 19:18:59,2023-09-05 19:18:59,2023-09-05 19:18:59,
576,3,576,2023-02-08 19:18:59,2023-12-29 19:18:59,2023-09-05 19:18:59,2023-09-05 19:18:59,
577,1,577,2023-06-09 19:18:59,2024-07-15 19:18:59,2023-09-05 19:18:59,2023-09-05 19:18:59,
578,1,578,2022-10-11 19:18:59,2023-12-04 19:18:59,2023-09-05 19:18:59,2023-09-05 19:18:59,
579,3,579,2023-09-05 19:18:59,2023-11-19 19:18:59,2023-09-05 19:18:59,2023-09-05 19:18:59,
580,2,580,2023-02-03 19:18:59,2024-08-24 19:18:59,2023-09-05 19:18:59,2023-09-05 19:18:59,
581,1,581,2023-06-21 19:18:59,2024-06-07 19:18:59,2023-09-05 19:18:59,2023-09-05 19:18:59,
582,1,582,2022-10-15 19:18:59,2023-11-29 19:18:59,2023-09-05 19:18:59,2023-09-05 19:18:59,
583,2,583,2023-03-02 19:18:59,2024-05-20 19:18:59,2023-09-05 19:18:59,2023-09-05 19:18:59,
584,2,584,2023-03-08 19:18:59,2024-04-25 19:18:59,2023-09-05 19:18:59,2023-09-05 19:18:59,
585,1,585,2023-03-30 19:18:59,2024-07-11 19:18:59,2023-09-05 19:18:59,2023-09-05 19:18:59,
586,3,586,2023-02-28 19:18:59,2023-11-12 19:18:59,2023-09-05 19:18:59,2023-09-05 19:18:59,
587,1,587,2022-12-18 19:18:59,2024-05-25 19:18:59,2023-09-05 19:18:59,2023-09-05 19:18:59,
588,2,588,2022-10-04 19:18:59,2024-02-15 19:18:59,2023-09-05 19:18:59,2023-09-05 19:18:59,
589,2,589,2023-07-04 19:18:59,2024-08-03 19:18:59,2023-09-05 19:18:59,2023-09-05 19:18:59,
590,2,590,2022-12-05 19:18:59,2024-02-04 19:18:59,2023-09-05 19:18:59,2023-09-05 19:18:59,
591,1,591,2022-11-09 19:18:59,2024-01-15 19:18:59,2023-09-05 19:18:59,2023-09-05 19:18:59,
592,2,592,2023-02-20 19:18:59,2024-02-16 19:18:59,2023-09-05 19:18:59,2023-09-05 19:18:59,
593,3,593,2022-10-21 19:18:59,2023-10-29 19:18:59,2023-09-05 19:18:59,2023-09-05 19:18:59,
594,3,594,2022-12-23 19:18:59,2024-08-29 19:18:59,2023-09-05 19:18:59,2023-09-05 19:18:59,
595,1,595,2023-03-30 19:18:59,2024-05-10 19:18:59,2023-09-05 19:18:59,2023-09-05 19:18:59,
596,1,596,2023-06-01 19:18:59,2024-03-06 19:18:59,2023-09-05 19:18:59,2023-09-05 19:18:59,
597,1,597,2022-11-14 19:18:59,2024-04-16 19:18:59,2023-09-05 19:18:59,2023-09-05 19:18:59,
598,3,598,2022-12-31 19:18:59,2024-08-13 19:18:59,2023-09-05 19:18:59,2023-09-05 19:18:59,
599,3,599,2022-09-06 19:18:59,2024-01-23 19:18:59,2023-09-05 19:18:59,2023-09-05 19:18:59,
600,3,600,2022-10-08 19:18:59,2024-01-31 19:18:59,2023-09-05 19:18:59,2023-09-05 19:18:59,
601,1,601,2023-07-23 19:18:59,2024-02-25 19:18:59,2023-09-05 19:18:59,2023-09-05 19:18:59,
602,3,602,2023-06-08 19:18:59,2024-06-07 19:18:59,2023-09-05 19:18:59,2023-09-05 19:18:59,
603,3,603,2022-10-21 19:18:59,2023-10-11 19:18:59,2023-09-05 19:18:59,2023-09-05 19:18:59,
604,1,604,2023-07-23 19:18:59,2024-01-03 19:18:59,2023-09-05 19:18:59,2023-09-05 19:18:59,
605,1,605,2023-06-01 19:18:59,2024-04-24 19:18:59,2023-09-05 19:18:59,2023-09-05 19:18:59,
606,2,606,2022-10-04 19:18:59,2024-04-23 19:18:59,2023-09-05 19:18:59,2023-09-05 19:18:59,
607,3,607,2022-12-24 19:18:59,2023-11-01 19:18:59,2023-09-05 19:18:59,2023-09-05 19:18:59,
608,3,608,2023-04-21 19:18:59,2024-06-26 19:18:59,2023-09-05 19:18:59,2023-09-05 19:18:59,
609,3,609,2023-07-07 19:18:59,2024-02-14 19:18:59,2023-09-05 19:18:59,2023-09-05 19:18:59,
610,3,610,2023-06-18 19:18:59,2024-06-18 19:18:59,2023-09-05 19:18:59,2023-09-05 19:18:59,
611,1,611,2023-08-31 19:18:59,2024-01-22 19:18:59,2023-09-05 19:18:59,2023-09-05 19:18:59,
612,1,612,2023-03-18 19:18:59,2024-03-21 19:18:59,2023-09-05 19:18:59,2023-09-05 19:18:59,
613,2,613,2023-03-02 19:18:59,2024-01-04 19:18:59,2023-09-05 19:18:59,2023-09-05 19:18:59,
614,2,614,2022-11-08 19:18:59,2023-11-15 19:18:59,2023-09-05 19:18:59,2023-09-05 19:18:59,
615,1,615,2023-04-26 19:18:59,2024-07-16 19:18:59,2023-09-05 19:18:59,2023-09-05 19:18:59,
616,1,616,2023-02-13 19:18:59,2024-07-03 19:18:59,2023-09-05 19:18:59,2023-09-05 19:18:59,
617,2,617,2023-03-30 19:18:59,2024-05-27 19:18:59,2023-09-05 19:18:59,2023-09-05 19:18:59,
618,1,618,2022-12-05 19:18:59,2023-11-08 19:18:59,2023-09-05 19:18:59,2023-09-05 19:18:59,
619,2,619,2023-01-28 19:18:59,2024-07-07 19:18:59,2023-09-05 19:18:59,2023-09-05 19:18:59,
620,2,620,2023-03-19 19:18:59,2024-05-29 19:18:59,2023-09-05 19:18:59,2023-09-05 19:18:59,
621,1,621,2022-12-08 19:18:59,2024-05-21 19:18:59,2023-09-05 19:18:59,2023-09-05 19:18:59,
622,1,622,2023-03-04 19:18:59,2024-03-13 19:18:59,2023-09-05 19:18:59,2023-09-05 19:18:59,
623,3,623,2023-01-17 19:18:59,2024-03-06 19:18:59,2023-09-05 19:18:59,2023-09-05 19:18:59,
624,2,624,2023-02-16 19:18:59,2024-03-07 19:18:59,2023-09-05 19:18:59,2023-09-05 19:18:59,
625,3,625,2023-02-26 19:18:59,2024-08-17 19:18:59,2023-09-05 19:18:59,2023-09-05 19:18:59,
626,3,626,2022-10-30 19:18:59,2024-06-10 19:18:59,2023-09-05 19:18:59,2023-09-05 19:18:59,
627,3,627,2022-10-21 19:18:59,2023-11-05 19:18:59,2023-09-05 19:18:59,2023-09-05 19:18:59,
628,2,628,2023-06-13 19:18:59,2023-11-19 19:18:59,2023-09-05 19:18:59,2023-09-05 19:18:59,
629,1,629,2023-01-23 19:18:59,2024-01-28 19:18:59,2023-09-05 19:18:59,2023-09-05 19:18:59,
630,2,630,2022-12-04 19:18:59,2023-12-24 19:18:59,2023-09-05 19:18:59,2023-09-05 19:18:59,
631,2,631,2023-02-15 19:18:59,2024-05-09 19:18:59,2023-09-05 19:18:59,2023-09-05 19:18:59,
632,3,632,2022-10-11 19:18:59,2024-06-03 19:18:59,2023-09-05 19:18:59,2023-09-05 19:18:59,
633,3,633,2023-07-17 19:18:59,2024-05-05 19:18:59,2023-09-05 19:18:59,2023-09-05 19:18:59,
634,1,634,2023-03-12 19:18:59,2024-02-05 19:18:59,2023-09-05 19:18:59,2023-09-05 19:18:59,
635,3,635,2022-10-13 19:18:59,2023-12-13 19:18:59,2023-09-05 19:18:59,2023-09-05 19:18:59,
636,1,636,2023-02-26 19:18:59,2024-07-01 19:18:59,2023-09-05 19:18:59,2023-09-05 19:18:59,
637,3,637,2023-07-17 19:18:59,2024-08-08 19:18:59,2023-09-05 19:18:59,2023-09-05 19:18:59,
638,1,638,2023-04-25 19:18:59,2024-08-23 19:18:59,2023-09-05 19:18:59,2023-09-05 19:18:59,
639,3,639,2023-04-12 19:18:59,2024-03-25 19:18:59,2023-09-05 19:18:59,2023-09-05 19:18:59,
640,1,640,2022-11-16 19:18:59,2024-06-28 19:18:59,2023-09-05 19:18:59,2023-09-05 19:18:59,
641,2,641,2022-11-07 19:18:59,2024-04-23 19:18:59,2023-09-05 19:18:59,2023-09-05 19:18:59,
642,1,642,2023-07-05 19:18:59,2024-08-17 19:18:59,2023-09-05 19:18:59,2023-09-05 19:18:59,
643,1,643,2022-12-07 19:18:59,2024-03-11 19:18:59,2023-09-05 19:18:59,2023-09-05 19:18:59,
644,2,644,2023-07-22 19:18:59,2023-10-22 19:18:59,2023-09-05 19:18:59,2023-09-05 19:18:59,
645,2,645,2022-11-16 19:18:59,2024-03-05 19:18:59,2023-09-05 19:18:59,2023-09-05 19:18:59,
646,3,646,2022-09-15 19:18:59,2024-08-13 19:18:59,2023-09-05 19:18:59,2023-09-05 19:18:59,
647,3,647,2023-05-04 19:18:59,2024-06-04 19:18:59,2023-09-05 19:18:59,2023-09-05 19:18:59,
648,3,648,2023-06-10 19:18:59,2024-04-05 19:18:59,2023-09-05 19:18:59,2023-09-05 19:18:59,
649,3,649,2023-01-03 19:18:59,2024-06-27 19:18:59,2023-09-05 19:18:59,2023-09-05 19:18:59,
650,1,650,2023-04-12 19:18:59,2023-11-08 19:18:59,2023-09-05 19:18:59,2023-09-05 19:18:59,
651,3,651,2023-07-19 19:18:59,2024-06-17 19:18:59,2023-09-05 19:18:59,2023-09-05 19:18:59,
652,3,652,2022-11-28 19:18:59,2024-04-22 19:18:59,2023-09-05 19:18:59,2023-09-05 19:18:59,
653,3,653,2022-10-04 19:18:59,2024-07-13 19:18:59,2023-09-05 19:18:59,2023-09-05 19:18:59,
654,2,654,2023-07-20 19:18:59,2024-08-11 19:18:59,2023-09-05 19:18:59,2023-09-05 19:18:59,
655,2,655,2023-05-11 19:18:59,2024-01-15 19:18:59,2023-09-05 19:18:59,2023-09-05 19:18:59,
656,1,656,2022-12-21 19:18:59,2024-02-11 19:18:59,2023-09-05 19:18:59,2023-09-05 19:18:59,
657,1,657,2023-01-12 19:18:59,2024-04-13 19:18:59,2023-09-05 19:18:59,2023-09-05 19:18:59,
658,3,658,2023-02-21 19:18:59,2024-08-16 19:18:59,2023-09-05 19:18:59,2023-09-05 19:18:59,
659,3,659,2022-10-19 19:18:59,2024-03-04 19:18:59,2023-09-05 19:18:59,2023-09-05 19:18:59,
660,2,660,2022-10-25 19:18:59,2024-08-03 19:18:59,2023-09-05 19:18:59,2023-09-05 19:18:59,
661,3,661,2023-05-21 19:18:59,2024-02-09 19:18:59,2023-09-05 19:18:59,2023-09-05 19:18:59,
662,1,662,2023-06-14 19:18:59,2024-06-04 19:18:59,2023-09-05 19:18:59,2023-09-05 19:18:59,
663,3,663,2023-08-22 19:18:59,2024-04-29 19:18:59,2023-09-05 19:18:59,2023-09-05 19:18:59,
664,1,664,2023-07-04 19:18:59,2024-01-20 19:18:59,2023-09-05 19:18:59,2023-09-05 19:18:59,
665,2,665,2023-01-12 19:18:59,2023-11-08 19:18:59,2023-09-05 19:18:59,2023-09-05 19:18:59,
666,1,666,2022-09-27 19:18:59,2024-01-28 19:18:59,2023-09-05 19:18:59,2023-09-05 19:18:59,
667,1,667,2022-11-24 19:18:59,2024-01-02 19:18:59,2023-09-05 19:18:59,2023-09-05 19:18:59,
668,1,668,2022-12-16 19:18:59,2024-03-31 19:18:59,2023-09-05 19:18:59,2023-09-05 19:18:59,
669,1,669,2023-04-16 19:18:59,2024-04-17 19:18:59,2023-09-05 19:18:59,2023-09-05 19:18:59,
670,3,670,2022-12-29 19:18:59,2024-02-20 19:18:59,2023-09-05 19:18:59,2023-09-05 19:18:59,
671,1,671,2022-11-28 19:18:59,2024-03-23 19:18:59,2023-09-05 19:18:59,2023-09-05 19:18:59,
672,3,672,2023-06-05 19:18:59,2024-07-01 19:18:59,2023-09-05 19:18:59,2023-09-05 19:18:59,
673,3,673,2023-02-14 19:18:59,2024-04-15 19:18:59,2023-09-05 19:18:59,2023-09-05 19:18:59,
674,2,674,2023-08-04 19:18:59,2023-12-08 19:18:59,2023-09-05 19:18:59,2023-09-05 19:18:59,
675,3,675,2023-04-06 19:18:59,2024-06-25 19:18:59,2023-09-05 19:18:59,2023-09-05 19:18:59,
676,2,676,2022-09-28 19:18:59,2024-03-09 19:18:59,2023-09-05 19:18:59,2023-09-05 19:18:59,
677,2,677,2023-09-05 19:18:59,2024-02-06 19:18:59,2023-09-05 19:18:59,2023-09-05 19:18:59,
678,3,678,2023-05-27 19:18:59,2024-07-19 19:18:59,2023-09-05 19:18:59,2023-09-05 19:18:59,
679,1,679,2023-04-15 19:18:59,2023-11-17 19:18:59,2023-09-05 19:18:59,2023-09-05 19:18:59,
680,1,680,2023-08-16 19:18:59,2023-10-05 19:18:59,2023-09-05 19:18:59,2023-09-05 19:18:59,
681,1,681,2023-01-16 19:18:59,2024-03-21 19:18:59,2023-09-05 19:18:59,2023-09-05 19:18:59,
682,2,682,2022-09-26 19:18:59,2024-02-17 19:18:59,2023-09-05 19:18:59,2023-09-05 19:18:59,
683,1,683,2023-03-06 19:18:59,2024-03-11 19:18:59,2023-09-05 19:18:59,2023-09-05 19:18:59,
684,3,684,2023-08-21 19:18:59,2024-02-15 19:18:59,2023-09-05 19:18:59,2023-09-05 19:18:59,
685,3,685,2023-08-18 19:18:59,2024-06-27 19:18:59,2023-09-05 19:18:59,2023-09-05 19:18:59,
686,3,686,2022-09-10 19:18:59,2024-01-14 19:18:59,2023-09-05 19:18:59,2023-09-05 19:18:59,
687,3,687,2022-11-12 19:18:59,2024-02-27 19:18:59,2023-09-05 19:18:59,2023-09-05 19:18:59,
688,3,688,2023-03-13 19:18:59,2024-06-20 19:18:59,2023-09-05 19:18:59,2023-09-05 19:18:59,
689,3,689,2023-02-24 19:18:59,2024-01-05 19:18:59,2023-09-05 19:18:59,2023-09-05 19:18:59,
690,2,690,2022-12-24 19:18:59,2024-01-23 19:18:59,2023-09-05 19:18:59,2023-09-05 19:18:59,
691,3,691,2023-08-15 19:18:59,2023-10-08 19:18:59,2023-09-05 19:18:59,2023-09-05 19:18:59,
692,2,692,2022-09-13 19:18:59,2023-12-27 19:18:59,2023-09-05 19:18:59,2023-09-05 19:18:59,
693,2,693,2023-02-02 19:18:59,2023-10-16 19:18:59,2023-09-05 19:18:59,2023-09-05 19:18:59,
694,2,694,2023-01-05 19:18:59,2024-01-05 19:18:59,2023-09-05 19:18:59,2023-09-05 19:18:59,
695,1,695,2023-01-13 19:18:59,2024-06-29 19:18:59,2023-09-05 19:18:59,2023-09-05 19:18:59,
696,1,696,2023-07-02 19:18:59,2024-03-05 19:18:59,2023-09-05 19:18:59,2023-09-05 19:18:59,
697,2,697,2023-07-05 19:18:59,2024-01-22 19:18:59,2023-09-05 19:18:59,2023-09-05 19:18:59,
698,3,698,2023-08-29 19:18:59,2024-08-22 19:18:59,2023-09-05 19:18:59,2023-09-05 19:18:59,
699,2,699,2023-01-30 19:18:59,2024-02-18 19:18:59,2023-09-05 19:18:59,2023-09-05 19:18:59,
700,3,700,2023-08-10 19:18:59,2024-03-29 19:18:59,2023-09-05 19:18:59,2023-09-05 19:18:59,
701,2,701,2023-03-10 19:18:59,2023-12-28 19:18:59,2023-09-05 19:18:59,2023-09-05 19:18:59,
702,3,702,2023-05-14 19:18:59,2024-02-09 19:18:59,2023-09-05 19:18:59,2023-09-05 19:18:59,
703,3,703,2023-05-14 19:18:59,2024-07-10 19:18:59,2023-09-05 19:18:59,2023-09-05 19:18:59,
704,2,704,2023-04-22 19:18:59,2024-02-27 19:18:59,2023-09-05 19:18:59,2023-09-05 19:18:59,
705,1,705,2022-09-10 19:18:59,2024-06-15 19:18:59,2023-09-05 19:18:59,2023-09-05 19:18:59,
706,3,706,2023-01-09 19:18:59,2024-05-03 19:18:59,2023-09-05 19:18:59,2023-09-05 19:18:59,
707,3,707,2023-06-27 19:18:59,2024-03-27 19:18:59,2023-09-05 19:18:59,2023-09-05 19:18:59,
708,3,708,2022-12-31 19:18:59,2023-10-10 19:18:59,2023-09-05 19:18:59,2023-09-05 19:18:59,
709,2,709,2022-09-21 19:18:59,2024-04-15 19:18:59,2023-09-05 19:18:59,2023-09-05 19:18:59,
710,3,710,2023-08-19 19:18:59,2023-12-03 19:18:59,2023-09-05 19:18:59,2023-09-05 19:18:59,
711,2,711,2023-04-25 19:18:59,2024-06-07 19:18:59,2023-09-05 19:18:59,2023-09-05 19:18:59,
712,3,712,2023-04-20 19:18:59,2024-01-23 19:18:59,2023-09-05 19:18:59,2023-09-05 19:18:59,
713,3,713,2023-05-06 19:18:59,2024-07-16 19:18:59,2023-09-05 19:18:59,2023-09-05 19:18:59,
714,1,714,2023-03-06 19:18:59,2023-12-21 19:18:59,2023-09-05 19:18:59,2023-09-05 19:18:59,
715,1,715,2023-06-23 19:18:59,2023-10-24 19:18:59,2023-09-05 19:18:59,2023-09-05 19:18:59,
716,3,716,2022-09-24 19:18:59,2024-01-02 19:18:59,2023-09-05 19:18:59,2023-09-05 19:18:59,
717,1,717,2023-09-04 19:18:59,2024-05-09 19:18:59,2023-09-05 19:18:59,2023-09-05 19:18:59,
718,2,718,2023-04-04 19:18:59,2023-11-25 19:18:59,2023-09-05 19:18:59,2023-09-05 19:18:59,
719,1,719,2023-04-28 19:18:59,2024-06-30 19:18:59,2023-09-05 19:18:59,2023-09-05 19:18:59,
720,3,720,2023-02-27 19:18:59,2023-11-06 19:18:59,2023-09-05 19:18:59,2023-09-05 19:18:59,
721,3,721,2023-01-19 19:18:59,2024-04-19 19:18:59,2023-09-05 19:18:59,2023-09-05 19:18:59,
722,1,722,2023-03-31 19:18:59,2024-01-19 19:18:59,2023-09-05 19:18:59,2023-09-05 19:18:59,
723,2,723,2023-08-05 19:18:59,2023-11-20 19:18:59,2023-09-05 19:18:59,2023-09-05 19:18:59,
724,3,724,2023-06-25 19:18:59,2023-10-06 19:18:59,2023-09-05 19:18:59,2023-09-05 19:18:59,
725,3,725,2023-06-12 19:18:59,2024-06-15 19:18:59,2023-09-05 19:18:59,2023-09-05 19:18:59,
726,3,726,2022-12-02 19:18:59,2024-02-18 19:18:59,2023-09-05 19:18:59,2023-09-05 19:18:59,
727,2,727,2022-11-23 19:18:59,2023-11-10 19:18:59,2023-09-05 19:18:59,2023-09-05 19:18:59,
728,3,728,2023-01-30 19:18:59,2023-10-14 19:18:59,2023-09-05 19:18:59,2023-09-05 19:18:59,
729,1,729,2023-06-13 19:18:59,2024-04-16 19:18:59,2023-09-05 19:18:59,2023-09-05 19:18:59,
730,3,730,2023-02-18 19:18:59,2023-12-07 19:18:59,2023-09-05 19:18:59,2023-09-05 19:18:59,
731,1,731,2022-09-23 19:18:59,2023-12-28 19:18:59,2023-09-05 19:18:59,2023-09-05 19:18:59,
732,2,732,2023-07-27 19:18:59,2024-08-27 19:18:59,2023-09-05 19:18:59,2023-09-05 19:18:59,
733,1,733,2023-08-01 19:18:59,2024-05-20 19:18:59,2023-09-05 19:18:59,2023-09-05 19:18:59,
734,3,734,2023-06-11 19:18:59,2024-02-14 19:18:59,2023-09-05 19:18:59,2023-09-05 19:18:59,
735,3,735,2023-09-03 19:18:59,2024-02-29 19:18:59,2023-09-05 19:18:59,2023-09-05 19:18:59,
736,1,736,2022-09-13 19:18:59,2024-05-27 19:18:59,2023-09-05 19:18:59,2023-09-05 19:18:59,
737,2,737,2023-06-16 19:18:59,2024-03-31 19:18:59,2023-09-05 19:18:59,2023-09-05 19:18:59,
738,3,738,2023-04-04 19:18:59,2023-12-05 19:18:59,2023-09-05 19:18:59,2023-09-05 19:18:59,
739,2,739,2023-09-03 19:18:59,2023-12-13 19:18:59,2023-09-05 19:18:59,2023-09-05 19:18:59,
740,3,740,2023-06-17 19:18:59,2024-08-06 19:18:59,2023-09-05 19:18:59,2023-09-05 19:18:59,
741,2,741,2022-10-24 19:18:59,2024-01-11 19:18:59,2023-09-05 19:18:59,2023-09-05 19:18:59,
742,2,742,2023-06-15 19:18:59,2024-03-14 19:18:59,2023-09-05 19:18:59,2023-09-05 19:18:59,
743,1,743,2022-09-21 19:18:59,2023-10-12 19:18:59,2023-09-05 19:18:59,2023-09-05 19:18:59,
744,3,744,2022-09-21 19:18:59,2024-09-01 19:18:59,2023-09-05 19:18:59,2023-09-05 19:18:59,
745,2,745,2023-08-10 19:18:59,2024-06-08 19:18:59,2023-09-05 19:18:59,2023-09-05 19:18:59,
746,1,746,2022-12-22 19:18:59,2024-03-15 19:18:59,2023-09-05 19:18:59,2023-09-05 19:18:59,
747,2,747,2023-07-01 19:18:59,2023-10-05 19:18:59,2023-09-05 19:18:59,2023-09-05 19:18:59,
748,2,748,2023-05-03 19:18:59,2024-06-13 19:18:59,2023-09-05 19:18:59,2023-09-05 19:18:59,
749,3,749,2023-03-06 19:18:59,2024-07-18 19:18:59,2023-09-05 19:18:59,2023-09-05 19:18:59,
750,3,750,2023-05-06 19:18:59,2024-02-14 19:18:59,2023-09-05 19:18:59,2023-09-05 19:18:59,
751,2,751,2023-05-17 19:18:59,2023-12-21 19:18:59,2023-09-05 19:18:59,2023-09-05 19:18:59,
752,2,752,2023-04-17 19:18:59,2024-02-19 19:18:59,2023-09-05 19:18:59,2023-09-05 19:18:59,
753,2,753,2023-03-01 19:18:59,2023-11-04 19:18:59,2023-09-05 19:18:59,2023-09-05 19:18:59,
754,1,754,2022-09-15 19:18:59,2023-11-25 19:18:59,2023-09-05 19:18:59,2023-09-05 19:18:59,
755,3,755,2023-06-05 19:18:59,2024-02-04 19:18:59,2023-09-05 19:18:59,2023-09-05 19:18:59,
756,3,756,2023-07-18 19:18:59,2024-01-10 19:18:59,2023-09-05 19:18:59,2023-09-05 19:18:59,
757,1,757,2023-05-24 19:18:59,2024-04-08 19:18:59,2023-09-05 19:18:59,2023-09-05 19:18:59,
758,1,758,2023-02-07 19:18:59,2023-12-25 19:18:59,2023-09-05 19:18:59,2023-09-05 19:18:59,
759,1,759,2023-08-28 19:18:59,2023-10-09 19:18:59,2023-09-05 19:18:59,2023-09-05 19:18:59,
760,3,760,2023-02-18 19:18:59,2024-08-07 19:18:59,2023-09-05 19:18:59,2023-09-05 19:18:59,
761,2,761,2023-05-02 19:18:59,2024-08-02 19:18:59,2023-09-05 19:18:59,2023-09-05 19:18:59,
762,3,762,2022-12-26 19:18:59,2024-07-11 19:18:59,2023-09-05 19:18:59,2023-09-05 19:18:59,
763,2,763,2023-01-26 19:18:59,2024-01-16 19:18:59,2023-09-05 19:18:59,2023-09-05 19:18:59,
764,2,764,2022-09-26 19:18:59,2023-11-02 19:18:59,2023-09-05 19:18:59,2023-09-05 19:18:59,
765,1,765,2023-06-03 19:18:59,2023-10-29 19:18:59,2023-09-05 19:18:59,2023-09-05 19:18:59,
766,2,766,2022-11-03 19:18:59,2023-12-24 19:18:59,2023-09-05 19:18:59,2023-09-05 19:18:59,
767,2,767,2022-10-11 19:18:59,2024-01-06 19:18:59,2023-09-05 19:18:59,2023-09-05 19:18:59,
768,2,768,2023-03-29 19:18:59,2023-11-17 19:18:59,2023-09-05 19:18:59,2023-09-05 19:18:59,
769,3,769,2023-07-02 19:18:59,2024-02-08 19:18:59,2023-09-05 19:18:59,2023-09-05 19:18:59,
770,2,770,2023-01-27 19:18:59,2024-06-24 19:18:59,2023-09-05 19:18:59,2023-09-05 19:18:59,
771,2,771,2022-12-15 19:18:59,2024-01-03 19:18:59,2023-09-05 19:18:59,2023-09-05 19:18:59,
772,3,772,2022-11-13 19:18:59,2024-07-25 19:18:59,2023-09-05 19:18:59,2023-09-05 19:18:59,
773,1,773,2022-12-01 19:18:59,2024-09-01 19:18:59,2023-09-05 19:18:59,2023-09-05 19:18:59,
774,2,774,2023-01-02 19:18:59,2023-11-30 19:18:59,2023-09-05 19:18:59,2023-09-05 19:18:59,
775,1,775,2022-10-08 19:18:59,2024-07-25 19:18:59,2023-09-05 19:18:59,2023-09-05 19:18:59,
776,3,776,2023-07-01 19:18:59,2024-07-09 19:18:59,2023-09-05 19:18:59,2023-09-05 19:18:59,
777,1,777,2023-03-31 19:18:59,2024-01-05 19:18:59,2023-09-05 19:18:59,2023-09-05 19:18:59,
778,1,778,2023-03-21 19:18:59,2024-03-13 19:18:59,2023-09-05 19:18:59,2023-09-05 19:18:59,
779,1,779,2022-09-26 19:18:59,2024-02-17 19:18:59,2023-09-05 19:18:59,2023-09-05 19:18:59,
780,3,780,2023-03-28 19:18:59,2023-11-06 19:18:59,2023-09-05 19:18:59,2023-09-05 19:18:59,
781,1,781,2023-03-26 19:18:59,2024-04-21 19:18:59,2023-09-05 19:18:59,2023-09-05 19:18:59,
782,1,782,2023-04-22 19:18:59,2024-04-26 19:18:59,2023-09-05 19:18:59,2023-09-05 19:18:59,
783,1,783,2023-08-28 19:18:59,2024-06-04 19:18:59,2023-09-05 19:18:59,2023-09-05 19:18:59,
784,1,784,2022-10-25 19:18:59,2024-05-09 19:18:59,2023-09-05 19:18:59,2023-09-05 19:18:59,
785,2,785,2022-10-19 19:18:59,2023-10-09 19:18:59,2023-09-05 19:18:59,2023-09-05 19:18:59,
786,2,786,2023-07-28 19:18:59,2023-12-07 19:18:59,2023-09-05 19:18:59,2023-09-05 19:18:59,
787,1,787,2023-03-04 19:18:59,2024-01-12 19:18:59,2023-09-05 19:18:59,2023-09-05 19:18:59,
788,1,788,2023-08-15 19:18:59,2023-11-08 19:18:59,2023-09-05 19:18:59,2023-09-05 19:18:59,
789,2,789,2023-06-26 19:18:59,2024-03-30 19:18:59,2023-09-05 19:18:59,2023-09-05 19:18:59,
790,1,790,2023-07-02 19:18:59,2024-01-14 19:18:59,2023-09-05 19:18:59,2023-09-05 19:18:59,
791,2,791,2023-01-13 19:18:59,2024-06-22 19:18:59,2023-09-05 19:18:59,2023-09-05 19:18:59,
792,3,792,2022-11-01 19:18:59,2023-12-13 19:18:59,2023-09-05 19:18:59,2023-09-05 19:18:59,
793,1,793,2022-12-21 19:18:59,2023-10-16 19:18:59,2023-09-05 19:18:59,2023-09-05 19:18:59,
794,2,794,2023-04-01 19:18:59,2023-10-24 19:18:59,2023-09-05 19:18:59,2023-09-05 19:18:59,
795,3,795,2023-03-24 19:18:59,2024-08-29 19:18:59,2023-09-05 19:18:59,2023-09-05 19:18:59,
796,2,796,2022-12-11 19:18:59,2024-01-25 19:18:59,2023-09-05 19:18:59,2023-09-05 19:18:59,
797,2,797,2022-12-04 19:18:59,2023-10-10 19:18:59,2023-09-05 19:18:59,2023-09-05 19:18:59,
798,2,798,2023-01-22 19:18:59,2023-11-05 19:18:59,2023-09-05 19:18:59,2023-09-05 19:18:59,
799,1,799,2023-07-20 19:18:59,2024-06-01 19:18:59,2023-09-05 19:18:59,2023-09-05 19:18:59,
800,1,800,2023-08-21 19:18:59,2024-01-12 19:18:59,2023-09-05 19:18:59,2023-09-05 19:18:59,
801,2,801,2022-10-25 19:18:59,2024-01-21 19:18:59,2023-09-05 19:18:59,2023-09-05 19:18:59,
802,2,802,2023-04-26 19:18:59,2024-08-24 19:18:59,2023-09-05 19:18:59,2023-09-05 19:18:59,
803,2,803,2023-02-28 19:18:59,2023-11-15 19:18:59,2023-09-05 19:18:59,2023-09-05 19:18:59,
804,1,804,2023-07-13 19:18:59,2024-08-04 19:18:59,2023-09-05 19:18:59,2023-09-05 19:18:59,
805,3,805,2023-04-26 19:18:59,2024-06-27 19:18:59,2023-09-05 19:18:59,2023-09-05 19:18:59,
806,2,806,2022-12-31 19:18:59,2024-06-25 19:18:59,2023-09-05 19:18:59,2023-09-05 19:18:59,
807,2,807,2022-12-22 19:18:59,2023-11-01 19:18:59,2023-09-05 19:18:59,2023-09-05 19:18:59,
808,2,808,2023-05-28 19:18:59,2023-12-12 19:18:59,2023-09-05 19:18:59,2023-09-05 19:18:59,
809,3,809,2023-01-13 19:18:59,2024-08-13 19:18:59,2023-09-05 19:18:59,2023-09-05 19:18:59,
810,2,810,2022-11-12 19:18:59,2024-07-19 19:18:59,2023-09-05 19:18:59,2023-09-05 19:18:59,
811,1,811,2023-03-23 19:18:59,2024-08-30 19:18:59,2023-09-05 19:18:59,2023-09-05 19:18:59,
812,3,812,2022-12-14 19:18:59,2024-04-07 19:18:59,2023-09-05 19:18:59,2023-09-05 19:18:59,
813,3,813,2023-01-18 19:18:59,2023-12-20 19:18:59,2023-09-05 19:18:59,2023-09-05 19:18:59,
814,3,814,2023-02-13 19:18:59,2023-10-25 19:18:59,2023-09-05 19:18:59,2023-09-05 19:18:59,
815,2,815,2022-09-17 19:18:59,2024-04-05 19:18:59,2023-09-05 19:18:59,2023-09-05 19:18:59,
816,3,816,2023-03-12 19:18:59,2023-11-21 19:18:59,2023-09-05 19:18:59,2023-09-05 19:18:59,
817,1,817,2023-09-05 19:18:59,2024-04-12 19:18:59,2023-09-05 19:18:59,2023-09-05 19:18:59,
818,1,818,2023-01-16 19:18:59,2024-05-05 19:18:59,2023-09-05 19:18:59,2023-09-05 19:18:59,
819,2,819,2022-10-17 19:18:59,2024-05-22 19:18:59,2023-09-05 19:18:59,2023-09-05 19:18:59,
820,3,820,2023-05-07 19:18:59,2024-03-22 19:18:59,2023-09-05 19:18:59,2023-09-05 19:18:59,
821,1,821,2023-08-16 19:18:59,2024-08-20 19:18:59,2023-09-05 19:18:59,2023-09-05 19:18:59,
822,2,822,2023-03-24 19:18:59,2024-08-10 19:18:59,2023-09-05 19:18:59,2023-09-05 19:18:59,
823,2,823,2023-01-29 19:18:59,2024-06-30 19:18:59,2023-09-05 19:18:59,2023-09-05 19:18:59,
824,3,824,2022-10-13 19:18:59,2023-11-18 19:18:59,2023-09-05 19:18:59,2023-09-05 19:18:59,
825,2,825,2022-12-01 19:18:59,2024-03-06 19:18:59,2023-09-05 19:18:59,2023-09-05 19:18:59,
826,2,826,2022-12-08 19:18:59,2024-04-09 19:18:59,2023-09-05 19:18:59,2023-09-05 19:18:59,
827,3,827,2022-10-15 19:18:59,2023-10-05 19:18:59,2023-09-05 19:18:59,2023-09-05 19:18:59,
828,2,828,2023-03-17 19:18:59,2024-07-09 19:18:59,2023-09-05 19:18:59,2023-09-05 19:18:59,
829,3,829,2023-05-27 19:18:59,2024-01-16 19:18:59,2023-09-05 19:18:59,2023-09-05 19:18:59,
830,2,830,2022-09-30 19:18:59,2024-09-03 19:18:59,2023-09-05 19:18:59,2023-09-05 19:18:59,
831,1,831,2022-11-26 19:18:59,2024-03-18 19:18:59,2023-09-05 19:18:59,2023-09-05 19:18:59,
832,1,832,2023-06-11 19:18:59,2024-07-08 19:18:59,2023-09-05 19:18:59,2023-09-05 19:18:59,
833,2,833,2023-01-11 19:18:59,2024-03-26 19:18:59,2023-09-05 19:18:59,2023-09-05 19:18:59,
834,2,834,2023-08-01 19:18:59,2024-06-13 19:18:59,2023-09-05 19:18:59,2023-09-05 19:18:59,
835,3,835,2023-08-22 19:18:59,2024-03-14 19:18:59,2023-09-05 19:18:59,2023-09-05 19:18:59,
836,3,836,2022-09-13 19:18:59,2024-07-17 19:18:59,2023-09-05 19:18:59,2023-09-05 19:18:59,
837,2,837,2023-03-30 19:18:59,2024-01-17 19:18:59,2023-09-05 19:18:59,2023-09-05 19:18:59,
838,1,838,2022-10-21 19:18:59,2024-02-23 19:18:59,2023-09-05 19:18:59,2023-09-05 19:18:59,
839,1,839,2023-01-26 19:18:59,2023-11-14 19:18:59,2023-09-05 19:18:59,2023-09-05 19:18:59,
840,2,840,2023-04-30 19:18:59,2023-10-10 19:18:59,2023-09-05 19:18:59,2023-09-05 19:18:59,
841,2,841,2022-11-20 19:18:59,2024-03-26 19:18:59,2023-09-05 19:18:59,2023-09-05 19:18:59,
842,3,842,2022-09-23 19:18:59,2023-11-10 19:18:59,2023-09-05 19:18:59,2023-09-05 19:18:59,
843,1,843,2022-12-02 19:18:59,2023-10-12 19:18:59,2023-09-05 19:18:59,2023-09-05 19:18:59,
844,2,844,2023-07-28 19:18:59,2024-01-07 19:18:59,2023-09-05 19:18:59,2023-09-05 19:18:59,
845,2,845,2023-01-11 19:18:59,2024-06-01 19:18:59,2023-09-05 19:18:59,2023-09-05 19:18:59,
846,2,846,2023-08-05 19:18:59,2024-07-20 19:18:59,2023-09-05 19:18:59,2023-09-05 19:18:59,
847,1,847,2023-03-29 19:18:59,2024-03-30 19:18:59,2023-09-05 19:18:59,2023-09-05 19:18:59,
848,1,848,2023-04-01 19:18:59,2024-04-09 19:18:59,2023-09-05 19:18:59,2023-09-05 19:18:59,
849,3,849,2023-05-09 19:18:59,2023-12-10 19:18:59,2023-09-05 19:18:59,2023-09-05 19:18:59,
850,1,850,2023-08-02 19:18:59,2024-03-30 19:18:59,2023-09-05 19:18:59,2023-09-05 19:18:59,
851,3,851,2023-07-05 19:18:59,2024-01-27 19:18:59,2023-09-05 19:18:59,2023-09-05 19:18:59,
852,2,852,2023-02-26 19:18:59,2024-08-03 19:18:59,2023-09-05 19:18:59,2023-09-05 19:18:59,
853,3,853,2023-07-01 19:18:59,2024-01-29 19:18:59,2023-09-05 19:18:59,2023-09-05 19:18:59,
854,1,854,2023-08-15 19:18:59,2024-01-04 19:18:59,2023-09-05 19:18:59,2023-09-05 19:18:59,
855,3,855,2023-05-04 19:18:59,2023-10-10 19:18:59,2023-09-05 19:18:59,2023-09-05 19:18:59,
856,3,856,2022-11-21 19:18:59,2024-07-08 19:18:59,2023-09-05 19:18:59,2023-09-05 19:18:59,
857,1,857,2023-05-05 19:18:59,2024-08-26 19:18:59,2023-09-05 19:18:59,2023-09-05 19:18:59,
858,3,858,2023-01-22 19:18:59,2024-03-12 19:18:59,2023-09-05 19:18:59,2023-09-05 19:18:59,
859,1,859,2022-12-21 19:18:59,2024-05-28 19:18:59,2023-09-05 19:18:59,2023-09-05 19:18:59,
860,2,860,2023-02-17 19:18:59,2024-03-11 19:18:59,2023-09-05 19:18:59,2023-09-05 19:18:59,
861,2,861,2023-01-29 19:18:59,2023-11-20 19:18:59,2023-09-05 19:18:59,2023-09-05 19:18:59,
862,1,862,2023-01-13 19:18:59,2023-10-22 19:18:59,2023-09-05 19:18:59,2023-09-05 19:18:59,
863,3,863,2023-03-06 19:18:59,2024-06-20 19:18:59,2023-09-05 19:18:59,2023-09-05 19:18:59,
864,1,864,2023-03-15 19:18:59,2024-08-07 19:18:59,2023-09-05 19:18:59,2023-09-05 19:18:59,
865,1,865,2022-11-29 19:18:59,2023-11-07 19:18:59,2023-09-05 19:18:59,2023-09-05 19:18:59,
866,1,866,2022-12-19 19:18:59,2024-04-16 19:18:59,2023-09-05 19:18:59,2023-09-05 19:18:59,
867,2,867,2023-02-14 19:18:59,2024-03-24 19:18:59,2023-09-05 19:18:59,2023-09-05 19:18:59,
868,3,868,2023-07-19 19:18:59,2024-08-30 19:18:59,2023-09-05 19:18:59,2023-09-05 19:18:59,
869,2,869,2022-10-15 19:18:59,2023-11-12 19:18:59,2023-09-05 19:18:59,2023-09-05 19:18:59,
870,2,870,2022-12-24 19:18:59,2024-06-28 19:18:59,2023-09-05 19:18:59,2023-09-05 19:18:59,
871,1,871,2023-06-29 19:18:59,2023-11-25 19:18:59,2023-09-05 19:18:59,2023-09-05 19:18:59,
872,1,872,2023-05-23 19:18:59,2023-11-27 19:18:59,2023-09-05 19:18:59,2023-09-05 19:18:59,
873,1,873,2022-11-17 19:18:59,2024-08-14 19:18:59,2023-09-05 19:18:59,2023-09-05 19:18:59,
874,3,874,2023-03-11 19:18:59,2023-11-18 19:18:59,2023-09-05 19:18:59,2023-09-05 19:18:59,
875,3,875,2023-04-25 19:18:59,2024-01-25 19:18:59,2023-09-05 19:18:59,2023-09-05 19:18:59,
876,1,876,2023-08-07 19:18:59,2024-01-21 19:18:59,2023-09-05 19:18:59,2023-09-05 19:18:59,
877,1,877,2023-04-07 19:18:59,2023-12-09 19:18:59,2023-09-05 19:18:59,2023-09-05 19:18:59,
878,2,878,2022-11-10 19:18:59,2024-05-13 19:18:59,2023-09-05 19:18:59,2023-09-05 19:18:59,
879,2,879,2023-04-18 19:18:59,2024-03-02 19:18:59,2023-09-05 19:18:59,2023-09-05 19:18:59,
880,3,880,2023-03-16 19:18:59,2024-08-16 19:18:59,2023-09-05 19:18:59,2023-09-05 19:18:59,
881,3,881,2023-05-09 19:18:59,2023-12-10 19:18:59,2023-09-05 19:18:59,2023-09-05 19:18:59,
882,2,882,2023-01-26 19:18:59,2024-08-27 19:18:59,2023-09-05 19:18:59,2023-09-05 19:18:59,
883,3,883,2022-11-15 19:18:59,2024-07-19 19:18:59,2023-09-05 19:18:59,2023-09-05 19:18:59,
884,1,884,2022-09-15 19:18:59,2023-11-27 19:18:59,2023-09-05 19:18:59,2023-09-05 19:18:59,
885,1,885,2023-01-07 19:18:59,2023-10-15 19:18:59,2023-09-05 19:18:59,2023-09-05 19:18:59,
886,1,886,2022-11-07 19:18:59,2024-02-11 19:18:59,2023-09-05 19:18:59,2023-09-05 19:18:59,
887,2,887,2023-05-10 19:18:59,2024-05-28 19:18:59,2023-09-05 19:18:59,2023-09-05 19:18:59,
888,2,888,2023-03-09 19:18:59,2024-03-22 19:18:59,2023-09-05 19:18:59,2023-09-05 19:18:59,
889,2,889,2023-03-21 19:18:59,2024-08-25 19:18:59,2023-09-05 19:18:59,2023-09-05 19:18:59,
890,1,890,2023-01-10 19:18:59,2024-02-22 19:18:59,2023-09-05 19:18:59,2023-09-05 19:18:59,
891,1,891,2023-01-10 19:18:59,2024-02-04 19:18:59,2023-09-05 19:18:59,2023-09-05 19:18:59,
892,1,892,2023-04-24 19:18:59,2024-02-29 19:18:59,2023-09-05 19:18:59,2023-09-05 19:18:59,
893,1,893,2023-07-09 19:18:59,2024-05-21 19:18:59,2023-09-05 19:18:59,2023-09-05 19:18:59,
894,3,894,2022-11-30 19:18:59,2024-02-03 19:18:59,2023-09-05 19:18:59,2023-09-05 19:18:59,
895,2,895,2022-12-20 19:18:59,2024-01-25 19:18:59,2023-09-05 19:18:59,2023-09-05 19:18:59,
896,3,896,2022-11-16 19:18:59,2023-10-24 19:18:59,2023-09-05 19:18:59,2023-09-05 19:18:59,
897,1,897,2023-04-06 19:18:59,2023-12-07 19:18:59,2023-09-05 19:18:59,2023-09-05 19:18:59,
898,1,898,2022-11-07 19:18:59,2024-05-13 19:18:59,2023-09-05 19:18:59,2023-09-05 19:18:59,
899,3,899,2022-10-21 19:18:59,2024-04-09 19:18:59,2023-09-05 19:18:59,2023-09-05 19:18:59,
900,3,900,2023-02-12 19:18:59,2023-11-13 19:18:59,2023-09-05 19:18:59,2023-09-05 19:18:59,
901,1,901,2023-02-19 19:18:59,2023-12-20 19:18:59,2023-09-05 19:18:59,2023-09-05 19:18:59,
902,2,902,2023-07-05 19:18:59,2024-07-22 19:18:59,2023-09-05 19:18:59,2023-09-05 19:18:59,
903,3,903,2023-04-15 19:18:59,2024-04-16 19:18:59,2023-09-05 19:18:59,2023-09-05 19:18:59,
904,1,904,2022-11-23 19:18:59,2024-08-27 19:18:59,2023-09-05 19:18:59,2023-09-05 19:18:59,
905,1,905,2022-11-07 19:18:59,2024-08-04 19:18:59,2023-09-05 19:18:59,2023-09-05 19:18:59,
906,3,906,2023-08-29 19:18:59,2023-10-06 19:18:59,2023-09-05 19:18:59,2023-09-05 19:18:59,
907,1,907,2023-03-24 19:18:59,2023-10-25 19:18:59,2023-09-05 19:18:59,2023-09-05 19:18:59,
908,1,908,2023-02-12 19:18:59,2024-04-24 19:18:59,2023-09-05 19:18:59,2023-09-05 19:18:59,
909,1,909,2023-02-06 19:18:59,2024-02-18 19:18:59,2023-09-05 19:18:59,2023-09-05 19:18:59,
910,1,910,2023-04-16 19:18:59,2023-11-30 19:18:59,2023-09-05 19:18:59,2023-09-05 19:18:59,
911,2,911,2023-06-25 19:18:59,2024-01-09 19:18:59,2023-09-05 19:18:59,2023-09-05 19:18:59,
912,3,912,2022-10-31 19:18:59,2024-04-19 19:18:59,2023-09-05 19:18:59,2023-09-05 19:18:59,
913,1,913,2023-07-19 19:18:59,2024-07-05 19:18:59,2023-09-05 19:18:59,2023-09-05 19:18:59,
914,1,914,2023-04-14 19:18:59,2024-04-06 19:18:59,2023-09-05 19:18:59,2023-09-05 19:18:59,
915,3,915,2023-06-09 19:18:59,2024-05-17 19:18:59,2023-09-05 19:18:59,2023-09-05 19:18:59,
916,2,916,2023-07-15 19:18:59,2023-10-21 19:18:59,2023-09-05 19:18:59,2023-09-05 19:18:59,
917,3,917,2022-09-17 19:18:59,2024-03-13 19:18:59,2023-09-05 19:18:59,2023-09-05 19:18:59,
918,1,918,2023-07-30 19:18:59,2023-11-16 19:18:59,2023-09-05 19:18:59,2023-09-05 19:18:59,
919,3,919,2022-12-05 19:18:59,2024-04-21 19:18:59,2023-09-05 19:18:59,2023-09-05 19:18:59,
920,1,920,2022-11-09 19:18:59,2024-07-13 19:18:59,2023-09-05 19:18:59,2023-09-05 19:18:59,
921,3,921,2022-09-09 19:18:59,2023-11-24 19:18:59,2023-09-05 19:18:59,2023-09-05 19:18:59,
922,2,922,2023-04-27 19:18:59,2024-05-06 19:18:59,2023-09-05 19:18:59,2023-09-05 19:18:59,
923,3,923,2022-09-06 19:18:59,2024-07-20 19:18:59,2023-09-05 19:18:59,2023-09-05 19:18:59,
924,3,924,2023-04-16 19:18:59,2023-11-16 19:18:59,2023-09-05 19:18:59,2023-09-05 19:18:59,
925,1,925,2023-08-01 19:18:59,2024-05-29 19:18:59,2023-09-05 19:18:59,2023-09-05 19:18:59,
926,2,926,2023-08-22 19:18:59,2024-04-23 19:18:59,2023-09-05 19:18:59,2023-09-05 19:18:59,
927,3,927,2023-07-01 19:18:59,2024-01-31 19:18:59,2023-09-05 19:18:59,2023-09-05 19:18:59,
928,3,928,2023-08-16 19:18:59,2024-02-18 19:18:59,2023-09-05 19:18:59,2023-09-05 19:18:59,
929,1,929,2023-08-09 19:18:59,2024-06-23 19:18:59,2023-09-05 19:18:59,2023-09-05 19:18:59,
930,2,930,2022-12-19 19:18:59,2024-05-20 19:18:59,2023-09-05 19:18:59,2023-09-05 19:18:59,
931,2,931,2023-06-29 19:18:59,2024-05-30 19:18:59,2023-09-05 19:18:59,2023-09-05 19:18:59,
932,3,932,2023-03-03 19:18:59,2023-12-09 19:18:59,2023-09-05 19:18:59,2023-09-05 19:18:59,
933,1,933,2022-11-13 19:18:59,2024-08-31 19:18:59,2023-09-05 19:18:59,2023-09-05 19:18:59,
934,2,934,2023-08-22 19:18:59,2024-07-02 19:18:59,2023-09-05 19:18:59,2023-09-05 19:18:59,
935,1,935,2023-03-27 19:18:59,2023-11-02 19:18:59,2023-09-05 19:18:59,2023-09-05 19:18:59,
936,2,936,2022-11-19 19:18:59,2023-12-20 19:18:59,2023-09-05 19:18:59,2023-09-05 19:18:59,
937,1,937,2023-06-14 19:18:59,2023-11-19 19:18:59,2023-09-05 19:18:59,2023-09-05 19:18:59,
938,1,938,2023-08-29 19:18:59,2023-10-20 19:18:59,2023-09-05 19:18:59,2023-09-05 19:18:59,
939,2,939,2022-09-21 19:18:59,2024-02-23 19:18:59,2023-09-05 19:18:59,2023-09-05 19:18:59,
940,2,940,2023-03-25 19:18:59,2023-11-23 19:18:59,2023-09-05 19:18:59,2023-09-05 19:18:59,
941,2,941,2023-08-07 19:18:59,2024-07-17 19:18:59,2023-09-05 19:18:59,2023-09-05 19:18:59,
942,2,942,2022-10-01 19:18:59,2024-09-01 19:18:59,2023-09-05 19:18:59,2023-09-05 19:18:59,
943,3,943,2023-03-04 19:18:59,2024-03-14 19:18:59,2023-09-05 19:18:59,2023-09-05 19:18:59,
944,1,944,2023-01-27 19:18:59,2024-01-19 19:18:59,2023-09-05 19:18:59,2023-09-05 19:18:59,
945,2,945,2023-08-02 19:18:59,2024-05-04 19:18:59,2023-09-05 19:18:59,2023-09-05 19:18:59,
946,3,946,2023-02-20 19:18:59,2023-11-28 19:18:59,2023-09-05 19:18:59,2023-09-05 19:18:59,
947,3,947,2023-02-06 19:18:59,2024-06-23 19:18:59,2023-09-05 19:18:59,2023-09-05 19:18:59,
948,3,948,2023-02-12 19:18:59,2024-07-01 19:18:59,2023-09-05 19:18:59,2023-09-05 19:18:59,
949,2,949,2023-02-22 19:18:59,2024-03-16 19:18:59,2023-09-05 19:18:59,2023-09-05 19:18:59,
950,2,950,2023-03-31 19:18:59,2024-02-10 19:18:59,2023-09-05 19:18:59,2023-09-05 19:18:59,
951,3,951,2023-05-16 19:18:59,2024-05-04 19:18:59,2023-09-05 19:18:59,2023-09-05 19:18:59,
952,2,952,2023-03-24 19:18:59,2024-01-26 19:18:59,2023-09-05 19:18:59,2023-09-05 19:18:59,
953,1,953,2022-12-07 19:18:59,2023-11-11 19:18:59,2023-09-05 19:18:59,2023-09-05 19:18:59,
954,3,954,2023-06-19 19:18:59,2024-08-25 19:18:59,2023-09-05 19:18:59,2023-09-05 19:18:59,
955,2,955,2023-04-14 19:18:59,2023-11-04 19:18:59,2023-09-05 19:18:59,2023-09-05 19:18:59,
956,2,956,2023-02-02 19:18:59,2023-11-27 19:18:59,2023-09-05 19:18:59,2023-09-05 19:18:59,
957,3,957,2023-06-24 19:18:59,2024-03-03 19:18:59,2023-09-05 19:18:59,2023-09-05 19:18:59,
958,1,958,2023-03-17 19:18:59,2024-04-12 19:18:59,2023-09-05 19:18:59,2023-09-05 19:18:59,
959,1,959,2023-03-26 19:18:59,2024-07-24 19:18:59,2023-09-05 19:18:59,2023-09-05 19:18:59,
960,1,960,2022-12-07 19:18:59,2024-08-08 19:18:59,2023-09-05 19:18:59,2023-09-05 19:18:59,
961,2,961,2023-03-07 19:18:59,2023-10-28 19:18:59,2023-09-05 19:18:59,2023-09-05 19:18:59,
962,3,962,2023-02-10 19:18:59,2024-07-12 19:18:59,2023-09-05 19:18:59,2023-09-05 19:18:59,
963,3,963,2023-02-12 19:18:59,2024-01-28 19:18:59,2023-09-05 19:18:59,2023-09-05 19:18:59,
964,1,964,2022-09-25 19:18:59,2023-10-21 19:18:59,2023-09-05 19:18:59,2023-09-05 19:18:59,
965,1,965,2022-12-12 19:18:59,2023-12-20 19:18:59,2023-09-05 19:18:59,2023-09-05 19:18:59,
966,1,966,2023-08-24 19:18:59,2024-04-03 19:18:59,2023-09-05 19:18:59,2023-09-05 19:18:59,
967,2,967,2023-04-03 19:18:59,2024-04-08 19:18:59,2023-09-05 19:18:59,2023-09-05 19:18:59,
968,1,968,2023-03-14 19:18:59,2024-01-31 19:18:59,2023-09-05 19:18:59,2023-09-05 19:18:59,
969,3,969,2022-12-21 19:18:59,2023-10-15 19:18:59,2023-09-05 19:18:59,2023-09-05 19:18:59,
970,3,970,2022-10-09 19:18:59,2023-10-05 19:18:59,2023-09-05 19:18:59,2023-09-05 19:18:59,
971,1,971,2023-02-08 19:18:59,2024-02-05 19:18:59,2023-09-05 19:18:59,2023-09-05 19:18:59,
972,3,972,2023-02-16 19:18:59,2024-04-13 19:18:59,2023-09-05 19:18:59,2023-09-05 19:18:59,
973,3,973,2023-01-06 19:18:59,2023-11-01 19:18:59,2023-09-05 19:18:59,2023-09-05 19:18:59,
974,3,974,2023-02-01 19:18:59,2024-07-24 19:18:59,2023-09-05 19:18:59,2023-09-05 19:18:59,
975,3,975,2023-07-17 19:18:59,2023-12-23 19:18:59,2023-09-05 19:18:59,2023-09-05 19:18:59,
976,1,976,2023-01-26 19:18:59,2024-02-14 19:18:59,2023-09-05 19:18:59,2023-09-05 19:18:59,
977,1,977,2022-09-11 19:18:59,2024-08-10 19:18:59,2023-09-05 19:18:59,2023-09-05 19:18:59,
978,1,978,2023-04-11 19:18:59,2023-11-29 19:18:59,2023-09-05 19:18:59,2023-09-05 19:18:59,
979,3,979,2023-05-22 19:18:59,2023-12-17 19:18:59,2023-09-05 19:18:59,2023-09-05 19:18:59,
980,3,980,2022-11-11 19:18:59,2024-01-16 19:18:59,2023-09-05 19:18:59,2023-09-05 19:18:59,
981,3,981,2023-09-02 19:18:59,2024-03-19 19:18:59,2023-09-05 19:18:59,2023-09-05 19:18:59,
982,3,982,2023-01-29 19:18:59,2024-01-21 19:18:59,2023-09-05 19:18:59,2023-09-05 19:18:59,
983,2,983,2023-03-02 19:18:59,2024-03-24 19:18:59,2023-09-05 19:18:59,2023-09-05 19:18:59,
984,3,984,2023-02-27 19:18:59,2024-01-15 19:18:59,2023-09-05 19:18:59,2023-09-05 19:18:59,
985,2,985,2023-02-06 19:18:59,2023-11-20 19:18:59,2023-09-05 19:18:59,2023-09-05 19:18:59,
986,1,986,2023-08-20 19:18:59,2024-07-01 19:18:59,2023-09-05 19:18:59,2023-09-05 19:18:59,
987,2,987,2023-02-12 19:18:59,2024-07-28 19:18:59,2023-09-05 19:18:59,2023-09-05 19:18:59,
988,2,988,2022-12-11 19:18:59,2024-06-25 19:18:59,2023-09-05 19:18:59,2023-09-05 19:18:59,
989,3,989,2022-10-07 19:18:59,2023-10-17 19:18:59,2023-09-05 19:18:59,2023-09-05 19:18:59,
990,2,990,2022-11-12 19:18:59,2024-05-05 19:18:59,2023-09-05 19:18:59,2023-09-05 19:18:59,
991,3,991,2022-10-23 19:18:59,2023-11-26 19:18:59,2023-09-05 19:18:59,2023-09-05 19:18:59,
992,3,992,2023-07-11 19:18:59,2024-01-06 19:18:59,2023-09-05 19:18:59,2023-09-05 19:18:59,
993,3,993,2023-01-23 19:18:59,2023-10-06 19:18:59,2023-09-05 19:18:59,2023-09-05 19:18:59,
994,2,994,2023-04-08 19:18:59,2024-06-05 19:18:59,2023-09-05 19:18:59,2023-09-05 19:18:59,
995,2,995,2023-06-12 19:18:59,2024-02-20 19:18:59,2023-09-05 19:18:59,2023-09-05 19:18:59,
996,2,996,2023-03-03 19:18:59,2024-04-10 19:18:59,2023-09-05 19:18:59,2023-09-05 19:18:59,
997,1,997,2023-08-16 19:18:59,2024-06-24 19:18:59,2023-09-05 19:18:59,2023-09-05 19:18:59,
998,2,998,2023-04-16 19:18:59,2024-08-31 19:18:59,2023-09-05 19:18:59,2023-09-05 19:18:59,
999,1,999,2022-10-22 19:18:59,2024-08-18 19:18:59,2023-09-05 19:18:59,2023-09-05 19:18:59,
1000,3,1000,2023-03-25 19:18:59,2024-07-02 19:18:59,2023-09-05 19:18:59,2023-09-05 19:18:59,
1001,1,1001,2023-05-30 19:18:59,2024-07-11 19:18:59,2023-09-05 19:18:59,2023-09-05 19:18:59,
1002,3,1002,2022-12-20 19:18:59,2024-03-27 19:18:59,2023-09-05 19:18:59,2023-09-05 19:18:59,
1003,2,1003,2022-09-14 19:18:59,2023-12-24 19:18:59,2023-09-05 19:18:59,2023-09-05 19:18:59,
1004,3,1004,2023-08-14 19:18:59,2024-01-22 19:18:59,2023-09-05 19:18:59,2023-09-05 19:18:59,
1005,1,1005,2022-12-22 19:18:59,2023-10-31 19:18:59,2023-09-05 19:18:59,2023-09-05 19:18:59,
1006,3,1006,2023-07-15 19:18:59,2024-07-29 19:18:59,2023-09-05 19:18:59,2023-09-05 19:18:59,
1007,2,1007,2023-02-16 19:18:59,2024-02-28 19:18:59,2023-09-05 19:18:59,2023-09-05 19:18:59,
1008,2,1008,2022-09-26 19:18:59,2023-11-08 19:18:59,2023-09-05 19:18:59,2023-09-05 19:18:59,
1009,3,1009,2022-09-29 19:18:59,2024-03-15 19:18:59,2023-09-05 19:18:59,2023-09-05 19:18:59,
1010,1,1010,2022-10-09 19:18:59,2024-06-17 19:18:59,2023-09-05 19:18:59,2023-09-05 19:18:59,
1011,3,1011,2023-01-17 19:18:59,2023-11-08 19:18:59,2023-09-05 19:18:59,2023-09-05 19:18:59,
1012,1,1012,2023-03-04 19:18:59,2024-01-30 19:18:59,2023-09-05 19:18:59,2023-09-05 19:18:59,
1013,3,1013,2023-04-12 19:18:59,2024-02-27 19:18:59,2023-09-05 19:18:59,2023-09-05 19:18:59,
1014,1,1014,2023-04-30 19:18:59,2024-04-10 19:18:59,2023-09-05 19:18:59,2023-09-05 19:18:59,
1015,1,1015,2023-06-24 19:18:59,2024-01-06 19:18:59,2023-09-05 19:18:59,2023-09-05 19:18:59,
1016,2,1016,2022-12-09 19:18:59,2024-04-27 19:18:59,2023-09-05 19:18:59,2023-09-05 19:18:59,
1017,3,1017,2023-05-12 19:18:59,2024-04-10 19:18:59,2023-09-05 19:18:59,2023-09-05 19:18:59,
1018,2,1018,2023-02-10 19:18:59,2024-01-18 19:18:59,2023-09-05 19:18:59,2023-09-05 19:18:59,
1019,3,1019,2022-12-22 19:18:59,2024-08-31 19:18:59,2023-09-05 19:18:59,2023-09-05 19:18:59,
1020,2,1020,2023-02-11 19:18:59,2024-02-01 19:18:59,2023-09-05 19:18:59,2023-09-05 19:18:59,
1021,2,1021,2022-10-17 19:18:59,2024-06-24 19:18:59,2023-09-05 19:18:59,2023-09-05 19:18:59,
1022,1,1022,2022-12-15 19:18:59,2024-07-31 19:18:59,2023-09-05 19:18:59,2023-09-05 19:18:59,
1023,2,1023,2023-01-02 19:18:59,2024-05-10 19:18:59,2023-09-05 19:18:59,2023-09-05 19:18:59,
1024,2,1024,2023-08-26 19:18:59,2024-08-03 19:18:59,2023-09-05 19:18:59,2023-09-05 19:18:59,
1025,3,1025,2023-04-15 19:18:59,2023-11-16 19:18:59,2023-09-05 19:18:59,2023-09-05 19:18:59,
1026,1,1026,2023-05-03 19:18:59,2024-05-02 19:18:59,2023-09-05 19:18:59,2023-09-05 19:18:59,
1027,2,1027,2023-08-08 19:18:59,2024-03-28 19:18:59,2023-09-05 19:18:59,2023-09-05 19:18:59,
1028,3,1028,2023-03-24 19:18:59,2024-05-11 19:18:59,2023-09-05 19:18:59,2023-09-05 19:18:59,
1029,2,1029,2023-01-09 19:18:59,2024-06-27 19:18:59,2023-09-05 19:18:59,2023-09-05 19:18:59,
1030,1,1030,2023-03-13 19:18:59,2023-11-16 19:18:59,2023-09-05 19:18:59,2023-09-05 19:18:59,
1031,2,1031,2023-05-03 19:18:59,2024-04-09 19:18:59,2023-09-05 19:18:59,2023-09-05 19:18:59,
1032,1,1032,2022-09-15 19:18:59,2024-01-31 19:18:59,2023-09-05 19:18:59,2023-09-05 19:18:59,
1033,3,1033,2023-02-11 19:18:59,2024-06-05 19:18:59,2023-09-05 19:18:59,2023-09-05 19:18:59,
1034,2,1034,2023-05-04 19:18:59,2024-07-11 19:18:59,2023-09-05 19:18:59,2023-09-05 19:18:59,
1035,2,1035,2023-02-13 19:18:59,2024-08-19 19:18:59,2023-09-05 19:18:59,2023-09-05 19:18:59,
1036,3,1036,2022-11-24 19:18:59,2024-06-30 19:18:59,2023-09-05 19:18:59,2023-09-05 19:18:59,
1037,3,1037,2023-01-01 19:18:59,2024-01-02 19:18:59,2023-09-05 19:18:59,2023-09-05 19:18:59,
1038,3,1038,2023-06-08 19:18:59,2024-01-31 19:18:59,2023-09-05 19:18:59,2023-09-05 19:18:59,
1039,2,1039,2023-01-08 19:18:59,2024-07-14 19:18:59,2023-09-05 19:18:59,2023-09-05 19:18:59,
1040,1,1040,2023-04-09 19:18:59,2024-06-25 19:18:59,2023-09-05 19:18:59,2023-09-05 19:18:59,
1041,3,1041,2022-10-14 19:18:59,2023-12-08 19:18:59,2023-09-05 19:18:59,2023-09-05 19:18:59,
1042,3,1042,2023-02-25 19:18:59,2023-11-28 19:18:59,2023-09-05 19:18:59,2023-09-05 19:18:59,
1043,3,1043,2023-07-27 19:18:59,2023-10-10 19:18:59,2023-09-05 19:18:59,2023-09-05 19:18:59,
1044,3,1044,2023-06-28 19:18:59,2024-03-27 19:18:59,2023-09-05 19:18:59,2023-09-05 19:18:59,
1045,1,1045,2022-10-15 19:18:59,2023-11-19 19:18:59,2023-09-05 19:18:59,2023-09-05 19:18:59,
1046,2,1046,2022-12-15 19:18:59,2023-12-19 19:18:59,2023-09-05 19:18:59,2023-09-05 19:18:59,
1047,1,1047,2022-09-26 19:18:59,2024-08-22 19:18:59,2023-09-05 19:18:59,2023-09-05 19:18:59,
1048,2,1048,2023-06-19 19:18:59,2024-03-26 19:18:59,2023-09-05 19:18:59,2023-09-05 19:18:59,
1049,3,1049,2023-01-27 19:18:59,2024-02-03 19:18:59,2023-09-05 19:18:59,2023-09-05 19:18:59,
1050,3,1050,2023-09-01 19:18:59,2023-12-04 19:18:59,2023-09-05 19:18:59,2023-09-05 19:18:59,
1051,1,1051,2023-07-10 19:18:59,2024-05-08 19:18:59,2023-09-05 19:18:59,2023-09-05 19:18:59,
1052,3,1052,2022-12-30 19:18:59,2024-02-22 19:18:59,2023-09-05 19:18:59,2023-09-05 19:18:59,
1053,3,1053,2023-03-20 19:18:59,2024-01-16 19:18:59,2023-09-05 19:18:59,2023-09-05 19:18:59,
1054,3,1054,2022-10-24 19:18:59,2023-12-06 19:18:59,2023-09-05 19:18:59,2023-09-05 19:18:59,
1055,1,1055,2023-03-09 19:18:59,2024-08-15 19:18:59,2023-09-05 19:18:59,2023-09-05 19:18:59,
1056,1,1056,2023-01-14 19:18:59,2024-02-13 19:18:59,2023-09-05 19:18:59,2023-09-05 19:18:59,
1057,3,1057,2023-06-22 19:18:59,2023-10-23 19:18:59,2023-09-05 19:18:59,2023-09-05 19:18:59,
1058,3,1058,2023-06-13 19:18:59,2024-06-23 19:18:59,2023-09-05 19:18:59,2023-09-05 19:18:59,
1059,2,1059,2022-11-16 19:18:59,2023-10-27 19:18:59,2023-09-05 19:18:59,2023-09-05 19:18:59,
1060,3,1060,2023-04-21 19:18:59,2024-08-16 19:18:59,2023-09-05 19:18:59,2023-09-05 19:18:59,
1061,3,1061,2023-04-02 19:18:59,2023-11-21 19:18:59,2023-09-05 19:18:59,2023-09-05 19:18:59,
1062,3,1062,2022-09-25 19:18:59,2024-01-19 19:18:59,2023-09-05 19:18:59,2023-09-05 19:18:59,
1063,1,1063,2023-04-16 19:18:59,2024-05-30 19:18:59,2023-09-05 19:18:59,2023-09-05 19:18:59,
1064,2,1064,2023-07-17 19:18:59,2024-02-08 19:18:59,2023-09-05 19:18:59,2023-09-05 19:18:59,
1065,2,1065,2023-03-10 19:18:59,2024-06-03 19:18:59,2023-09-05 19:18:59,2023-09-05 19:18:59,
1066,1,1066,2023-04-11 19:18:59,2024-02-17 19:18:59,2023-09-05 19:18:59,2023-09-05 19:18:59,
1067,3,1067,2023-03-02 19:18:59,2024-05-05 19:18:59,2023-09-05 19:18:59,2023-09-05 19:18:59,
1068,1,1068,2022-09-12 19:18:59,2024-02-14 19:18:59,2023-09-05 19:18:59,2023-09-05 19:18:59,
1069,2,1069,2022-11-23 19:18:59,2023-12-10 19:18:59,2023-09-05 19:18:59,2023-09-05 19:18:59,
1070,3,1070,2023-06-22 19:18:59,2024-01-01 19:18:59,2023-09-05 19:18:59,2023-09-05 19:18:59,
1071,2,1071,2023-05-29 19:18:59,2024-07-21 19:18:59,2023-09-05 19:18:59,2023-09-05 19:18:59,
1072,3,1072,2023-09-05 19:18:59,2023-12-27 19:18:59,2023-09-05 19:18:59,2023-09-05 19:18:59,
1073,3,1073,2023-07-08 19:18:59,2024-02-13 19:18:59,2023-09-05 19:18:59,2023-09-05 19:18:59,
1074,1,1074,2022-09-17 19:18:59,2023-11-19 19:18:59,2023-09-05 19:18:59,2023-09-05 19:18:59,
1075,2,1075,2022-12-11 19:18:59,2023-11-15 19:18:59,2023-09-05 19:18:59,2023-09-05 19:18:59,
1076,2,1076,2022-11-07 19:18:59,2024-04-20 19:18:59,2023-09-05 19:18:59,2023-09-05 19:18:59,
1077,1,1077,2023-04-25 19:18:59,2023-12-17 19:18:59,2023-09-05 19:18:59,2023-09-05 19:18:59,
1078,2,1078,2023-04-27 19:18:59,2024-03-12 19:18:59,2023-09-05 19:18:59,2023-09-05 19:18:59,
1079,2,1079,2023-03-11 19:18:59,2023-12-08 19:18:59,2023-09-05 19:18:59,2023-09-05 19:18:59,
1080,1,1080,2023-04-02 19:18:59,2023-10-23 19:18:59,2023-09-05 19:18:59,2023-09-05 19:18:59,
1081,3,1081,2023-07-17 19:18:59,2024-03-01 19:18:59,2023-09-05 19:18:59,2023-09-05 19:18:59,
1082,1,1082,2023-04-15 19:18:59,2024-03-01 19:18:59,2023-09-05 19:18:59,2023-09-05 19:18:59,
1083,2,1083,2022-09-27 19:18:59,2024-05-27 19:18:59,2023-09-05 19:18:59,2023-09-05 19:18:59,
1084,3,1084,2022-10-08 19:18:59,2024-08-13 19:18:59,2023-09-05 19:18:59,2023-09-05 19:18:59,
1085,1,1085,2023-01-31 19:18:59,2024-06-04 19:18:59,2023-09-05 19:18:59,2023-09-05 19:18:59,
1086,3,1086,2022-11-05 19:18:59,2024-02-04 19:18:59,2023-09-05 19:18:59,2023-09-05 19:18:59,
1087,2,1087,2023-01-01 19:18:59,2024-07-11 19:18:59,2023-09-05 19:18:59,2023-09-05 19:18:59,
1088,1,1088,2023-07-12 19:18:59,2024-06-01 19:18:59,2023-09-05 19:18:59,2023-09-05 19:18:59,
1089,3,1089,2023-07-19 19:18:59,2023-11-28 19:18:59,2023-09-05 19:18:59,2023-09-05 19:18:59,
1090,1,1090,2022-09-09 19:18:59,2023-10-06 19:18:59,2023-09-05 19:18:59,2023-09-05 19:18:59,
1091,3,1091,2022-12-26 19:18:59,2024-06-10 19:18:59,2023-09-05 19:18:59,2023-09-05 19:18:59,
1092,3,1092,2023-02-25 19:18:59,2024-04-03 19:18:59,2023-09-05 19:18:59,2023-09-05 19:18:59,
1093,3,1093,2023-02-21 19:18:59,2024-06-11 19:18:59,2023-09-05 19:18:59,2023-09-05 19:18:59,
1094,1,1094,2022-09-23 19:18:59,2023-12-29 19:18:59,2023-09-05 19:18:59,2023-09-05 19:18:59,
1095,2,1095,2023-01-10 19:18:59,2024-02-07 19:18:59,2023-09-05 19:18:59,2023-09-05 19:18:59,
1096,3,1096,2022-09-25 19:18:59,2023-10-27 19:18:59,2023-09-05 19:18:59,2023-09-05 19:18:59,
1097,1,1097,2023-06-05 19:18:59,2024-07-25 19:18:59,2023-09-05 19:18:59,2023-09-05 19:18:59,
1098,2,1098,2022-10-25 19:18:59,2024-08-17 19:18:59,2023-09-05 19:18:59,2023-09-05 19:18:59,
1099,3,1099,2022-09-08 19:18:59,2024-05-11 19:18:59,2023-09-05 19:18:59,2023-09-05 19:18:59,
1100,2,1100,2023-05-25 19:18:59,2024-05-30 19:18:59,2023-09-05 19:18:59,2023-09-05 19:18:59,
1101,1,1101,2023-05-25 19:18:59,2023-12-01 19:18:59,2023-09-05 19:18:59,2023-09-05 19:18:59,
1102,2,1102,2023-08-11 19:18:59,2024-02-04 19:18:59,2023-09-05 19:18:59,2023-09-05 19:18:59,
1103,2,1103,2022-11-19 19:18:59,2023-11-01 19:18:59,2023-09-05 19:18:59,2023-09-05 19:18:59,
1104,3,1104,2023-01-24 19:18:59,2024-02-14 19:18:59,2023-09-05 19:18:59,2023-09-05 19:18:59,
1105,3,1105,2023-04-13 19:18:59,2024-07-19 19:18:59,2023-09-05 19:18:59,2023-09-05 19:18:59,
1106,2,1106,2023-06-17 19:18:59,2023-11-27 19:18:59,2023-09-05 19:18:59,2023-09-05 19:18:59,
1107,2,1107,2022-12-01 19:18:59,2023-10-06 19:18:59,2023-09-05 19:18:59,2023-09-05 19:18:59,
1108,1,1108,2023-05-21 19:18:59,2024-08-12 19:18:59,2023-09-05 19:18:59,2023-09-05 19:18:59,
1109,3,1109,2022-10-05 19:18:59,2024-02-18 19:18:59,2023-09-05 19:18:59,2023-09-05 19:18:59,
1110,3,1110,2023-03-13 19:18:59,2024-05-01 19:18:59,2023-09-05 19:18:59,2023-09-05 19:18:59,
1111,3,1111,2022-09-05 19:18:59,2023-11-24 19:18:59,2023-09-05 19:18:59,2023-09-05 19:18:59,
1112,3,1112,2023-04-09 19:18:59,2023-11-11 19:18:59,2023-09-05 19:18:59,2023-09-05 19:18:59,
1113,3,1113,2023-01-14 19:18:59,2024-05-05 19:18:59,2023-09-05 19:18:59,2023-09-05 19:18:59,
1114,2,1114,2023-07-21 19:18:59,2024-05-09 19:18:59,2023-09-05 19:18:59,2023-09-05 19:18:59,
1115,2,1115,2022-12-30 19:18:59,2023-12-06 19:18:59,2023-09-05 19:18:59,2023-09-05 19:18:59,
1116,3,1116,2023-07-31 19:18:59,2024-02-07 19:18:59,2023-09-05 19:18:59,2023-09-05 19:18:59,
1117,1,1117,2022-11-30 19:18:59,2023-10-26 19:18:59,2023-09-05 19:18:59,2023-09-05 19:18:59,
1118,1,1118,2023-08-18 19:18:59,2024-04-23 19:18:59,2023-09-05 19:18:59,2023-09-05 19:18:59,
1119,3,1119,2022-11-03 19:18:59,2024-04-12 19:18:59,2023-09-05 19:18:59,2023-09-05 19:18:59,
1120,2,1120,2023-02-07 19:18:59,2024-06-22 19:18:59,2023-09-05 19:18:59,2023-09-05 19:18:59,
1121,1,1121,2022-11-28 19:18:59,2023-10-11 19:18:59,2023-09-05 19:18:59,2023-09-05 19:18:59,
1122,3,1122,2023-04-06 19:18:59,2023-12-20 19:18:59,2023-09-05 19:18:59,2023-09-05 19:18:59,
1123,2,1123,2023-05-15 19:18:59,2024-01-13 19:18:59,2023-09-05 19:18:59,2023-09-05 19:18:59,
1124,2,1124,2022-12-12 19:18:59,2024-08-30 19:18:59,2023-09-05 19:18:59,2023-09-05 19:18:59,
1125,2,1125,2022-12-05 19:18:59,2024-06-02 19:18:59,2023-09-05 19:18:59,2023-09-05 19:18:59,
1126,1,1126,2023-04-05 19:18:59,2023-11-16 19:18:59,2023-09-05 19:18:59,2023-09-05 19:18:59,
1127,1,1127,2023-06-26 19:18:59,2024-07-23 19:18:59,2023-09-05 19:18:59,2023-09-05 19:18:59,
1128,1,1128,2022-09-08 19:18:59,2024-09-02 19:18:59,2023-09-05 19:18:59,2023-09-05 19:18:59,
1129,1,1129,2022-11-08 19:18:59,2024-03-20 19:18:59,2023-09-05 19:18:59,2023-09-05 19:18:59,
1130,3,1130,2023-04-03 19:18:59,2024-01-08 19:18:59,2023-09-05 19:18:59,2023-09-05 19:18:59,
1131,3,1131,2023-04-17 19:18:59,2023-10-12 19:18:59,2023-09-05 19:18:59,2023-09-05 19:18:59,
1132,2,1132,2022-09-24 19:18:59,2023-10-20 19:18:59,2023-09-05 19:18:59,2023-09-05 19:18:59,
1133,2,1133,2022-09-07 19:18:59,2024-07-17 19:18:59,2023-09-05 19:18:59,2023-09-05 19:18:59,
1134,3,1134,2022-12-22 19:18:59,2024-04-25 19:18:59,2023-09-05 19:18:59,2023-09-05 19:18:59,
1135,2,1135,2022-12-03 19:18:59,2023-10-16 19:18:59,2023-09-05 19:18:59,2023-09-05 19:18:59,
1136,1,1136,2023-03-25 19:18:59,2024-04-09 19:18:59,2023-09-05 19:18:59,2023-09-05 19:18:59,
1137,3,1137,2023-06-21 19:18:59,2023-10-21 19:18:59,2023-09-05 19:18:59,2023-09-05 19:18:59,
1138,2,1138,2023-04-25 19:18:59,2023-12-25 19:18:59,2023-09-05 19:18:59,2023-09-05 19:18:59,
1139,3,1139,2022-10-16 19:18:59,2024-05-08 19:18:59,2023-09-05 19:18:59,2023-09-05 19:18:59,
1140,1,1140,2022-09-12 19:18:59,2024-01-08 19:18:59,2023-09-05 19:18:59,2023-09-05 19:18:59,
1141,3,1141,2023-03-04 19:18:59,2023-11-08 19:18:59,2023-09-05 19:18:59,2023-09-05 19:18:59,
1142,1,1142,2023-05-13 19:18:59,2024-02-12 19:18:59,2023-09-05 19:18:59,2023-09-05 19:18:59,
1143,2,1143,2023-07-17 19:18:59,2023-12-24 19:18:59,2023-09-05 19:18:59,2023-09-05 19:18:59,
1144,2,1144,2023-05-07 19:18:59,2023-11-27 19:18:59,2023-09-05 19:18:59,2023-09-05 19:18:59,
1145,1,1145,2023-07-07 19:18:59,2024-06-17 19:18:59,2023-09-05 19:18:59,2023-09-05 19:18:59,
1146,1,1146,2023-01-23 19:18:59,2024-08-29 19:18:59,2023-09-05 19:18:59,2023-09-05 19:18:59,
1147,3,1147,2023-03-17 19:18:59,2024-07-28 19:18:59,2023-09-05 19:18:59,2023-09-05 19:18:59,
1148,1,1148,2022-12-06 19:18:59,2024-03-17 19:18:59,2023-09-05 19:18:59,2023-09-05 19:18:59,
1149,1,1149,2023-08-01 19:18:59,2024-07-23 19:18:59,2023-09-05 19:18:59,2023-09-05 19:18:59,
1150,2,1150,2023-04-08 19:18:59,2023-11-12 19:18:59,2023-09-05 19:18:59,2023-09-05 19:18:59,
1151,2,1151,2023-01-12 19:18:59,2024-03-01 19:18:59,2023-09-05 19:18:59,2023-09-05 19:18:59,
1152,1,1152,2023-06-01 19:18:59,2024-05-23 19:18:59,2023-09-05 19:18:59,2023-09-05 19:18:59,
1153,3,1153,2022-11-16 19:18:59,2024-08-29 19:18:59,2023-09-05 19:18:59,2023-09-05 19:18:59,
1154,2,1154,2023-06-19 19:18:59,2023-12-21 19:18:59,2023-09-05 19:18:59,2023-09-05 19:18:59,
1155,3,1155,2023-07-26 19:18:59,2024-02-05 19:18:59,2023-09-05 19:18:59,2023-09-05 19:18:59,
1156,3,1156,2023-06-18 19:18:59,2023-11-21 19:18:59,2023-09-05 19:18:59,2023-09-05 19:18:59,
1157,2,1157,2023-08-19 19:18:59,2024-03-24 19:18:59,2023-09-05 19:18:59,2023-09-05 19:18:59,
1158,1,1158,2022-12-01 19:18:59,2023-12-24 19:18:59,2023-09-05 19:18:59,2023-09-05 19:18:59,
1159,1,1159,2022-11-22 19:18:59,2024-02-28 19:18:59,2023-09-05 19:18:59,2023-09-05 19:18:59,
1160,2,1160,2023-08-02 19:18:59,2024-05-31 19:18:59,2023-09-05 19:18:59,2023-09-05 19:18:59,
1161,1,1161,2023-03-22 19:18:59,2024-06-30 19:18:59,2023-09-05 19:18:59,2023-09-05 19:18:59,
1162,2,1162,2022-10-30 19:18:59,2024-05-10 19:18:59,2023-09-05 19:18:59,2023-09-05 19:18:59,
1163,3,1163,2022-12-26 19:18:59,2024-01-24 19:18:59,2023-09-05 19:18:59,2023-09-05 19:18:59,
1164,3,1164,2022-10-26 19:18:59,2023-11-24 19:18:59,2023-09-05 19:18:59,2023-09-05 19:18:59,
1165,3,1165,2022-10-18 19:18:59,2023-12-17 19:18:59,2023-09-05 19:18:59,2023-09-05 19:18:59,
1166,3,1166,2023-07-29 19:18:59,2024-07-28 19:18:59,2023-09-05 19:18:59,2023-09-05 19:18:59,
1167,2,1167,2022-10-22 19:18:59,2024-04-04 19:18:59,2023-09-05 19:18:59,2023-09-05 19:18:59,
1168,2,1168,2022-10-17 19:18:59,2023-12-16 19:18:59,2023-09-05 19:18:59,2023-09-05 19:18:59,
1169,1,1169,2022-10-15 19:18:59,2024-01-11 19:18:59,2023-09-05 19:18:59,2023-09-05 19:18:59,
1170,1,1170,2022-12-12 19:18:59,2024-02-14 19:18:59,2023-09-05 19:18:59,2023-09-05 19:18:59,
1171,1,1171,2022-10-24 19:18:59,2023-10-09 19:18:59,2023-09-05 19:18:59,2023-09-05 19:18:59,
1172,3,1172,2023-05-16 19:18:59,2023-12-30 19:18:59,2023-09-05 19:18:59,2023-09-05 19:18:59,
1173,2,1173,2023-09-03 19:18:59,2024-06-29 19:18:59,2023-09-05 19:18:59,2023-09-05 19:18:59,
1174,3,1174,2023-07-28 19:18:59,2023-12-26 19:18:59,2023-09-05 19:18:59,2023-09-05 19:18:59,
1175,1,1175,2023-04-22 19:18:59,2024-02-22 19:18:59,2023-09-05 19:18:59,2023-09-05 19:18:59,
1176,1,1176,2023-04-05 19:18:59,2024-08-22 19:18:59,2023-09-05 19:18:59,2023-09-05 19:18:59,
1177,3,1177,2022-09-29 19:18:59,2024-03-12 19:18:59,2023-09-05 19:18:59,2023-09-05 19:18:59,
1178,3,1178,2022-10-14 19:18:59,2024-01-23 19:18:59,2023-09-05 19:18:59,2023-09-05 19:18:59,
1179,1,1179,2022-09-14 19:18:59,2024-01-28 19:18:59,2023-09-05 19:18:59,2023-09-05 19:18:59,
1180,3,1180,2023-08-26 19:18:59,2024-08-15 19:18:59,2023-09-05 19:18:59,2023-09-05 19:18:59,
1181,2,1181,2022-12-22 19:18:59,2024-08-02 19:18:59,2023-09-05 19:18:59,2023-09-05 19:18:59,
1182,1,1182,2023-04-07 19:18:59,2023-10-25 19:18:59,2023-09-05 19:18:59,2023-09-05 19:18:59,
1183,3,1183,2023-06-07 19:18:59,2024-04-05 19:18:59,2023-09-05 19:18:59,2023-09-05 19:18:59,
1184,1,1184,2023-08-06 19:18:59,2024-05-24 19:18:59,2023-09-05 19:18:59,2023-09-05 19:18:59,
1185,1,1185,2023-01-23 19:18:59,2024-08-14 19:18:59,2023-09-05 19:18:59,2023-09-05 19:18:59,
1186,1,1186,2023-05-22 19:18:59,2024-08-29 19:18:59,2023-09-05 19:18:59,2023-09-05 19:18:59,
1187,1,1187,2023-05-22 19:18:59,2023-11-04 19:18:59,2023-09-05 19:18:59,2023-09-05 19:18:59,
1188,2,1188,2022-12-28 19:18:59,2023-12-19 19:18:59,2023-09-05 19:18:59,2023-09-05 19:18:59,
1189,2,1189,2023-04-29 19:18:59,2024-08-20 19:18:59,2023-09-05 19:18:59,2023-09-05 19:18:59,
1190,1,1190,2023-02-02 19:18:59,2024-08-05 19:18:59,2023-09-05 19:18:59,2023-09-05 19:18:59,
1191,2,1191,2023-07-11 19:18:59,2024-09-01 19:18:59,2023-09-05 19:18:59,2023-09-05 19:18:59,
1192,2,1192,2023-06-23 19:18:59,2024-04-09 19:18:59,2023-09-05 19:18:59,2023-09-05 19:18:59,
1193,1,1193,2022-11-23 19:18:59,2024-08-17 19:18:59,2023-09-05 19:18:59,2023-09-05 19:18:59,
1194,1,1194,2023-03-12 19:18:59,2023-10-28 19:18:59,2023-09-05 19:18:59,2023-09-05 19:18:59,
1195,3,1195,2023-06-21 19:18:59,2024-08-17 19:18:59,2023-09-05 19:18:59,2023-09-05 19:18:59,
1196,3,1196,2023-07-17 19:18:59,2024-03-21 19:18:59,2023-09-05 19:18:59,2023-09-05 19:18:59,
1197,1,1197,2023-03-13 19:18:59,2023-10-19 19:18:59,2023-09-05 19:18:59,2023-09-05 19:18:59,
1198,1,1198,2022-12-30 19:18:59,2024-03-18 19:18:59,2023-09-05 19:18:59,2023-09-05 19:18:59,
1199,3,1199,2023-05-09 19:18:59,2024-02-02 19:18:59,2023-09-05 19:18:59,2023-09-05 19:18:59,
1200,2,1200,2023-06-24 19:18:59,2024-04-11 19:18:59,2023-09-05 19:18:59,2023-09-05 19:18:59,
1201,2,1201,2023-04-15 19:18:59,2024-08-11 19:18:59,2023-09-05 19:18:59,2023-09-05 19:18:59,
1202,3,1202,2023-08-04 19:18:59,2023-11-02 19:18:59,2023-09-05 19:18:59,2023-09-05 19:18:59,
1203,2,1203,2023-07-05 19:18:59,2023-10-06 19:18:59,2023-09-05 19:18:59,2023-09-05 19:18:59,
1204,3,1204,2023-04-07 19:18:59,2024-03-07 19:18:59,2023-09-05 19:18:59,2023-09-05 19:18:59,
1205,2,1205,2023-01-07 19:18:59,2023-12-16 19:18:59,2023-09-05 19:18:59,2023-09-05 19:18:59,
1206,3,1206,2023-02-06 19:18:59,2024-06-05 19:18:59,2023-09-05 19:18:59,2023-09-05 19:18:59,
1207,1,1207,2023-02-06 19:18:59,2023-11-27 19:18:59,2023-09-05 19:18:59,2023-09-05 19:18:59,
1208,1,1208,2023-01-10 19:18:59,2024-01-19 19:18:59,2023-09-05 19:18:59,2023-09-05 19:18:59,
1209,3,1209,2022-10-18 19:18:59,2024-05-16 19:18:59,2023-09-05 19:18:59,2023-09-05 19:18:59,
1210,3,1210,2023-01-08 19:18:59,2024-07-16 19:18:59,2023-09-05 19:18:59,2023-09-05 19:18:59,
1211,1,1211,2023-04-22 19:18:59,2023-12-13 19:18:59,2023-09-05 19:18:59,2023-09-05 19:18:59,
1212,3,1212,2023-02-11 19:18:59,2024-08-13 19:18:59,2023-09-05 19:18:59,2023-09-05 19:18:59,
1213,2,1213,2023-08-11 19:18:59,2024-05-03 19:18:59,2023-09-05 19:18:59,2023-09-05 19:18:59,
1214,3,1214,2023-05-21 19:18:59,2024-03-13 19:18:59,2023-09-05 19:18:59,2023-09-05 19:18:59,
1215,3,1215,2022-10-19 19:18:59,2024-05-20 19:18:59,2023-09-05 19:18:59,2023-09-05 19:18:59,
1216,1,1216,2023-07-14 19:18:59,2024-01-20 19:18:59,2023-09-05 19:18:59,2023-09-05 19:18:59,
1217,1,1217,2023-03-27 19:18:59,2024-07-05 19:18:59,2023-09-05 19:18:59,2023-09-05 19:18:59,
1218,3,1218,2023-01-28 19:18:59,2024-08-21 19:18:59,2023-09-05 19:18:59,2023-09-05 19:18:59,
1219,2,1219,2022-10-28 19:18:59,2023-12-18 19:18:59,2023-09-05 19:18:59,2023-09-05 19:18:59,
1220,1,1220,2023-01-21 19:18:59,2023-12-22 19:18:59,2023-09-05 19:18:59,2023-09-05 19:18:59,
1221,1,1221,2023-07-14 19:18:59,2023-11-11 19:18:59,2023-09-05 19:18:59,2023-09-05 19:18:59,
1222,2,1222,2023-04-23 19:18:59,2023-11-30 19:18:59,2023-09-05 19:18:59,2023-09-05 19:18:59,
1223,2,1223,2022-12-13 19:18:59,2024-04-28 19:18:59,2023-09-05 19:18:59,2023-09-05 19:18:59,
1224,3,1224,2023-07-12 19:18:59,2024-04-11 19:18:59,2023-09-05 19:18:59,2023-09-05 19:18:59,
1225,3,1225,2023-01-04 19:18:59,2023-11-04 19:18:59,2023-09-05 19:18:59,2023-09-05 19:18:59,
1226,3,1226,2023-06-15 19:18:59,2024-02-09 19:18:59,2023-09-05 19:18:59,2023-09-05 19:18:59,
1227,2,1227,2023-07-27 19:18:59,2023-11-01 19:18:59,2023-09-05 19:18:59,2023-09-05 19:18:59,
1228,3,1228,2022-11-29 19:18:59,2024-06-07 19:18:59,2023-09-05 19:18:59,2023-09-05 19:18:59,
1229,3,1229,2023-01-06 19:18:59,2024-07-06 19:18:59,2023-09-05 19:18:59,2023-09-05 19:18:59,
1230,2,1230,2023-08-03 19:18:59,2024-01-18 19:18:59,2023-09-05 19:18:59,2023-09-05 19:18:59,
1231,3,1231,2023-02-14 19:18:59,2024-08-31 19:18:59,2023-09-05 19:18:59,2023-09-05 19:18:59,
1232,3,1232,2023-03-24 19:18:59,2024-07-02 19:18:59,2023-09-05 19:18:59,2023-09-05 19:18:59,
1233,1,1233,2023-05-12 19:18:59,2023-12-08 19:18:59,2023-09-05 19:18:59,2023-09-05 19:18:59,
1234,3,1234,2023-05-08 19:18:59,2023-11-02 19:18:59,2023-09-05 19:18:59,2023-09-05 19:18:59,
1235,3,1235,2023-08-25 19:18:59,2023-12-07 19:18:59,2023-09-05 19:18:59,2023-09-05 19:18:59,
1236,1,1236,2023-02-13 19:18:59,2023-12-08 19:18:59,2023-09-05 19:18:59,2023-09-05 19:18:59,
1237,1,1237,2023-06-29 19:18:59,2024-06-22 19:18:59,2023-09-05 19:18:59,2023-09-05 19:18:59,
1238,2,1238,2023-02-10 19:18:59,2024-07-02 19:18:59,2023-09-05 19:18:59,2023-09-05 19:18:59,
1239,2,1239,2022-09-14 19:18:59,2023-11-14 19:18:59,2023-09-05 19:18:59,2023-09-05 19:18:59,
1240,2,1240,2022-10-26 19:18:59,2024-02-22 19:18:59,2023-09-05 19:18:59,2023-09-05 19:18:59,
1241,3,1241,2023-03-12 19:18:59,2024-01-29 19:18:59,2023-09-05 19:18:59,2023-09-05 19:18:59,
1242,1,1242,2022-11-18 19:18:59,2024-07-02 19:18:59,2023-09-05 19:18:59,2023-09-05 19:18:59,
1243,3,1243,2023-06-19 19:18:59,2024-03-17 19:18:59,2023-09-05 19:18:59,2023-09-05 19:18:59,
1244,2,1244,2022-12-05 19:18:59,2024-04-25 19:18:59,2023-09-05 19:18:59,2023-09-05 19:18:59,
1245,2,1245,2023-04-03 19:18:59,2024-05-30 19:18:59,2023-09-05 19:18:59,2023-09-05 19:18:59,
1246,1,1246,2022-10-06 19:18:59,2024-07-10 19:18:59,2023-09-05 19:18:59,2023-09-05 19:18:59,
1247,2,1247,2023-01-17 19:18:59,2023-11-06 19:18:59,2023-09-05 19:18:59,2023-09-05 19:18:59,
1248,2,1248,2023-07-27 19:18:59,2023-11-30 19:18:59,2023-09-05 19:18:59,2023-09-05 19:18:59,
1249,3,1249,2022-10-23 19:18:59,2024-07-26 19:18:59,2023-09-05 19:18:59,2023-09-05 19:18:59,
1250,1,1250,2022-11-20 19:18:59,2023-10-13 19:18:59,2023-09-05 19:18:59,2023-09-05 19:18:59,
1251,2,1251,2023-08-18 19:18:59,2024-02-25 19:18:59,2023-09-05 19:18:59,2023-09-05 19:18:59,
1252,2,1252,2022-11-24 19:18:59,2024-08-13 19:18:59,2023-09-05 19:18:59,2023-09-05 19:18:59,
1253,2,1253,2022-11-19 19:18:59,2023-11-11 19:18:59,2023-09-05 19:18:59,2023-09-05 19:18:59,
1254,1,1254,2023-05-11 19:18:59,2023-12-21 19:18:59,2023-09-05 19:18:59,2023-09-05 19:18:59,
1255,3,1255,2023-06-20 19:18:59,2023-12-09 19:18:59,2023-09-05 19:18:59,2023-09-05 19:18:59,
1256,2,1256,2022-09-26 19:18:59,2024-04-24 19:18:59,2023-09-05 19:18:59,2023-09-05 19:18:59,
1257,1,1257,2023-04-02 19:18:59,2024-01-20 19:18:59,2023-09-05 19:18:59,2023-09-05 19:18:59,
1258,3,1258,2023-03-09 19:18:59,2023-12-21 19:18:59,2023-09-05 19:18:59,2023-09-05 19:18:59,
1259,2,1259,2022-12-19 19:18:59,2024-06-19 19:18:59,2023-09-05 19:18:59,2023-09-05 19:18:59,
1260,3,1260,2023-03-29 19:18:59,2024-08-28 19:18:59,2023-09-05 19:18:59,2023-09-05 19:18:59,
1261,3,1261,2023-08-05 19:18:59,2024-08-27 19:18:59,2023-09-05 19:18:59,2023-09-05 19:18:59,
1262,3,1262,2023-03-25 19:18:59,2024-03-18 19:18:59,2023-09-05 19:18:59,2023-09-05 19:18:59,
1263,3,1263,2022-10-08 19:18:59,2024-02-03 19:18:59,2023-09-05 19:18:59,2023-09-05 19:18:59,
1264,2,1264,2023-04-14 19:18:59,2024-04-10 19:18:59,2023-09-05 19:18:59,2023-09-05 19:18:59,
1265,3,1265,2022-10-31 19:18:59,2023-10-31 19:18:59,2023-09-05 19:18:59,2023-09-05 19:18:59,
1266,3,1266,2023-07-29 19:18:59,2024-02-15 19:18:59,2023-09-05 19:18:59,2023-09-05 19:18:59,
1267,1,1267,2023-07-13 19:18:59,2024-04-01 19:18:59,2023-09-05 19:18:59,2023-09-05 19:18:59,
1268,3,1268,2022-12-29 19:18:59,2024-01-02 19:18:59,2023-09-05 19:18:59,2023-09-05 19:18:59,
1269,2,1269,2022-10-28 19:18:59,2024-06-28 19:18:59,2023-09-05 19:18:59,2023-09-05 19:18:59,
1270,1,1270,2023-02-10 19:18:59,2024-06-12 19:18:59,2023-09-05 19:18:59,2023-09-05 19:18:59,
1271,1,1271,2023-01-27 19:18:59,2024-02-09 19:18:59,2023-09-05 19:18:59,2023-09-05 19:18:59,
1272,3,1272,2023-05-06 19:18:59,2023-10-24 19:18:59,2023-09-05 19:18:59,2023-09-05 19:18:59,
1273,3,1273,2023-03-18 19:18:59,2024-04-11 19:18:59,2023-09-05 19:18:59,2023-09-05 19:18:59,
1274,1,1274,2023-06-04 19:18:59,2023-11-22 19:18:59,2023-09-05 19:18:59,2023-09-05 19:18:59,
1275,1,1275,2023-08-15 19:18:59,2024-08-24 19:18:59,2023-09-05 19:18:59,2023-09-05 19:18:59,
1276,1,1276,2023-08-01 19:18:59,2024-08-06 19:18:59,2023-09-05 19:18:59,2023-09-05 19:18:59,
1277,2,1277,2023-03-21 19:18:59,2024-01-03 19:18:59,2023-09-05 19:18:59,2023-09-05 19:18:59,
1278,3,1278,2023-01-27 19:18:59,2023-12-11 19:18:59,2023-09-05 19:18:59,2023-09-05 19:18:59,
1279,3,1279,2022-12-22 19:18:59,2024-09-02 19:18:59,2023-09-05 19:18:59,2023-09-05 19:18:59,
1280,1,1280,2022-10-11 19:18:59,2024-07-01 19:18:59,2023-09-05 19:18:59,2023-09-05 19:18:59,
1281,3,1281,2023-03-27 19:18:59,2024-02-09 19:18:59,2023-09-05 19:18:59,2023-09-05 19:18:59,
1282,1,1282,2023-04-16 19:18:59,2024-06-15 19:18:59,2023-09-05 19:18:59,2023-09-05 19:18:59,
1283,1,1283,2023-03-23 19:18:59,2023-10-28 19:18:59,2023-09-05 19:18:59,2023-09-05 19:18:59,
1284,3,1284,2022-11-18 19:18:59,2023-10-10 19:18:59,2023-09-05 19:18:59,2023-09-05 19:18:59,
1285,3,1285,2022-11-10 19:18:59,2024-01-26 19:18:59,2023-09-05 19:18:59,2023-09-05 19:18:59,
1286,3,1286,2022-11-04 19:18:59,2024-07-16 19:18:59,2023-09-05 19:18:59,2023-09-05 19:18:59,
1287,3,1287,2023-06-28 19:18:59,2023-10-05 19:18:59,2023-09-05 19:18:59,2023-09-05 19:18:59,
1288,2,1288,2022-12-08 19:18:59,2024-07-10 19:18:59,2023-09-05 19:18:59,2023-09-05 19:18:59,
1289,3,1289,2023-08-17 19:18:59,2024-03-04 19:18:59,2023-09-05 19:18:59,2023-09-05 19:18:59,
1290,2,1290,2022-10-16 19:18:59,2024-07-14 19:18:59,2023-09-05 19:18:59,2023-09-05 19:18:59,
1291,3,1291,2023-05-23 19:18:59,2024-05-11 19:18:59,2023-09-05 19:18:59,2023-09-05 19:18:59,
1292,1,1292,2022-11-14 19:18:59,2024-08-23 19:18:59,2023-09-05 19:18:59,2023-09-05 19:18:59,
1293,2,1293,2023-05-01 19:18:59,2023-11-04 19:18:59,2023-09-05 19:18:59,2023-09-05 19:18:59,
1294,3,1294,2023-06-16 19:18:59,2023-10-07 19:18:59,2023-09-05 19:18:59,2023-09-05 19:18:59,
1295,2,1295,2023-05-24 19:18:59,2023-10-12 19:18:59,2023-09-05 19:18:59,2023-09-05 19:18:59,
1296,3,1296,2023-02-07 19:18:59,2024-02-26 19:18:59,2023-09-05 19:18:59,2023-09-05 19:18:59,
1297,1,1297,2023-07-05 19:18:59,2023-12-13 19:18:59,2023-09-05 19:18:59,2023-09-05 19:18:59,
1298,2,1298,2023-08-11 19:18:59,2024-04-26 19:18:59,2023-09-05 19:18:59,2023-09-05 19:18:59,
1299,1,1299,2022-11-24 19:18:59,2023-12-27 19:18:59,2023-09-05 19:18:59,2023-09-05 19:18:59,
1300,1,1300,2023-01-22 19:18:59,2024-05-06 19:18:59,2023-09-05 19:18:59,2023-09-05 19:18:59,
1301,1,1301,2023-03-03 19:18:59,2024-05-21 19:18:59,2023-09-05 19:18:59,2023-09-05 19:18:59,
1302,2,1302,2023-07-01 19:18:59,2024-08-15 19:18:59,2023-09-05 19:18:59,2023-09-05 19:18:59,
1303,1,1303,2023-04-19 19:18:59,2024-02-16 19:18:59,2023-09-05 19:18:59,2023-09-05 19:18:59,
1304,2,1304,2022-11-16 19:18:59,2024-03-17 19:18:59,2023-09-05 19:18:59,2023-09-05 19:18:59,
1305,2,1305,2022-12-09 19:18:59,2024-01-26 19:18:59,2023-09-05 19:18:59,2023-09-05 19:18:59,
1306,2,1306,2023-04-13 19:18:59,2024-03-03 19:18:59,2023-09-05 19:18:59,2023-09-05 19:18:59,
1307,3,1307,2022-10-20 19:18:59,2024-07-30 19:18:59,2023-09-05 19:18:59,2023-09-05 19:18:59,
1308,1,1308,2023-04-06 19:18:59,2024-05-22 19:18:59,2023-09-05 19:18:59,2023-09-05 19:18:59,
1309,3,1309,2023-04-04 19:18:59,2023-10-08 19:18:59,2023-09-05 19:18:59,2023-09-05 19:18:59,
1310,3,1310,2023-05-16 19:18:59,2024-05-11 19:18:59,2023-09-05 19:18:59,2023-09-05 19:18:59,
1311,3,1311,2023-05-17 19:18:59,2024-02-01 19:18:59,2023-09-05 19:18:59,2023-09-05 19:18:59,
1312,1,1312,2023-04-17 19:18:59,2023-10-25 19:18:59,2023-09-05 19:18:59,2023-09-05 19:18:59,
1313,1,1313,2022-12-18 19:18:59,2024-03-13 19:18:59,2023-09-05 19:18:59,2023-09-05 19:18:59,
1314,1,1314,2023-07-31 19:18:59,2024-08-28 19:18:59,2023-09-05 19:18:59,2023-09-05 19:18:59,
1315,1,1315,2023-07-13 19:18:59,2023-11-23 19:18:59,2023-09-05 19:18:59,2023-09-05 19:18:59,
1316,3,1316,2022-10-22 19:18:59,2023-12-29 19:18:59,2023-09-05 19:18:59,2023-09-05 19:18:59,
1317,2,1317,2023-06-16 19:18:59,2024-03-17 19:18:59,2023-09-05 19:18:59,2023-09-05 19:18:59,
1318,3,1318,2023-01-10 19:18:59,2024-04-04 19:18:59,2023-09-05 19:18:59,2023-09-05 19:18:59,
1319,1,1319,2023-06-21 19:18:59,2024-04-28 19:18:59,2023-09-05 19:18:59,2023-09-05 19:18:59,
1320,3,1320,2023-03-02 19:18:59,2024-07-01 19:18:59,2023-09-05 19:18:59,2023-09-05 19:18:59,
1321,2,1321,2023-01-05 19:18:59,2024-05-22 19:18:59,2023-09-05 19:18:59,2023-09-05 19:18:59,
1322,1,1322,2022-11-27 19:18:59,2024-01-09 19:18:59,2023-09-05 19:18:59,2023-09-05 19:18:59,
1323,2,1323,2023-08-12 19:18:59,2024-04-07 19:18:59,2023-09-05 19:18:59,2023-09-05 19:18:59,
1324,1,1324,2023-05-02 19:18:59,2024-06-23 19:18:59,2023-09-05 19:18:59,2023-09-05 19:18:59,
1325,2,1325,2022-12-27 19:18:59,2024-09-03 19:18:59,2023-09-05 19:18:59,2023-09-05 19:18:59,
1326,2,1326,2023-07-20 19:18:59,2023-11-01 19:18:59,2023-09-05 19:18:59,2023-09-05 19:18:59,
1327,1,1327,2023-04-26 19:18:59,2024-08-17 19:18:59,2023-09-05 19:18:59,2023-09-05 19:18:59,
1328,2,1328,2023-08-08 19:18:59,2023-10-05 19:18:59,2023-09-05 19:18:59,2023-09-05 19:18:59,
1329,2,1329,2023-01-26 19:18:59,2023-10-14 19:18:59,2023-09-05 19:18:59,2023-09-05 19:18:59,
1330,1,1330,2022-10-22 19:18:59,2024-04-13 19:18:59,2023-09-05 19:18:59,2023-09-05 19:18:59,
1331,1,1331,2023-02-02 19:18:59,2024-06-22 19:18:59,2023-09-05 19:18:59,2023-09-05 19:18:59,
1332,1,1332,2023-02-17 19:18:59,2024-05-10 19:18:59,2023-09-05 19:18:59,2023-09-05 19:18:59,
1333,2,1333,2023-06-26 19:18:59,2024-08-12 19:18:59,2023-09-05 19:18:59,2023-09-05 19:18:59,
1334,1,1334,2022-12-16 19:18:59,2023-12-16 19:18:59,2023-09-05 19:18:59,2023-09-05 19:18:59,
1335,2,1335,2022-11-27 19:18:59,2024-05-23 19:18:59,2023-09-05 19:18:59,2023-09-05 19:18:59,
1336,3,1336,2023-01-01 19:18:59,2024-08-15 19:18:59,2023-09-05 19:18:59,2023-09-05 19:18:59,
1337,3,1337,2022-10-08 19:18:59,2023-12-02 19:18:59,2023-09-05 19:18:59,2023-09-05 19:18:59,
1338,1,1338,2023-06-19 19:18:59,2024-04-18 19:18:59,2023-09-05 19:18:59,2023-09-05 19:18:59,
1339,3,1339,2022-11-23 19:18:59,2024-05-24 19:18:59,2023-09-05 19:18:59,2023-09-05 19:18:59,
1340,1,1340,2023-01-25 19:18:59,2023-11-24 19:18:59,2023-09-05 19:18:59,2023-09-05 19:18:59,
1341,3,1341,2023-09-01 19:18:59,2023-12-27 19:18:59,2023-09-05 19:18:59,2023-09-05 19:18:59,
1342,1,1342,2023-05-03 19:18:59,2024-02-13 19:18:59,2023-09-05 19:18:59,2023-09-05 19:18:59,
1343,1,1343,2022-09-30 19:18:59,2024-01-12 19:18:59,2023-09-05 19:18:59,2023-09-05 19:18:59,
1344,2,1344,2023-03-20 19:18:59,2024-05-16 19:18:59,2023-09-05 19:18:59,2023-09-05 19:18:59,
1345,2,1345,2023-08-26 19:18:59,2024-01-19 19:18:59,2023-09-05 19:18:59,2023-09-05 19:18:59,
1346,2,1346,2022-11-05 19:18:59,2023-10-14 19:18:59,2023-09-05 19:18:59,2023-09-05 19:18:59,
1347,1,1347,2023-01-04 19:18:59,2023-12-11 19:18:59,2023-09-05 19:18:59,2023-09-05 19:18:59,
1348,2,1348,2022-11-23 19:18:59,2023-12-30 19:18:59,2023-09-05 19:18:59,2023-09-05 19:18:59,
1349,1,1349,2023-08-17 19:18:59,2024-08-28 19:18:59,2023-09-05 19:18:59,2023-09-05 19:18:59,
1350,3,1350,2023-03-25 19:18:59,2024-06-02 19:18:59,2023-09-05 19:18:59,2023-09-05 19:18:59,
1351,2,1351,2023-09-05 19:18:59,2024-04-10 19:18:59,2023-09-05 19:18:59,2023-09-05 19:18:59,
1352,1,1352,2023-01-30 19:18:59,2024-02-11 19:18:59,2023-09-05 19:18:59,2023-09-05 19:18:59,
1353,2,1353,2023-08-13 19:18:59,2024-04-15 19:18:59,2023-09-05 19:18:59,2023-09-05 19:18:59,
1354,3,1354,2022-10-04 19:18:59,2024-08-13 19:18:59,2023-09-05 19:18:59,2023-09-05 19:18:59,
1355,2,1355,2023-03-07 19:18:59,2023-11-30 19:18:59,2023-09-05 19:18:59,2023-09-05 19:18:59,
1356,2,1356,2023-08-15 19:18:59,2024-06-21 19:18:59,2023-09-05 19:18:59,2023-09-05 19:18:59,
1357,2,1357,2023-03-02 19:18:59,2024-08-23 19:18:59,2023-09-05 19:18:59,2023-09-05 19:18:59,
1358,1,1358,2022-10-10 19:18:59,2024-03-10 19:18:59,2023-09-05 19:18:59,2023-09-05 19:18:59,
1359,2,1359,2023-06-04 19:18:59,2024-06-25 19:18:59,2023-09-05 19:18:59,2023-09-05 19:18:59,
1360,3,1360,2022-09-18 19:18:59,2023-11-15 19:18:59,2023-09-05 19:18:59,2023-09-05 19:18:59,
1361,3,1361,2023-08-20 19:18:59,2024-08-11 19:18:59,2023-09-05 19:18:59,2023-09-05 19:18:59,
1362,2,1362,2023-07-11 19:18:59,2023-11-17 19:18:59,2023-09-05 19:18:59,2023-09-05 19:18:59,
1363,3,1363,2023-02-09 19:18:59,2023-10-25 19:18:59,2023-09-05 19:18:59,2023-09-05 19:18:59,
1364,3,1364,2023-05-29 19:18:59,2024-04-08 19:18:59,2023-09-05 19:18:59,2023-09-05 19:18:59,
1365,1,1365,2023-04-15 19:18:59,2023-10-24 19:18:59,2023-09-05 19:18:59,2023-09-05 19:18:59,
1366,1,1366,2023-05-18 19:18:59,2024-01-11 19:18:59,2023-09-05 19:18:59,2023-09-05 19:18:59,
1367,2,1367,2023-08-15 19:18:59,2023-11-11 19:18:59,2023-09-05 19:18:59,2023-09-05 19:18:59,
1368,1,1368,2023-04-28 19:18:59,2024-06-07 19:18:59,2023-09-05 19:18:59,2023-09-05 19:18:59,
1369,2,1369,2023-02-02 19:18:59,2024-05-08 19:18:59,2023-09-05 19:18:59,2023-09-05 19:18:59,
1370,1,1370,2023-04-05 19:18:59,2023-11-29 19:18:59,2023-09-05 19:18:59,2023-09-05 19:18:59,
1371,3,1371,2022-09-12 19:18:59,2024-05-07 19:18:59,2023-09-05 19:18:59,2023-09-05 19:18:59,
1372,3,1372,2022-12-15 19:18:59,2023-11-22 19:18:59,2023-09-05 19:18:59,2023-09-05 19:18:59,
1373,2,1373,2022-11-16 19:18:59,2023-12-30 19:18:59,2023-09-05 19:18:59,2023-09-05 19:18:59,
1374,1,1374,2022-10-01 19:18:59,2023-11-30 19:18:59,2023-09-05 19:18:59,2023-09-05 19:18:59,
1375,2,1375,2023-08-02 19:18:59,2024-03-14 19:18:59,2023-09-05 19:18:59,2023-09-05 19:18:59,
1376,1,1376,2023-08-30 19:18:59,2024-03-11 19:18:59,2023-09-05 19:18:59,2023-09-05 19:18:59,
1377,3,1377,2023-01-04 19:18:59,2023-10-17 19:18:59,2023-09-05 19:18:59,2023-09-05 19:18:59,
1378,3,1378,2023-07-14 19:18:59,2024-05-27 19:18:59,2023-09-05 19:18:59,2023-09-05 19:18:59,
1379,2,1379,2022-10-19 19:18:59,2024-06-28 19:18:59,2023-09-05 19:18:59,2023-09-05 19:18:59,
1380,3,1380,2022-09-16 19:18:59,2024-06-08 19:18:59,2023-09-05 19:18:59,2023-09-05 19:18:59,
1381,2,1381,2023-06-28 19:18:59,2024-03-28 19:18:59,2023-09-05 19:18:59,2023-09-05 19:18:59,
1382,3,1382,2023-04-19 19:18:59,2024-06-02 19:18:59,2023-09-05 19:18:59,2023-09-05 19:18:59,
1383,2,1383,2022-10-07 19:18:59,2023-12-09 19:18:59,2023-09-05 19:18:59,2023-09-05 19:18:59,
1384,2,1384,2022-12-31 19:18:59,2024-01-02 19:18:59,2023-09-05 19:18:59,2023-09-05 19:18:59,
1385,1,1385,2022-10-31 19:18:59,2024-03-15 19:18:59,2023-09-05 19:18:59,2023-09-05 19:18:59,
1386,1,1386,2023-07-07 19:18:59,2024-06-26 19:18:59,2023-09-05 19:18:59,2023-09-05 19:18:59,
1387,3,1387,2022-09-25 19:18:59,2024-02-26 19:18:59,2023-09-05 19:18:59,2023-09-05 19:18:59,
1388,2,1388,2023-01-10 19:18:59,2023-12-27 19:18:59,2023-09-05 19:18:59,2023-09-05 19:18:59,
1389,2,1389,2023-07-14 19:18:59,2024-03-25 19:18:59,2023-09-05 19:18:59,2023-09-05 19:18:59,
1390,2,1390,2023-01-22 19:18:59,2024-02-22 19:18:59,2023-09-05 19:18:59,2023-09-05 19:18:59,
1391,1,1391,2023-01-29 19:18:59,2024-03-06 19:18:59,2023-09-05 19:18:59,2023-09-05 19:18:59,
1392,2,1392,2023-05-24 19:18:59,2024-08-01 19:18:59,2023-09-05 19:18:59,2023-09-05 19:18:59,
1393,3,1393,2023-03-26 19:18:59,2023-12-25 19:18:59,2023-09-05 19:18:59,2023-09-05 19:18:59,
1394,3,1394,2023-01-10 19:18:59,2024-07-26 19:18:59,2023-09-05 19:18:59,2023-09-05 19:18:59,
1395,2,1395,2023-01-05 19:18:59,2023-11-20 19:18:59,2023-09-05 19:18:59,2023-09-05 19:18:59,
1396,1,1396,2023-06-18 19:18:59,2023-11-01 19:18:59,2023-09-05 19:18:59,2023-09-05 19:18:59,
1397,3,1397,2022-12-23 19:18:59,2024-02-06 19:18:59,2023-09-05 19:18:59,2023-09-05 19:18:59,
1398,2,1398,2023-08-26 19:18:59,2024-05-09 19:18:59,2023-09-05 19:18:59,2023-09-05 19:18:59,
1399,3,1399,2023-05-25 19:18:59,2023-10-30 19:18:59,2023-09-05 19:18:59,2023-09-05 19:18:59,
1400,3,1400,2023-02-26 19:18:59,2024-03-26 19:18:59,2023-09-05 19:18:59,2023-09-05 19:18:59,
1401,1,1401,2023-03-02 19:18:59,2023-11-21 19:18:59,2023-09-05 19:18:59,2023-09-05 19:18:59,
1402,2,1402,2023-01-05 19:18:59,2024-03-26 19:18:59,2023-09-05 19:18:59,2023-09-05 19:18:59,
1403,3,1403,2023-07-05 19:18:59,2023-12-14 19:18:59,2023-09-05 19:18:59,2023-09-05 19:18:59,
1404,1,1404,2022-11-11 19:18:59,2024-07-27 19:18:59,2023-09-05 19:18:59,2023-09-05 19:18:59,
1405,1,1405,2022-12-19 19:18:59,2024-07-18 19:18:59,2023-09-05 19:18:59,2023-09-05 19:18:59,
1406,2,1406,2023-08-22 19:18:59,2024-07-30 19:18:59,2023-09-05 19:18:59,2023-09-05 19:18:59,
1407,1,1407,2023-05-08 19:18:59,2024-04-14 19:18:59,2023-09-05 19:18:59,2023-09-05 19:18:59,
1408,2,1408,2022-12-19 19:18:59,2024-01-27 19:18:59,2023-09-05 19:18:59,2023-09-05 19:18:59,
1409,2,1409,2023-02-23 19:18:59,2024-05-01 19:18:59,2023-09-05 19:18:59,2023-09-05 19:18:59,
1410,1,1410,2023-08-06 19:18:59,2024-04-14 19:18:59,2023-09-05 19:18:59,2023-09-05 19:18:59,
1411,3,1411,2023-03-04 19:18:59,2024-07-24 19:18:59,2023-09-05 19:18:59,2023-09-05 19:18:59,
1412,3,1412,2023-05-07 19:18:59,2024-06-21 19:18:59,2023-09-05 19:18:59,2023-09-05 19:18:59,
1413,2,1413,2023-02-20 19:18:59,2024-02-19 19:18:59,2023-09-05 19:18:59,2023-09-05 19:18:59,
1414,2,1414,2023-04-30 19:18:59,2024-01-07 19:18:59,2023-09-05 19:18:59,2023-09-05 19:18:59,
1415,1,1415,2023-04-04 19:18:59,2023-10-17 19:18:59,2023-09-05 19:18:59,2023-09-05 19:18:59,
1416,3,1416,2023-01-30 19:18:59,2024-01-26 19:18:59,2023-09-05 19:18:59,2023-09-05 19:18:59,
1417,3,1417,2023-09-03 19:18:59,2024-01-06 19:18:59,2023-09-05 19:18:59,2023-09-05 19:18:59,
1418,2,1418,2023-07-28 19:18:59,2024-01-06 19:18:59,2023-09-05 19:18:59,2023-09-05 19:18:59,
1419,3,1419,2023-08-09 19:18:59,2023-11-08 19:18:59,2023-09-05 19:18:59,2023-09-05 19:18:59,
1420,1,1420,2023-08-09 19:18:59,2023-11-01 19:18:59,2023-09-05 19:18:59,2023-09-05 19:18:59,
1421,1,1421,2022-12-09 19:18:59,2023-11-06 19:18:59,2023-09-05 19:18:59,2023-09-05 19:18:59,
1422,3,1422,2022-10-21 19:18:59,2024-08-11 19:18:59,2023-09-05 19:18:59,2023-09-05 19:18:59,
1423,1,1423,2023-04-11 19:18:59,2023-10-20 19:18:59,2023-09-05 19:18:59,2023-09-05 19:18:59,
1424,1,1424,2023-01-16 19:18:59,2024-09-02 19:18:59,2023-09-05 19:18:59,2023-09-05 19:18:59,
1425,2,1425,2022-10-05 19:18:59,2023-12-07 19:18:59,2023-09-05 19:18:59,2023-09-05 19:18:59,
1426,3,1426,2022-10-21 19:18:59,2023-10-29 19:18:59,2023-09-05 19:18:59,2023-09-05 19:18:59,
1427,2,1427,2022-11-14 19:18:59,2024-03-18 19:18:59,2023-09-05 19:18:59,2023-09-05 19:18:59,
1428,3,1428,2022-10-06 19:18:59,2024-03-13 19:18:59,2023-09-05 19:18:59,2023-09-05 19:18:59,
1429,3,1429,2023-04-12 19:18:59,2024-05-12 19:18:59,2023-09-05 19:18:59,2023-09-05 19:18:59,
1430,1,1430,2023-01-12 19:18:59,2024-06-07 19:18:59,2023-09-05 19:18:59,2023-09-05 19:18:59,
1431,1,1431,2023-08-14 19:18:59,2024-09-01 19:18:59,2023-09-05 19:18:59,2023-09-05 19:18:59,
1432,3,1432,2022-12-18 19:18:59,2024-02-17 19:18:59,2023-09-05 19:18:59,2023-09-05 19:18:59,
1433,3,1433,2023-01-20 19:18:59,2024-03-20 19:18:59,2023-09-05 19:18:59,2023-09-05 19:18:59,
1434,2,1434,2023-01-16 19:18:59,2023-11-04 19:18:59,2023-09-05 19:18:59,2023-09-05 19:18:59,
1435,3,1435,2023-07-04 19:18:59,2023-11-12 19:18:59,2023-09-05 19:18:59,2023-09-05 19:18:59,
1436,1,1436,2023-08-10 19:18:59,2024-02-14 19:18:59,2023-09-05 19:18:59,2023-09-05 19:18:59,
1437,1,1437,2022-10-31 19:18:59,2024-02-16 19:18:59,2023-09-05 19:18:59,2023-09-05 19:18:59,
1438,2,1438,2023-08-08 19:18:59,2024-08-23 19:18:59,2023-09-05 19:18:59,2023-09-05 19:18:59,
1439,3,1439,2022-09-25 19:18:59,2023-10-22 19:18:59,2023-09-05 19:18:59,2023-09-05 19:18:59,
1440,2,1440,2023-02-23 19:18:59,2024-06-05 19:18:59,2023-09-05 19:18:59,2023-09-05 19:18:59,
1441,2,1441,2022-12-26 19:18:59,2024-02-28 19:18:59,2023-09-05 19:18:59,2023-09-05 19:18:59,
1442,1,1442,2022-10-21 19:18:59,2024-04-28 19:18:59,2023-09-05 19:18:59,2023-09-05 19:18:59,
1443,2,1443,2023-06-11 19:18:59,2024-05-17 19:18:59,2023-09-05 19:18:59,2023-09-05 19:18:59,
1444,3,1444,2023-03-20 19:18:59,2023-10-15 19:18:59,2023-09-05 19:18:59,2023-09-05 19:18:59,
1445,3,1445,2023-03-06 19:18:59,2024-03-01 19:18:59,2023-09-05 19:18:59,2023-09-05 19:18:59,
1446,3,1446,2023-02-19 19:18:59,2024-03-25 19:18:59,2023-09-05 19:18:59,2023-09-05 19:18:59,
1447,1,1447,2023-05-22 19:18:59,2024-05-14 19:18:59,2023-09-05 19:18:59,2023-09-05 19:18:59,
1448,3,1448,2023-07-10 19:18:59,2024-03-13 19:18:59,2023-09-05 19:18:59,2023-09-05 19:18:59,
1449,1,1449,2023-03-30 19:18:59,2024-08-14 19:18:59,2023-09-05 19:18:59,2023-09-05 19:18:59,
1450,2,1450,2023-05-08 19:18:59,2024-03-16 19:18:59,2023-09-05 19:18:59,2023-09-05 19:18:59,
1451,3,1451,2022-12-02 19:18:59,2024-01-08 19:18:59,2023-09-05 19:18:59,2023-09-05 19:18:59,
1452,3,1452,2023-02-03 19:18:59,2023-11-28 19:18:59,2023-09-05 19:18:59,2023-09-05 19:18:59,
1453,3,1453,2023-04-05 19:18:59,2024-06-23 19:18:59,2023-09-05 19:18:59,2023-09-05 19:18:59,
1454,3,1454,2023-08-15 19:18:59,2024-01-20 19:18:59,2023-09-05 19:18:59,2023-09-05 19:18:59,
1455,2,1455,2023-08-24 19:18:59,2024-04-30 19:18:59,2023-09-05 19:18:59,2023-09-05 19:18:59,
1456,1,1456,2023-08-16 19:18:59,2023-12-18 19:18:59,2023-09-05 19:18:59,2023-09-05 19:18:59,
1457,1,1457,2023-05-27 19:18:59,2024-03-11 19:18:59,2023-09-05 19:18:59,2023-09-05 19:18:59,
1458,3,1458,2023-06-20 19:18:59,2024-01-17 19:18:59,2023-09-05 19:18:59,2023-09-05 19:18:59,
1459,2,1459,2022-09-07 19:18:59,2024-02-11 19:18:59,2023-09-05 19:18:59,2023-09-05 19:18:59,
1460,1,1460,2023-08-30 19:18:59,2024-05-23 19:18:59,2023-09-05 19:18:59,2023-09-05 19:18:59,
1461,1,1461,2023-08-22 19:18:59,2024-06-30 19:18:59,2023-09-05 19:18:59,2023-09-05 19:18:59,
1462,2,1462,2023-07-09 19:18:59,2023-12-05 19:18:59,2023-09-05 19:18:59,2023-09-05 19:18:59,
1463,3,1463,2023-06-11 19:18:59,2023-12-24 19:18:59,2023-09-05 19:18:59,2023-09-05 19:18:59,
1464,1,1464,2023-01-08 19:18:59,2023-12-12 19:18:59,2023-09-05 19:18:59,2023-09-05 19:18:59,
1465,1,1465,2023-07-24 19:18:59,2024-01-21 19:18:59,2023-09-05 19:18:59,2023-09-05 19:18:59,
1466,3,1466,2023-01-22 19:18:59,2024-04-25 19:18:59,2023-09-05 19:18:59,2023-09-05 19:18:59,
1467,3,1467,2023-03-13 19:18:59,2024-08-24 19:18:59,2023-09-05 19:18:59,2023-09-05 19:18:59,
1468,2,1468,2023-02-09 19:18:59,2024-08-31 19:18:59,2023-09-05 19:18:59,2023-09-05 19:18:59,
1469,2,1469,2023-04-30 19:18:59,2024-02-02 19:18:59,2023-09-05 19:18:59,2023-09-05 19:18:59,
1470,2,1470,2022-11-20 19:18:59,2024-07-23 19:18:59,2023-09-05 19:18:59,2023-09-05 19:18:59,
1471,3,1471,2023-08-20 19:18:59,2024-08-24 19:18:59,2023-09-05 19:18:59,2023-09-05 19:18:59,
1472,2,1472,2023-06-26 19:18:59,2023-12-05 19:18:59,2023-09-05 19:18:59,2023-09-05 19:18:59,
1473,2,1473,2023-01-09 19:18:59,2024-03-25 19:18:59,2023-09-05 19:18:59,2023-09-05 19:18:59,
1474,1,1474,2023-01-17 19:18:59,2024-07-12 19:18:59,2023-09-05 19:18:59,2023-09-05 19:18:59,
1475,1,1475,2022-12-02 19:18:59,2024-02-17 19:18:59,2023-09-05 19:18:59,2023-09-05 19:18:59,
1476,1,1476,2022-12-11 19:18:59,2023-11-19 19:18:59,2023-09-05 19:18:59,2023-09-05 19:18:59,
1477,3,1477,2023-03-08 19:18:59,2024-01-14 19:18:59,2023-09-05 19:18:59,2023-09-05 19:18:59,
1478,1,1478,2023-06-21 19:18:59,2023-10-10 19:18:59,2023-09-05 19:18:59,2023-09-05 19:18:59,
1479,1,1479,2023-01-21 19:18:59,2023-10-30 19:18:59,2023-09-05 19:18:59,2023-09-05 19:18:59,
1480,3,1480,2023-02-06 19:18:59,2024-05-09 19:18:59,2023-09-05 19:18:59,2023-09-05 19:18:59,
1481,2,1481,2023-08-24 19:18:59,2024-04-05 19:18:59,2023-09-05 19:18:59,2023-09-05 19:18:59,
1482,2,1482,2023-08-09 19:18:59,2023-10-09 19:18:59,2023-09-05 19:18:59,2023-09-05 19:18:59,
1483,3,1483,2023-03-12 19:18:59,2023-10-11 19:18:59,2023-09-05 19:18:59,2023-09-05 19:18:59,
1484,1,1484,2022-11-15 19:18:59,2024-06-21 19:18:59,2023-09-05 19:18:59,2023-09-05 19:18:59,
1485,2,1485,2023-01-18 19:18:59,2023-12-08 19:18:59,2023-09-05 19:18:59,2023-09-05 19:18:59,
1486,3,1486,2023-03-27 19:18:59,2024-05-15 19:18:59,2023-09-05 19:18:59,2023-09-05 19:18:59,
1487,3,1487,2023-08-04 19:18:59,2024-02-10 19:18:59,2023-09-05 19:18:59,2023-09-05 19:18:59,
1488,1,1488,2022-11-27 19:18:59,2024-05-08 19:18:59,2023-09-05 19:18:59,2023-09-05 19:18:59,
1489,2,1489,2023-05-02 19:18:59,2024-02-02 19:18:59,2023-09-05 19:18:59,2023-09-05 19:18:59,
1490,1,1490,2023-03-05 19:18:59,2024-01-05 19:18:59,2023-09-05 19:18:59,2023-09-05 19:18:59,
1491,2,1491,2023-03-31 19:18:59,2024-07-02 19:18:59,2023-09-05 19:18:59,2023-09-05 19:18:59,
1492,1,1492,2022-10-07 19:18:59,2024-04-01 19:18:59,2023-09-05 19:18:59,2023-09-05 19:18:59,
1493,3,1493,2023-05-27 19:18:59,2024-04-05 19:18:59,2023-09-05 19:18:59,2023-09-05 19:18:59,
1494,1,1494,2022-10-28 19:18:59,2024-01-23 19:18:59,2023-09-05 19:18:59,2023-09-05 19:18:59,
1495,1,1495,2022-12-23 19:18:59,2023-11-11 19:18:59,2023-09-05 19:18:59,2023-09-05 19:18:59,
1496,1,1496,2023-05-28 19:18:59,2024-05-15 19:18:59,2023-09-05 19:18:59,2023-09-05 19:18:59,
1497,3,1497,2023-05-31 19:18:59,2024-08-01 19:18:59,2023-09-05 19:18:59,2023-09-05 19:18:59,
1498,1,1498,2022-09-10 19:18:59,2024-04-28 19:18:59,2023-09-05 19:18:59,2023-09-05 19:18:59,
1499,3,1499,2023-05-19 19:18:59,2024-03-24 19:18:59,2023-09-05 19:18:59,2023-09-05 19:18:59,
1500,1,1500,2023-09-02 19:18:59,2023-11-13 19:18:59,2023-09-05 19:18:59,2023-09-05 19:18:59,
1501,1,1501,2022-11-08 19:18:59,2024-08-13 19:18:59,2023-09-05 19:18:59,2023-09-05 19:18:59,
1502,3,1502,2023-05-07 19:18:59,2024-06-22 19:18:59,2023-09-05 19:18:59,2023-09-05 19:18:59,
1503,3,1503,2023-04-07 19:18:59,2023-12-08 19:18:59,2023-09-05 19:18:59,2023-09-05 19:18:59,
1504,1,1504,2022-12-20 19:18:59,2024-01-09 19:18:59,2023-09-05 19:18:59,2023-09-05 19:18:59,
1505,1,1505,2023-06-23 19:18:59,2023-11-20 19:18:59,2023-09-05 19:18:59,2023-09-05 19:18:59,
1506,1,1506,2023-07-29 19:18:59,2024-02-22 19:18:59,2023-09-05 19:18:59,2023-09-05 19:18:59,
1507,2,1507,2023-05-29 19:18:59,2024-08-06 19:18:59,2023-09-05 19:18:59,2023-09-05 19:18:59,
1508,1,1508,2023-03-26 19:18:59,2023-11-29 19:18:59,2023-09-05 19:18:59,2023-09-05 19:18:59,
1509,3,1509,2022-09-12 19:18:59,2024-06-20 19:18:59,2023-09-05 19:18:59,2023-09-05 19:18:59,
1510,3,1510,2022-09-10 19:18:59,2024-04-18 19:18:59,2023-09-05 19:18:59,2023-09-05 19:18:59,
1511,2,1511,2023-05-06 19:18:59,2024-06-26 19:18:59,2023-09-05 19:18:59,2023-09-05 19:18:59,
1512,3,1512,2022-12-07 19:18:59,2024-04-19 19:18:59,2023-09-05 19:18:59,2023-09-05 19:18:59,
1513,2,1513,2022-12-07 19:18:59,2024-02-23 19:18:59,2023-09-05 19:18:59,2023-09-05 19:18:59,
1514,1,1514,2023-06-05 19:18:59,2024-06-16 19:18:59,2023-09-05 19:18:59,2023-09-05 19:18:59,
1515,2,1515,2023-03-09 19:18:59,2024-06-02 19:18:59,2023-09-05 19:18:59,2023-09-05 19:18:59,
1516,1,1516,2023-04-13 19:18:59,2024-05-18 19:18:59,2023-09-05 19:18:59,2023-09-05 19:18:59,
1517,3,1517,2023-01-26 19:18:59,2024-06-12 19:18:59,2023-09-05 19:18:59,2023-09-05 19:18:59,
1518,1,1518,2022-10-14 19:18:59,2024-02-26 19:18:59,2023-09-05 19:18:59,2023-09-05 19:18:59,
1519,1,1519,2023-01-24 19:18:59,2024-07-25 19:18:59,2023-09-05 19:18:59,2023-09-05 19:18:59,
1520,3,1520,2022-09-18 19:18:59,2023-10-10 19:18:59,2023-09-05 19:18:59,2023-09-05 19:18:59,
1521,1,1521,2022-11-27 19:18:59,2024-08-28 19:18:59,2023-09-05 19:18:59,2023-09-05 19:18:59,
1522,2,1522,2023-04-20 19:18:59,2023-11-18 19:18:59,2023-09-05 19:18:59,2023-09-05 19:18:59,
1523,2,1523,2023-03-23 19:18:59,2024-07-08 19:18:59,2023-09-05 19:18:59,2023-09-05 19:18:59,
1524,3,1524,2022-10-25 19:18:59,2024-04-03 19:18:59,2023-09-05 19:18:59,2023-09-05 19:18:59,
1525,1,1525,2023-07-23 19:18:59,2023-10-19 19:18:59,2023-09-05 19:18:59,2023-09-05 19:18:59,
1526,2,1526,2023-06-28 19:18:59,2024-02-27 19:18:59,2023-09-05 19:18:59,2023-09-05 19:18:59,
1527,3,1527,2022-12-28 19:18:59,2024-06-05 19:18:59,2023-09-05 19:18:59,2023-09-05 19:18:59,
1528,2,1528,2022-12-15 19:18:59,2023-12-16 19:18:59,2023-09-05 19:18:59,2023-09-05 19:18:59,
1529,3,1529,2023-04-26 19:18:59,2024-07-18 19:18:59,2023-09-05 19:18:59,2023-09-05 19:18:59,
1530,3,1530,2022-11-26 19:18:59,2023-10-11 19:18:59,2023-09-05 19:18:59,2023-09-05 19:18:59,
1531,1,1531,2023-02-06 19:18:59,2024-02-25 19:18:59,2023-09-05 19:18:59,2023-09-05 19:18:59,
1532,3,1532,2022-12-07 19:18:59,2023-12-27 19:18:59,2023-09-05 19:18:59,2023-09-05 19:18:59,
1533,3,1533,2023-02-10 19:18:59,2024-03-30 19:18:59,2023-09-05 19:18:59,2023-09-05 19:18:59,
1534,2,1534,2022-12-25 19:18:59,2024-07-01 19:18:59,2023-09-05 19:18:59,2023-09-05 19:18:59,
1535,3,1535,2022-09-20 19:18:59,2024-08-30 19:18:59,2023-09-05 19:18:59,2023-09-05 19:18:59,
1536,1,1536,2023-01-13 19:18:59,2024-03-26 19:18:59,2023-09-05 19:18:59,2023-09-05 19:18:59,
1537,1,1537,2023-05-07 19:18:59,2023-11-23 19:18:59,2023-09-05 19:18:59,2023-09-05 19:18:59,
1538,1,1538,2023-07-12 19:18:59,2023-10-09 19:18:59,2023-09-05 19:18:59,2023-09-05 19:18:59,
1539,2,1539,2023-05-01 19:18:59,2024-01-09 19:18:59,2023-09-05 19:18:59,2023-09-05 19:18:59,
1540,3,1540,2023-04-21 19:18:59,2023-12-26 19:18:59,2023-09-05 19:18:59,2023-09-05 19:18:59,
1541,1,1541,2023-06-10 19:18:59,2024-05-09 19:18:59,2023-09-05 19:18:59,2023-09-05 19:18:59,
1542,2,1542,2022-10-30 19:18:59,2024-08-11 19:18:59,2023-09-05 19:18:59,2023-09-05 19:18:59,
1543,3,1543,2022-12-30 19:18:59,2024-04-18 19:18:59,2023-09-05 19:18:59,2023-09-05 19:18:59,
1544,2,1544,2022-09-15 19:18:59,2024-01-22 19:18:59,2023-09-05 19:18:59,2023-09-05 19:18:59,
1545,3,1545,2023-03-16 19:18:59,2024-03-18 19:18:59,2023-09-05 19:18:59,2023-09-05 19:18:59,
1546,3,1546,2023-01-12 19:18:59,2023-11-13 19:18:59,2023-09-05 19:18:59,2023-09-05 19:18:59,
1547,3,1547,2023-03-19 19:18:59,2023-10-17 19:18:59,2023-09-05 19:18:59,2023-09-05 19:18:59,
1548,1,1548,2022-11-05 19:18:59,2023-12-27 19:18:59,2023-09-05 19:18:59,2023-09-05 19:18:59,
1549,3,1549,2023-07-21 19:18:59,2024-05-21 19:18:59,2023-09-05 19:18:59,2023-09-05 19:18:59,
1550,2,1550,2022-09-15 19:18:59,2024-04-20 19:18:59,2023-09-05 19:18:59,2023-09-05 19:18:59,
1551,1,1551,2022-12-21 19:18:59,2024-07-06 19:18:59,2023-09-05 19:18:59,2023-09-05 19:18:59,
1552,2,1552,2022-10-30 19:18:59,2023-11-04 19:18:59,2023-09-05 19:18:59,2023-09-05 19:18:59,
1553,1,1553,2023-09-04 19:18:59,2024-06-01 19:18:59,2023-09-05 19:18:59,2023-09-05 19:18:59,
1554,1,1554,2023-03-05 19:18:59,2024-01-12 19:18:59,2023-09-05 19:18:59,2023-09-05 19:18:59,
1555,2,1555,2023-01-19 19:18:59,2024-05-26 19:18:59,2023-09-05 19:18:59,2023-09-05 19:18:59,
1556,3,1556,2023-07-02 19:18:59,2024-03-04 19:18:59,2023-09-05 19:18:59,2023-09-05 19:18:59,
1557,1,1557,2023-06-08 19:18:59,2023-10-22 19:18:59,2023-09-05 19:18:59,2023-09-05 19:18:59,
1558,3,1558,2023-05-28 19:18:59,2024-07-21 19:18:59,2023-09-05 19:18:59,2023-09-05 19:18:59,
1559,1,1559,2023-06-12 19:18:59,2024-07-07 19:18:59,2023-09-05 19:18:59,2023-09-05 19:18:59,
1560,1,1560,2023-08-26 19:18:59,2024-02-24 19:18:59,2023-09-05 19:18:59,2023-09-05 19:18:59,
1561,2,1561,2023-08-05 19:18:59,2024-09-02 19:18:59,2023-09-05 19:18:59,2023-09-05 19:18:59,
1562,2,1562,2023-01-17 19:18:59,2024-04-23 19:18:59,2023-09-05 19:18:59,2023-09-05 19:18:59,
1563,2,1563,2022-10-23 19:18:59,2024-07-22 19:18:59,2023-09-05 19:18:59,2023-09-05 19:18:59,
1564,2,1564,2023-09-01 19:18:59,2024-04-16 19:18:59,2023-09-05 19:18:59,2023-09-05 19:18:59,
1565,3,1565,2022-11-07 19:18:59,2024-07-13 19:18:59,2023-09-05 19:18:59,2023-09-05 19:18:59,
1566,3,1566,2022-09-17 19:18:59,2024-06-25 19:18:59,2023-09-05 19:18:59,2023-09-05 19:18:59,
1567,3,1567,2022-09-08 19:18:59,2024-06-08 19:18:59,2023-09-05 19:18:59,2023-09-05 19:18:59,
1568,1,1568,2022-11-15 19:18:59,2024-07-05 19:18:59,2023-09-05 19:18:59,2023-09-05 19:18:59,
1569,3,1569,2023-06-04 19:18:59,2024-05-18 19:18:59,2023-09-05 19:18:59,2023-09-05 19:18:59,
1570,2,1570,2023-04-10 19:18:59,2024-06-22 19:18:59,2023-09-05 19:18:59,2023-09-05 19:18:59,
1571,1,1571,2023-06-04 19:18:59,2024-03-21 19:18:59,2023-09-05 19:18:59,2023-09-05 19:18:59,
1572,2,1572,2022-12-30 19:18:59,2024-05-04 19:18:59,2023-09-05 19:18:59,2023-09-05 19:18:59,
1573,1,1573,2023-03-14 19:18:59,2024-03-29 19:18:59,2023-09-05 19:18:59,2023-09-05 19:18:59,
1574,2,1574,2023-06-02 19:18:59,2024-08-31 19:18:59,2023-09-05 19:18:59,2023-09-05 19:18:59,
1575,3,1575,2022-12-10 19:18:59,2024-02-21 19:18:59,2023-09-05 19:18:59,2023-09-05 19:18:59,
1576,1,1576,2023-02-01 19:18:59,2024-06-08 19:18:59,2023-09-05 19:18:59,2023-09-05 19:18:59,
1577,3,1577,2023-02-18 19:18:59,2024-08-21 19:18:59,2023-09-05 19:18:59,2023-09-05 19:18:59,
1578,3,1578,2023-01-22 19:18:59,2024-07-09 19:18:59,2023-09-05 19:18:59,2023-09-05 19:18:59,
1579,1,1579,2022-09-09 19:18:59,2024-06-03 19:18:59,2023-09-05 19:18:59,2023-09-05 19:18:59,
1580,3,1580,2023-02-12 19:18:59,2024-08-26 19:18:59,2023-09-05 19:18:59,2023-09-05 19:18:59,
1581,2,1581,2023-02-06 19:18:59,2024-04-21 19:18:59,2023-09-05 19:18:59,2023-09-05 19:18:59,
1582,2,1582,2023-02-23 19:18:59,2023-12-29 19:18:59,2023-09-05 19:18:59,2023-09-05 19:18:59,
1583,3,1583,2023-02-17 19:18:59,2024-02-26 19:18:59,2023-09-05 19:18:59,2023-09-05 19:18:59,
1584,3,1584,2022-10-13 19:18:59,2024-07-15 19:18:59,2023-09-05 19:18:59,2023-09-05 19:18:59,
1585,3,1585,2022-10-23 19:18:59,2023-12-13 19:18:59,2023-09-05 19:18:59,2023-09-05 19:18:59,
1586,3,1586,2023-05-16 19:18:59,2023-12-16 19:18:59,2023-09-05 19:18:59,2023-09-05 19:18:59,
1587,2,1587,2023-05-20 19:18:59,2024-03-26 19:18:59,2023-09-05 19:18:59,2023-09-05 19:18:59,
1588,3,1588,2022-12-06 19:18:59,2024-03-19 19:18:59,2023-09-05 19:18:59,2023-09-05 19:18:59,
1589,2,1589,2022-09-05 19:18:59,2023-11-21 19:18:59,2023-09-05 19:18:59,2023-09-05 19:18:59,
1590,3,1590,2023-08-11 19:18:59,2024-01-09 19:18:59,2023-09-05 19:18:59,2023-09-05 19:18:59,
1591,1,1591,2023-04-07 19:18:59,2024-08-30 19:18:59,2023-09-05 19:18:59,2023-09-05 19:18:59,
1592,3,1592,2023-04-19 19:18:59,2024-07-13 19:18:59,2023-09-05 19:18:59,2023-09-05 19:18:59,
1593,1,1593,2022-12-07 19:18:59,2023-12-24 19:18:59,2023-09-05 19:18:59,2023-09-05 19:18:59,
1594,2,1594,2023-01-06 19:18:59,2023-10-14 19:18:59,2023-09-05 19:18:59,2023-09-05 19:18:59,
1595,3,1595,2022-09-09 19:18:59,2024-06-20 19:18:59,2023-09-05 19:18:59,2023-09-05 19:18:59,
1596,1,1596,2022-12-20 19:18:59,2024-07-10 19:18:59,2023-09-05 19:18:59,2023-09-05 19:18:59,
1597,2,1597,2022-09-29 19:18:59,2024-07-29 19:18:59,2023-09-05 19:18:59,2023-09-05 19:18:59,
1598,2,1598,2023-09-01 19:18:59,2024-06-13 19:18:59,2023-09-05 19:18:59,2023-09-05 19:18:59,
1599,1,1599,2022-10-27 19:18:59,2024-01-08 19:18:59,2023-09-05 19:18:59,2023-09-05 19:18:59,
1600,3,1600,2023-08-02 19:18:59,2023-11-15 19:18:59,2023-09-05 19:18:59,2023-09-05 19:18:59,
1601,1,1601,2023-05-24 19:18:59,2024-01-07 19:18:59,2023-09-05 19:18:59,2023-09-05 19:18:59,
1602,2,1602,2023-06-29 19:18:59,2023-10-30 19:18:59,2023-09-05 19:18:59,2023-09-05 19:18:59,
1603,1,1603,2023-05-26 19:18:59,2024-01-01 19:18:59,2023-09-05 19:18:59,2023-09-05 19:18:59,
1604,2,1604,2023-05-12 19:18:59,2023-10-31 19:18:59,2023-09-05 19:18:59,2023-09-05 19:18:59,
1605,3,1605,2023-07-29 19:18:59,2024-01-10 19:18:59,2023-09-05 19:18:59,2023-09-05 19:18:59,
1606,2,1606,2022-09-12 19:18:59,2023-12-03 19:18:59,2023-09-05 19:18:59,2023-09-05 19:18:59,
1607,2,1607,2022-11-24 19:18:59,2024-07-26 19:18:59,2023-09-05 19:18:59,2023-09-05 19:18:59,
1608,2,1608,2022-11-06 19:18:59,2024-08-20 19:18:59,2023-09-05 19:18:59,2023-09-05 19:18:59,
1609,3,1609,2023-04-22 19:18:59,2024-01-23 19:18:59,2023-09-05 19:18:59,2023-09-05 19:18:59,
1610,3,1610,2023-07-22 19:18:59,2024-04-20 19:18:59,2023-09-05 19:18:59,2023-09-05 19:18:59,
1611,2,1611,2023-07-09 19:18:59,2024-08-22 19:18:59,2023-09-05 19:18:59,2023-09-05 19:18:59,
1612,2,1612,2022-11-27 19:18:59,2024-05-14 19:18:59,2023-09-05 19:18:59,2023-09-05 19:18:59,
1613,1,1613,2023-09-05 19:18:59,2024-07-16 19:18:59,2023-09-05 19:18:59,2023-09-05 19:18:59,
1614,3,1614,2022-12-10 19:18:59,2024-07-31 19:18:59,2023-09-05 19:18:59,2023-09-05 19:18:59,
1615,2,1615,2022-09-19 19:18:59,2024-03-20 19:18:59,2023-09-05 19:18:59,2023-09-05 19:18:59,
1616,3,1616,2023-05-20 19:18:59,2024-02-21 19:18:59,2023-09-05 19:18:59,2023-09-05 19:18:59,
1617,3,1617,2023-07-29 19:18:59,2024-01-07 19:18:59,2023-09-05 19:18:59,2023-09-05 19:18:59,
1618,3,1618,2023-06-03 19:18:59,2024-02-09 19:18:59,2023-09-05 19:18:59,2023-09-05 19:18:59,
1619,3,1619,2023-08-10 19:18:59,2024-05-26 19:18:59,2023-09-05 19:18:59,2023-09-05 19:18:59,
1620,1,1620,2023-06-18 19:18:59,2024-03-07 19:18:59,2023-09-05 19:18:59,2023-09-05 19:18:59,
1621,3,1621,2023-02-25 19:18:59,2024-04-30 19:18:59,2023-09-05 19:18:59,2023-09-05 19:18:59,
1622,3,1622,2023-04-03 19:18:59,2023-12-24 19:18:59,2023-09-05 19:18:59,2023-09-05 19:18:59,
1623,2,1623,2023-09-03 19:18:59,2023-12-08 19:18:59,2023-09-05 19:18:59,2023-09-05 19:18:59,
1624,2,1624,2023-06-04 19:18:59,2023-10-20 19:18:59,2023-09-05 19:18:59,2023-09-05 19:18:59,
1625,3,1625,2023-03-30 19:18:59,2024-04-12 19:18:59,2023-09-05 19:18:59,2023-09-05 19:18:59,
1626,1,1626,2023-04-09 19:18:59,2024-08-12 19:18:59,2023-09-05 19:18:59,2023-09-05 19:18:59,
1627,3,1627,2023-04-05 19:18:59,2024-08-15 19:18:59,2023-09-05 19:18:59,2023-09-05 19:18:59,
1628,2,1628,2023-05-22 19:18:59,2024-03-24 19:18:59,2023-09-05 19:18:59,2023-09-05 19:18:59,
1629,3,1629,2023-06-03 19:18:59,2023-11-03 19:18:59,2023-09-05 19:18:59,2023-09-05 19:18:59,
1630,2,1630,2022-10-16 19:18:59,2023-11-04 19:18:59,2023-09-05 19:18:59,2023-09-05 19:18:59,
1631,2,1631,2023-04-04 19:18:59,2023-12-14 19:18:59,2023-09-05 19:18:59,2023-09-05 19:18:59,
1632,1,1632,2022-10-15 19:18:59,2024-03-01 19:18:59,2023-09-05 19:18:59,2023-09-05 19:18:59,
1633,3,1633,2023-08-11 19:18:59,2024-04-27 19:18:59,2023-09-05 19:18:59,2023-09-05 19:18:59,
1634,2,1634,2023-08-15 19:18:59,2024-06-28 19:18:59,2023-09-05 19:18:59,2023-09-05 19:18:59,
1635,2,1635,2023-04-16 19:18:59,2024-08-14 19:18:59,2023-09-05 19:18:59,2023-09-05 19:18:59,
1636,2,1636,2023-03-03 19:18:59,2023-11-21 19:18:59,2023-09-05 19:18:59,2023-09-05 19:18:59,
1637,1,1637,2022-10-15 19:18:59,2024-07-07 19:18:59,2023-09-05 19:18:59,2023-09-05 19:18:59,
1638,2,1638,2023-01-24 19:18:59,2023-11-18 19:18:59,2023-09-05 19:18:59,2023-09-05 19:18:59,
1639,2,1639,2022-11-11 19:18:59,2024-08-20 19:18:59,2023-09-05 19:18:59,2023-09-05 19:18:59,
1640,1,1640,2023-04-12 19:18:59,2024-04-07 19:18:59,2023-09-05 19:18:59,2023-09-05 19:18:59,
1641,2,1641,2023-03-29 19:18:59,2024-03-27 19:18:59,2023-09-05 19:18:59,2023-09-05 19:18:59,
1642,1,1642,2022-12-15 19:18:59,2024-08-07 19:18:59,2023-09-05 19:18:59,2023-09-05 19:18:59,
1643,1,1643,2023-03-22 19:18:59,2023-10-18 19:18:59,2023-09-05 19:18:59,2023-09-05 19:18:59,
1644,1,1644,2023-08-13 19:18:59,2024-04-26 19:18:59,2023-09-05 19:18:59,2023-09-05 19:18:59,
1645,1,1645,2023-06-13 19:18:59,2024-03-12 19:18:59,2023-09-05 19:18:59,2023-09-05 19:18:59,
1646,2,1646,2023-03-15 19:18:59,2024-09-03 19:18:59,2023-09-05 19:18:59,2023-09-05 19:18:59,
1647,2,1647,2023-01-19 19:18:59,2024-07-31 19:18:59,2023-09-05 19:18:59,2023-09-05 19:18:59,
1648,2,1648,2023-07-08 19:18:59,2024-02-15 19:18:59,2023-09-05 19:18:59,2023-09-05 19:18:59,
1649,1,1649,2022-11-15 19:18:59,2024-03-30 19:18:59,2023-09-05 19:18:59,2023-09-05 19:18:59,
1650,3,1650,2023-04-10 19:18:59,2024-05-09 19:18:59,2023-09-05 19:18:59,2023-09-05 19:18:59,
1651,2,1651,2023-08-31 19:18:59,2023-11-18 19:18:59,2023-09-05 19:18:59,2023-09-05 19:18:59,
1652,1,1652,2023-05-19 19:18:59,2023-10-24 19:18:59,2023-09-05 19:18:59,2023-09-05 19:18:59,
1653,2,1653,2023-04-25 19:18:59,2024-03-18 19:18:59,2023-09-05 19:18:59,2023-09-05 19:18:59,
1654,1,1654,2023-02-02 19:18:59,2024-02-28 19:18:59,2023-09-05 19:18:59,2023-09-05 19:18:59,
1655,3,1655,2023-02-21 19:18:59,2024-06-24 19:18:59,2023-09-05 19:18:59,2023-09-05 19:18:59,
1656,2,1656,2023-06-07 19:18:59,2023-12-19 19:18:59,2023-09-05 19:18:59,2023-09-05 19:18:59,
1657,3,1657,2023-05-18 19:18:59,2024-04-10 19:18:59,2023-09-05 19:18:59,2023-09-05 19:18:59,
1658,2,1658,2023-05-10 19:18:59,2023-11-11 19:18:59,2023-09-05 19:18:59,2023-09-05 19:18:59,
1659,3,1659,2023-07-04 19:18:59,2024-05-14 19:18:59,2023-09-05 19:18:59,2023-09-05 19:18:59,
1660,3,1660,2023-01-06 19:18:59,2023-12-25 19:18:59,2023-09-05 19:18:59,2023-09-05 19:18:59,
1661,3,1661,2023-08-09 19:18:59,2024-02-09 19:18:59,2023-09-05 19:18:59,2023-09-05 19:18:59,
1662,2,1662,2023-01-29 19:18:59,2024-05-06 19:18:59,2023-09-05 19:18:59,2023-09-05 19:18:59,
1663,1,1663,2022-12-16 19:18:59,2024-02-06 19:18:59,2023-09-05 19:18:59,2023-09-05 19:18:59,
1664,1,1664,2023-02-23 19:18:59,2024-05-24 19:18:59,2023-09-05 19:18:59,2023-09-05 19:18:59,
1665,2,1665,2023-06-07 19:18:59,2024-01-18 19:18:59,2023-09-05 19:18:59,2023-09-05 19:18:59,
1666,1,1666,2023-01-28 19:18:59,2024-02-29 19:18:59,2023-09-05 19:18:59,2023-09-05 19:18:59,
1667,1,1667,2023-03-12 19:18:59,2024-01-28 19:18:59,2023-09-05 19:18:59,2023-09-05 19:18:59,
1668,2,1668,2023-02-09 19:18:59,2024-08-24 19:18:59,2023-09-05 19:18:59,2023-09-05 19:18:59,
1669,3,1669,2023-06-30 19:18:59,2024-09-01 19:18:59,2023-09-05 19:18:59,2023-09-05 19:18:59,
1670,3,1670,2022-09-23 19:18:59,2024-05-23 19:18:59,2023-09-05 19:18:59,2023-09-05 19:18:59,
1671,2,1671,2023-02-03 19:18:59,2024-02-02 19:18:59,2023-09-05 19:18:59,2023-09-05 19:18:59,
1672,3,1672,2023-07-26 19:18:59,2024-02-22 19:18:59,2023-09-05 19:18:59,2023-09-05 19:18:59,
1673,3,1673,2022-11-08 19:18:59,2024-05-03 19:18:59,2023-09-05 19:18:59,2023-09-05 19:18:59,
1674,3,1674,2022-09-22 19:18:59,2024-02-14 19:18:59,2023-09-05 19:18:59,2023-09-05 19:18:59,
1675,2,1675,2023-07-11 19:18:59,2024-06-30 19:18:59,2023-09-05 19:18:59,2023-09-05 19:18:59,
1676,3,1676,2023-07-08 19:18:59,2023-11-16 19:18:59,2023-09-05 19:18:59,2023-09-05 19:18:59,
1677,2,1677,2023-07-09 19:18:59,2023-10-11 19:18:59,2023-09-05 19:18:59,2023-09-05 19:18:59,
1678,3,1678,2022-10-13 19:18:59,2024-08-07 19:18:59,2023-09-05 19:18:59,2023-09-05 19:18:59,
1679,2,1679,2023-01-22 19:18:59,2023-12-09 19:18:59,2023-09-05 19:18:59,2023-09-05 19:18:59,
1680,2,1680,2022-12-10 19:18:59,2023-12-03 19:18:59,2023-09-05 19:18:59,2023-09-05 19:18:59,
1681,3,1681,2023-05-16 19:18:59,2023-11-16 19:18:59,2023-09-05 19:18:59,2023-09-05 19:18:59,
1682,2,1682,2022-11-28 19:18:59,2024-01-04 19:18:59,2023-09-05 19:18:59,2023-09-05 19:18:59,
1683,3,1683,2023-01-17 19:18:59,2024-01-07 19:18:59,2023-09-05 19:18:59,2023-09-05 19:18:59,
1684,2,1684,2022-09-28 19:18:59,2024-06-25 19:18:59,2023-09-05 19:18:59,2023-09-05 19:18:59,
1685,3,1685,2023-07-17 19:18:59,2024-07-27 19:18:59,2023-09-05 19:18:59,2023-09-05 19:18:59,
1686,1,1686,2022-11-10 19:18:59,2024-06-02 19:18:59,2023-09-05 19:18:59,2023-09-05 19:18:59,
1687,3,1687,2022-12-28 19:18:59,2024-02-26 19:18:59,2023-09-05 19:18:59,2023-09-05 19:18:59,
1688,3,1688,2023-08-07 19:18:59,2024-03-02 19:18:59,2023-09-05 19:18:59,2023-09-05 19:18:59,
1689,1,1689,2022-09-10 19:18:59,2024-08-04 19:18:59,2023-09-05 19:18:59,2023-09-05 19:18:59,
1690,1,1690,2023-04-20 19:18:59,2024-03-13 19:18:59,2023-09-05 19:18:59,2023-09-05 19:18:59,
1691,1,1691,2023-01-28 19:18:59,2024-08-27 19:18:59,2023-09-05 19:18:59,2023-09-05 19:18:59,
1692,3,1692,2022-10-23 19:18:59,2024-06-13 19:18:59,2023-09-05 19:18:59,2023-09-05 19:18:59,
1693,3,1693,2023-07-11 19:18:59,2024-01-13 19:18:59,2023-09-05 19:18:59,2023-09-05 19:18:59,
1694,2,1694,2023-09-05 19:18:59,2023-11-28 19:18:59,2023-09-05 19:18:59,2023-09-05 19:18:59,
1695,1,1695,2023-03-12 19:18:59,2024-01-15 19:18:59,2023-09-05 19:18:59,2023-09-05 19:18:59,
1696,3,1696,2023-05-15 19:18:59,2024-01-27 19:18:59,2023-09-05 19:18:59,2023-09-05 19:18:59,
1697,3,1697,2023-05-05 19:18:59,2024-03-21 19:18:59,2023-09-05 19:18:59,2023-09-05 19:18:59,
1698,3,1698,2023-06-13 19:18:59,2024-05-04 19:18:59,2023-09-05 19:18:59,2023-09-05 19:18:59,
1699,1,1699,2022-11-02 19:18:59,2023-12-09 19:18:59,2023-09-05 19:18:59,2023-09-05 19:18:59,
1700,1,1700,2023-01-18 19:18:59,2024-06-26 19:18:59,2023-09-05 19:18:59,2023-09-05 19:18:59,
1701,3,1701,2023-08-26 19:18:59,2023-10-21 19:18:59,2023-09-05 19:18:59,2023-09-05 19:18:59,
1702,1,1702,2023-03-21 19:18:59,2023-10-28 19:18:59,2023-09-05 19:18:59,2023-09-05 19:18:59,
1703,1,1703,2022-09-14 19:18:59,2023-11-09 19:18:59,2023-09-05 19:18:59,2023-09-05 19:18:59,
1704,1,1704,2022-09-14 19:18:59,2023-10-22 19:18:59,2023-09-05 19:18:59,2023-09-05 19:18:59,
1705,1,1705,2023-01-03 19:18:59,2024-05-26 19:18:59,2023-09-05 19:18:59,2023-09-05 19:18:59,
1706,3,1706,2022-11-29 19:18:59,2024-01-10 19:18:59,2023-09-05 19:18:59,2023-09-05 19:18:59,
1707,3,1707,2023-05-18 19:18:59,2023-11-28 19:18:59,2023-09-05 19:18:59,2023-09-05 19:18:59,
1708,2,1708,2023-08-21 19:18:59,2024-01-08 19:18:59,2023-09-05 19:18:59,2023-09-05 19:18:59,
1709,1,1709,2023-08-07 19:18:59,2023-12-21 19:18:59,2023-09-05 19:18:59,2023-09-05 19:18:59,
1710,2,1710,2023-08-06 19:18:59,2023-10-26 19:18:59,2023-09-05 19:18:59,2023-09-05 19:18:59,
1711,1,1711,2023-08-10 19:18:59,2024-05-26 19:18:59,2023-09-05 19:18:59,2023-09-05 19:18:59,
1712,1,1712,2023-01-11 19:18:59,2024-06-07 19:18:59,2023-09-05 19:18:59,2023-09-05 19:18:59,
1713,1,1713,2022-10-29 19:18:59,2023-11-26 19:18:59,2023-09-05 19:18:59,2023-09-05 19:18:59,
1714,3,1714,2023-06-14 19:18:59,2024-04-02 19:18:59,2023-09-05 19:18:59,2023-09-05 19:18:59,
1715,2,1715,2023-02-07 19:18:59,2024-05-19 19:18:59,2023-09-05 19:18:59,2023-09-05 19:18:59,
1716,1,1716,2023-07-12 19:18:59,2023-11-13 19:18:59,2023-09-05 19:18:59,2023-09-05 19:18:59,
1717,2,1717,2023-09-04 19:18:59,2024-07-20 19:18:59,2023-09-05 19:18:59,2023-09-05 19:18:59,
1718,1,1718,2023-02-26 19:18:59,2024-04-07 19:18:59,2023-09-05 19:18:59,2023-09-05 19:18:59,
1719,1,1719,2022-10-24 19:18:59,2023-12-06 19:18:59,2023-09-05 19:18:59,2023-09-05 19:18:59,
1720,3,1720,2023-03-05 19:18:59,2023-12-02 19:18:59,2023-09-05 19:18:59,2023-09-05 19:18:59,
1721,3,1721,2023-04-19 19:18:59,2024-07-01 19:18:59,2023-09-05 19:18:59,2023-09-05 19:18:59,
1722,1,1722,2023-02-28 19:18:59,2024-03-12 19:18:59,2023-09-05 19:18:59,2023-09-05 19:18:59,
1723,3,1723,2022-09-21 19:18:59,2024-01-07 19:18:59,2023-09-05 19:18:59,2023-09-05 19:18:59,
1724,3,1724,2022-11-26 19:18:59,2024-01-01 19:18:59,2023-09-05 19:18:59,2023-09-05 19:18:59,
1725,3,1725,2023-02-12 19:18:59,2024-05-15 19:18:59,2023-09-05 19:18:59,2023-09-05 19:18:59,
1726,1,1726,2022-12-03 19:18:59,2023-12-02 19:18:59,2023-09-05 19:18:59,2023-09-05 19:18:59,
1727,1,1727,2023-03-24 19:18:59,2024-03-31 19:18:59,2023-09-05 19:18:59,2023-09-05 19:18:59,
1728,2,1728,2023-02-08 19:18:59,2023-11-26 19:18:59,2023-09-05 19:18:59,2023-09-05 19:18:59,
1729,2,1729,2022-09-06 19:18:59,2023-11-28 19:18:59,2023-09-05 19:18:59,2023-09-05 19:18:59,
1730,2,1730,2022-12-23 19:18:59,2024-09-03 19:18:59,2023-09-05 19:18:59,2023-09-05 19:18:59,
1731,2,1731,2022-10-11 19:18:59,2023-11-06 19:18:59,2023-09-05 19:18:59,2023-09-05 19:18:59,
1732,2,1732,2022-11-06 19:18:59,2024-05-15 19:18:59,2023-09-05 19:18:59,2023-09-05 19:18:59,
1733,1,1733,2023-06-27 19:18:59,2024-06-30 19:18:59,2023-09-05 19:18:59,2023-09-05 19:18:59,
1734,3,1734,2023-03-03 19:18:59,2024-04-30 19:18:59,2023-09-05 19:18:59,2023-09-05 19:18:59,
1735,1,1735,2023-03-12 19:18:59,2024-04-15 19:18:59,2023-09-05 19:18:59,2023-09-05 19:18:59,
1736,3,1736,2022-12-01 19:18:59,2024-04-28 19:18:59,2023-09-05 19:18:59,2023-09-05 19:18:59,
1737,3,1737,2023-05-01 19:18:59,2023-12-30 19:18:59,2023-09-05 19:18:59,2023-09-05 19:18:59,
1738,2,1738,2023-03-02 19:18:59,2024-01-21 19:18:59,2023-09-05 19:18:59,2023-09-05 19:18:59,
1739,2,1739,2022-10-01 19:18:59,2024-04-03 19:18:59,2023-09-05 19:18:59,2023-09-05 19:18:59,
1740,2,1740,2023-07-13 19:18:59,2024-07-21 19:18:59,2023-09-05 19:18:59,2023-09-05 19:18:59,
1741,3,1741,2022-11-11 19:18:59,2024-07-11 19:18:59,2023-09-05 19:18:59,2023-09-05 19:18:59,
1742,3,1742,2023-04-05 19:18:59,2024-05-14 19:18:59,2023-09-05 19:18:59,2023-09-05 19:18:59,
1743,3,1743,2023-03-21 19:18:59,2024-01-16 19:18:59,2023-09-05 19:18:59,2023-09-05 19:18:59,
1744,3,1744,2022-11-21 19:18:59,2024-03-21 19:18:59,2023-09-05 19:18:59,2023-09-05 19:18:59,
1745,2,1745,2023-02-03 19:18:59,2024-08-17 19:18:59,2023-09-05 19:18:59,2023-09-05 19:18:59,
1746,2,1746,2023-05-13 19:18:59,2024-05-01 19:18:59,2023-09-05 19:18:59,2023-09-05 19:18:59,
1747,1,1747,2023-04-11 19:18:59,2024-06-07 19:18:59,2023-09-05 19:18:59,2023-09-05 19:18:59,
1748,2,1748,2023-06-20 19:18:59,2024-06-19 19:18:59,2023-09-05 19:18:59,2023-09-05 19:18:59,
1749,1,1749,2022-12-10 19:18:59,2023-10-06 19:18:59,2023-09-05 19:18:59,2023-09-05 19:18:59,
1750,1,1750,2023-06-21 19:18:59,2023-10-20 19:18:59,2023-09-05 19:18:59,2023-09-05 19:18:59,
1751,1,1751,2023-02-02 19:18:59,2024-04-27 19:18:59,2023-09-05 19:18:59,2023-09-05 19:18:59,
1752,3,1752,2022-11-20 19:18:59,2023-11-25 19:18:59,2023-09-05 19:18:59,2023-09-05 19:18:59,
1753,2,1753,2023-02-20 19:18:59,2024-07-22 19:18:59,2023-09-05 19:18:59,2023-09-05 19:18:59,
1754,1,1754,2022-12-11 19:18:59,2024-01-21 19:18:59,2023-09-05 19:18:59,2023-09-05 19:18:59,
1755,1,1755,2023-05-26 19:18:59,2024-07-29 19:18:59,2023-09-05 19:18:59,2023-09-05 19:18:59,
1756,1,1756,2023-04-25 19:18:59,2023-12-13 19:18:59,2023-09-05 19:18:59,2023-09-05 19:18:59,
1757,1,1757,2023-02-18 19:18:59,2023-12-09 19:18:59,2023-09-05 19:18:59,2023-09-05 19:18:59,
1758,1,1758,2023-03-12 19:18:59,2024-08-11 19:18:59,2023-09-05 19:18:59,2023-09-05 19:18:59,
1759,3,1759,2022-12-03 19:18:59,2024-03-23 19:18:59,2023-09-05 19:18:59,2023-09-05 19:18:59,
1760,1,1760,2022-09-25 19:18:59,2024-04-04 19:18:59,2023-09-05 19:18:59,2023-09-05 19:18:59,
1761,1,1761,2023-09-04 19:18:59,2024-05-25 19:18:59,2023-09-05 19:18:59,2023-09-05 19:18:59,
1762,3,1762,2023-02-18 19:18:59,2023-12-21 19:18:59,2023-09-05 19:18:59,2023-09-05 19:18:59,
1763,2,1763,2022-11-23 19:18:59,2023-10-09 19:18:59,2023-09-05 19:18:59,2023-09-05 19:18:59,
1764,1,1764,2022-11-06 19:18:59,2024-06-17 19:18:59,2023-09-05 19:18:59,2023-09-05 19:18:59,
1765,3,1765,2023-05-14 19:18:59,2023-12-13 19:18:59,2023-09-05 19:18:59,2023-09-05 19:18:59,
1766,3,1766,2022-09-14 19:18:59,2024-05-18 19:18:59,2023-09-05 19:18:59,2023-09-05 19:18:59,
1767,2,1767,2023-04-14 19:18:59,2024-05-13 19:18:59,2023-09-05 19:18:59,2023-09-05 19:18:59,
1768,2,1768,2022-11-19 19:18:59,2024-03-23 19:18:59,2023-09-05 19:18:59,2023-09-05 19:18:59,
1769,2,1769,2022-12-02 19:18:59,2024-04-14 19:18:59,2023-09-05 19:18:59,2023-09-05 19:18:59,
1770,1,1770,2023-03-18 19:18:59,2024-08-16 19:18:59,2023-09-05 19:18:59,2023-09-05 19:18:59,
1771,3,1771,2022-12-12 19:18:59,2024-05-18 19:18:59,2023-09-05 19:18:59,2023-09-05 19:18:59,
1772,2,1772,2023-04-29 19:18:59,2024-07-07 19:18:59,2023-09-05 19:18:59,2023-09-05 19:18:59,
1773,2,1773,2023-07-27 19:18:59,2024-08-25 19:18:59,2023-09-05 19:18:59,2023-09-05 19:18:59,
1774,3,1774,2023-04-09 19:18:59,2024-02-12 19:18:59,2023-09-05 19:18:59,2023-09-05 19:18:59,
1775,2,1775,2023-05-27 19:18:59,2024-05-02 19:18:59,2023-09-05 19:18:59,2023-09-05 19:18:59,
1776,1,1776,2023-06-20 19:18:59,2023-12-22 19:18:59,2023-09-05 19:18:59,2023-09-05 19:18:59,
1777,2,1777,2023-08-15 19:18:59,2024-08-27 19:18:59,2023-09-05 19:18:59,2023-09-05 19:18:59,
1778,1,1778,2023-01-15 19:18:59,2024-06-17 19:18:59,2023-09-05 19:18:59,2023-09-05 19:18:59,
1779,3,1779,2022-09-24 19:18:59,2024-03-26 19:18:59,2023-09-05 19:18:59,2023-09-05 19:18:59,
1780,2,1780,2022-11-07 19:18:59,2024-06-18 19:18:59,2023-09-05 19:18:59,2023-09-05 19:18:59,
1781,3,1781,2022-09-29 19:18:59,2024-07-01 19:18:59,2023-09-05 19:18:59,2023-09-05 19:18:59,
1782,2,1782,2023-03-13 19:18:59,2024-07-17 19:18:59,2023-09-05 19:18:59,2023-09-05 19:18:59,
1783,2,1783,2022-10-16 19:18:59,2024-06-02 19:18:59,2023-09-05 19:18:59,2023-09-05 19:18:59,
1784,3,1784,2023-04-07 19:18:59,2024-04-22 19:18:59,2023-09-05 19:18:59,2023-09-05 19:18:59,
1785,1,1785,2023-06-09 19:18:59,2023-11-25 19:18:59,2023-09-05 19:18:59,2023-09-05 19:18:59,
1786,1,1786,2023-06-20 19:18:59,2023-12-30 19:18:59,2023-09-05 19:18:59,2023-09-05 19:18:59,
1787,2,1787,2022-11-05 19:18:59,2024-05-25 19:18:59,2023-09-05 19:18:59,2023-09-05 19:18:59,
1788,1,1788,2022-11-23 19:18:59,2023-11-03 19:18:59,2023-09-05 19:18:59,2023-09-05 19:18:59,
1789,3,1789,2022-09-27 19:18:59,2024-07-20 19:18:59,2023-09-05 19:18:59,2023-09-05 19:18:59,
1790,3,1790,2023-01-10 19:18:59,2024-05-07 19:18:59,2023-09-05 19:18:59,2023-09-05 19:18:59,
1791,2,1791,2023-04-29 19:18:59,2024-02-19 19:18:59,2023-09-05 19:18:59,2023-09-05 19:18:59,
1792,3,1792,2022-12-19 19:18:59,2024-05-29 19:18:59,2023-09-05 19:18:59,2023-09-05 19:18:59,
1793,1,1793,2023-01-24 19:18:59,2024-01-27 19:18:59,2023-09-05 19:18:59,2023-09-05 19:18:59,
1794,3,1794,2023-07-08 19:18:59,2024-03-14 19:18:59,2023-09-05 19:18:59,2023-09-05 19:18:59,
1795,3,1795,2023-05-24 19:18:59,2024-07-04 19:18:59,2023-09-05 19:18:59,2023-09-05 19:18:59,
1796,3,1796,2023-04-05 19:18:59,2024-07-12 19:18:59,2023-09-05 19:18:59,2023-09-05 19:18:59,
1797,3,1797,2023-01-09 19:18:59,2024-04-19 19:18:59,2023-09-05 19:18:59,2023-09-05 19:18:59,
1798,2,1798,2023-01-20 19:18:59,2024-05-27 19:18:59,2023-09-05 19:18:59,2023-09-05 19:18:59,
1799,3,1799,2023-05-22 19:18:59,2023-10-15 19:18:59,2023-09-05 19:18:59,2023-09-05 19:18:59,
1800,2,1800,2022-10-31 19:18:59,2024-08-31 19:18:59,2023-09-05 19:18:59,2023-09-05 19:18:59,
1801,1,1801,2023-01-20 19:18:59,2023-11-01 19:18:59,2023-09-05 19:18:59,2023-09-05 19:18:59,
1802,2,1802,2022-11-07 19:18:59,2024-02-20 19:18:59,2023-09-05 19:18:59,2023-09-05 19:18:59,
1803,1,1803,2023-08-17 19:18:59,2023-11-21 19:18:59,2023-09-05 19:18:59,2023-09-05 19:18:59,
1804,2,1804,2022-10-03 19:18:59,2024-09-02 19:18:59,2023-09-05 19:18:59,2023-09-05 19:18:59,
1805,2,1805,2023-01-13 19:18:59,2024-07-08 19:18:59,2023-09-05 19:18:59,2023-09-05 19:18:59,
1806,2,1806,2022-09-27 19:18:59,2024-01-12 19:18:59,2023-09-05 19:18:59,2023-09-05 19:18:59,
1807,1,1807,2023-05-30 19:18:59,2024-01-31 19:18:59,2023-09-05 19:18:59,2023-09-05 19:18:59,
1808,2,1808,2023-08-22 19:18:59,2024-07-07 19:18:59,2023-09-05 19:18:59,2023-09-05 19:18:59,
1809,1,1809,2023-07-31 19:18:59,2024-03-08 19:18:59,2023-09-05 19:18:59,2023-09-05 19:18:59,
1810,2,1810,2022-10-24 19:18:59,2024-01-21 19:18:59,2023-09-05 19:18:59,2023-09-05 19:18:59,
1811,2,1811,2023-02-03 19:18:59,2024-09-01 19:18:59,2023-09-05 19:18:59,2023-09-05 19:18:59,
1812,1,1812,2023-06-18 19:18:59,2024-02-17 19:18:59,2023-09-05 19:18:59,2023-09-05 19:18:59,
1813,3,1813,2022-11-23 19:18:59,2024-01-25 19:18:59,2023-09-05 19:18:59,2023-09-05 19:18:59,
1814,3,1814,2022-10-23 19:18:59,2024-03-23 19:18:59,2023-09-05 19:18:59,2023-09-05 19:18:59,
1815,1,1815,2022-10-03 19:18:59,2024-03-29 19:18:59,2023-09-05 19:18:59,2023-09-05 19:18:59,
1816,1,1816,2022-12-04 19:18:59,2024-06-27 19:18:59,2023-09-05 19:18:59,2023-09-05 19:18:59,
1817,2,1817,2022-12-29 19:18:59,2024-07-11 19:18:59,2023-09-05 19:18:59,2023-09-05 19:18:59,
1818,1,1818,2023-08-09 19:18:59,2024-01-26 19:18:59,2023-09-05 19:18:59,2023-09-05 19:18:59,
1819,3,1819,2023-05-03 19:18:59,2024-02-01 19:18:59,2023-09-05 19:18:59,2023-09-05 19:18:59,
1820,2,1820,2023-02-15 19:18:59,2024-01-06 19:18:59,2023-09-05 19:18:59,2023-09-05 19:18:59,
1821,3,1821,2023-01-08 19:18:59,2024-04-24 19:18:59,2023-09-05 19:18:59,2023-09-05 19:18:59,
1822,1,1822,2023-04-11 19:18:59,2024-08-01 19:18:59,2023-09-05 19:18:59,2023-09-05 19:18:59,
1823,2,1823,2022-10-13 19:18:59,2024-04-09 19:18:59,2023-09-05 19:18:59,2023-09-05 19:18:59,
1824,2,1824,2023-06-07 19:18:59,2024-06-26 19:18:59,2023-09-05 19:18:59,2023-09-05 19:18:59,
1825,3,1825,2022-10-06 19:18:59,2023-11-08 19:18:59,2023-09-05 19:18:59,2023-09-05 19:18:59,
1826,1,1826,2023-03-10 19:18:59,2024-04-23 19:18:59,2023-09-05 19:18:59,2023-09-05 19:18:59,
1827,2,1827,2022-09-17 19:18:59,2024-05-13 19:18:59,2023-09-05 19:18:59,2023-09-05 19:18:59,
1828,1,1828,2023-04-22 19:18:59,2023-12-12 19:18:59,2023-09-05 19:18:59,2023-09-05 19:18:59,
1829,2,1829,2022-12-21 19:18:59,2023-11-10 19:18:59,2023-09-05 19:18:59,2023-09-05 19:18:59,
1830,3,1830,2022-12-09 19:18:59,2023-11-17 19:18:59,2023-09-05 19:18:59,2023-09-05 19:18:59,
1831,1,1831,2023-08-17 19:18:59,2024-05-22 19:18:59,2023-09-05 19:18:59,2023-09-05 19:18:59,
1832,2,1832,2022-10-13 19:18:59,2023-11-28 19:18:59,2023-09-05 19:18:59,2023-09-05 19:18:59,
1833,1,1833,2022-11-30 19:18:59,2024-03-16 19:18:59,2023-09-05 19:18:59,2023-09-05 19:18:59,
1834,2,1834,2022-09-24 19:18:59,2023-12-07 19:18:59,2023-09-05 19:18:59,2023-09-05 19:18:59,
1835,2,1835,2023-08-19 19:18:59,2024-06-07 19:18:59,2023-09-05 19:18:59,2023-09-05 19:18:59,
1836,2,1836,2022-10-30 19:18:59,2023-10-09 19:18:59,2023-09-05 19:18:59,2023-09-05 19:18:59,
1837,2,1837,2022-11-10 19:18:59,2024-01-03 19:18:59,2023-09-05 19:18:59,2023-09-05 19:18:59,
1838,3,1838,2022-11-09 19:18:59,2023-12-12 19:18:59,2023-09-05 19:18:59,2023-09-05 19:18:59,
1839,1,1839,2022-09-07 19:18:59,2024-02-10 19:18:59,2023-09-05 19:18:59,2023-09-05 19:18:59,
1840,1,1840,2023-06-23 19:18:59,2024-04-18 19:18:59,2023-09-05 19:18:59,2023-09-05 19:18:59,
1841,2,1841,2022-12-04 19:18:59,2023-10-09 19:18:59,2023-09-05 19:18:59,2023-09-05 19:18:59,
1842,3,1842,2022-11-14 19:18:59,2024-01-25 19:18:59,2023-09-05 19:18:59,2023-09-05 19:18:59,
1843,1,1843,2022-10-24 19:18:59,2023-10-10 19:18:59,2023-09-05 19:18:59,2023-09-05 19:18:59,
1844,1,1844,2023-04-06 19:18:59,2024-06-12 19:18:59,2023-09-05 19:18:59,2023-09-05 19:18:59,
1845,2,1845,2023-05-23 19:18:59,2024-05-31 19:18:59,2023-09-05 19:18:59,2023-09-05 19:18:59,
1846,1,1846,2023-08-20 19:18:59,2024-05-18 19:18:59,2023-09-05 19:18:59,2023-09-05 19:18:59,
1847,3,1847,2023-05-24 19:18:59,2023-12-09 19:18:59,2023-09-05 19:18:59,2023-09-05 19:18:59,
1848,2,1848,2023-04-11 19:18:59,2024-06-02 19:18:59,2023-09-05 19:18:59,2023-09-05 19:18:59,
1849,1,1849,2023-09-04 19:18:59,2023-12-20 19:18:59,2023-09-05 19:18:59,2023-09-05 19:18:59,
1850,2,1850,2023-08-16 19:18:59,2023-12-03 19:18:59,2023-09-05 19:18:59,2023-09-05 19:18:59,
1851,2,1851,2023-02-11 19:18:59,2024-02-02 19:18:59,2023-09-05 19:18:59,2023-09-05 19:18:59,
1852,3,1852,2023-05-12 19:18:59,2024-08-18 19:18:59,2023-09-05 19:18:59,2023-09-05 19:18:59,
1853,1,1853,2023-02-05 19:18:59,2023-10-05 19:18:59,2023-09-05 19:18:59,2023-09-05 19:18:59,
1854,2,1854,2023-04-28 19:18:59,2024-03-04 19:18:59,2023-09-05 19:18:59,2023-09-05 19:18:59,
1855,2,1855,2023-01-17 19:18:59,2024-05-15 19:18:59,2023-09-05 19:18:59,2023-09-05 19:18:59,
1856,3,1856,2023-08-15 19:18:59,2023-12-15 19:18:59,2023-09-05 19:18:59,2023-09-05 19:18:59,
1857,1,1857,2022-10-18 19:18:59,2024-08-06 19:18:59,2023-09-05 19:18:59,2023-09-05 19:18:59,
1858,3,1858,2022-09-12 19:18:59,2023-11-30 19:18:59,2023-09-05 19:18:59,2023-09-05 19:18:59,
1859,1,1859,2023-02-12 19:18:59,2024-04-24 19:18:59,2023-09-05 19:18:59,2023-09-05 19:18:59,
1860,1,1860,2023-08-19 19:18:59,2023-12-12 19:18:59,2023-09-05 19:18:59,2023-09-05 19:18:59,
1861,3,1861,2023-03-09 19:18:59,2023-11-12 19:18:59,2023-09-05 19:18:59,2023-09-05 19:18:59,
1862,1,1862,2023-06-16 19:18:59,2024-06-30 19:18:59,2023-09-05 19:18:59,2023-09-05 19:18:59,
1863,2,1863,2022-12-09 19:18:59,2024-06-16 19:18:59,2023-09-05 19:18:59,2023-09-05 19:18:59,
1864,3,1864,2022-10-05 19:18:59,2023-10-19 19:18:59,2023-09-05 19:18:59,2023-09-05 19:18:59,
1865,1,1865,2023-05-12 19:18:59,2024-08-18 19:18:59,2023-09-05 19:18:59,2023-09-05 19:18:59,
1866,3,1866,2023-04-09 19:18:59,2024-03-19 19:18:59,2023-09-05 19:18:59,2023-09-05 19:18:59,
1867,1,1867,2023-07-21 19:18:59,2024-07-04 19:18:59,2023-09-05 19:18:59,2023-09-05 19:18:59,
1868,2,1868,2023-01-04 19:18:59,2024-07-03 19:18:59,2023-09-05 19:18:59,2023-09-05 19:18:59,
1869,3,1869,2023-05-20 19:18:59,2023-10-18 19:18:59,2023-09-05 19:18:59,2023-09-05 19:18:59,
1870,3,1870,2023-04-18 19:18:59,2024-04-12 19:18:59,2023-09-05 19:18:59,2023-09-05 19:18:59,
1871,3,1871,2023-03-01 19:18:59,2024-01-01 19:18:59,2023-09-05 19:18:59,2023-09-05 19:18:59,
1872,1,1872,2023-04-22 19:18:59,2023-11-20 19:18:59,2023-09-05 19:18:59,2023-09-05 19:18:59,
1873,1,1873,2023-04-17 19:18:59,2023-11-14 19:18:59,2023-09-05 19:18:59,2023-09-05 19:18:59,
1874,1,1874,2023-01-27 19:18:59,2023-11-09 19:18:59,2023-09-05 19:18:59,2023-09-05 19:18:59,
1875,1,1875,2022-11-28 19:18:59,2024-03-29 19:18:59,2023-09-05 19:18:59,2023-09-05 19:18:59,
1876,2,1876,2023-04-03 19:18:59,2024-05-16 19:18:59,2023-09-05 19:18:59,2023-09-05 19:18:59,
1877,2,1877,2023-05-04 19:18:59,2023-12-06 19:18:59,2023-09-05 19:18:59,2023-09-05 19:18:59,
1878,2,1878,2023-02-05 19:18:59,2024-05-08 19:18:59,2023-09-05 19:18:59,2023-09-05 19:18:59,
1879,1,1879,2022-11-15 19:18:59,2023-12-11 19:18:59,2023-09-05 19:18:59,2023-09-05 19:18:59,
1880,2,1880,2023-04-12 19:18:59,2024-07-16 19:18:59,2023-09-05 19:18:59,2023-09-05 19:18:59,
1881,1,1881,2023-03-07 19:18:59,2024-03-06 19:18:59,2023-09-05 19:18:59,2023-09-05 19:18:59,
1882,2,1882,2023-04-02 19:18:59,2024-06-16 19:18:59,2023-09-05 19:18:59,2023-09-05 19:18:59,
1883,1,1883,2023-01-29 19:18:59,2024-07-12 19:18:59,2023-09-05 19:18:59,2023-09-05 19:18:59,
1884,2,1884,2022-11-16 19:18:59,2023-10-08 19:18:59,2023-09-05 19:18:59,2023-09-05 19:18:59,
1885,3,1885,2023-05-19 19:18:59,2024-05-23 19:18:59,2023-09-05 19:18:59,2023-09-05 19:18:59,
1886,2,1886,2022-09-30 19:18:59,2023-12-06 19:18:59,2023-09-05 19:18:59,2023-09-05 19:18:59,
1887,1,1887,2022-11-14 19:18:59,2024-04-14 19:18:59,2023-09-05 19:18:59,2023-09-05 19:18:59,
1888,1,1888,2023-07-01 19:18:59,2024-02-20 19:18:59,2023-09-05 19:18:59,2023-09-05 19:18:59,
1889,3,1889,2023-07-05 19:18:59,2023-12-18 19:18:59,2023-09-05 19:18:59,2023-09-05 19:18:59,
1890,3,1890,2023-07-09 19:18:59,2023-11-29 19:18:59,2023-09-05 19:18:59,2023-09-05 19:18:59,
1891,1,1891,2023-07-11 19:18:59,2024-08-25 19:18:59,2023-09-05 19:18:59,2023-09-05 19:18:59,
1892,3,1892,2023-03-30 19:18:59,2024-06-19 19:18:59,2023-09-05 19:18:59,2023-09-05 19:18:59,
1893,2,1893,2023-03-02 19:18:59,2024-03-01 19:18:59,2023-09-05 19:18:59,2023-09-05 19:18:59,
1894,1,1894,2023-03-11 19:18:59,2023-10-08 19:18:59,2023-09-05 19:18:59,2023-09-05 19:18:59,
1895,3,1895,2023-04-18 19:18:59,2024-04-20 19:18:59,2023-09-05 19:18:59,2023-09-05 19:18:59,
1896,2,1896,2023-04-02 19:18:59,2024-05-25 19:18:59,2023-09-05 19:18:59,2023-09-05 19:18:59,
1897,3,1897,2023-04-27 19:18:59,2024-05-19 19:18:59,2023-09-05 19:18:59,2023-09-05 19:18:59,
1898,3,1898,2022-10-25 19:18:59,2024-02-19 19:18:59,2023-09-05 19:18:59,2023-09-05 19:18:59,
1899,2,1899,2023-01-01 19:18:59,2024-04-19 19:18:59,2023-09-05 19:18:59,2023-09-05 19:18:59,
1900,2,1900,2023-04-01 19:18:59,2023-12-23 19:18:59,2023-09-05 19:18:59,2023-09-05 19:18:59,
1901,2,1901,2023-01-24 19:18:59,2024-08-30 19:18:59,2023-09-05 19:18:59,2023-09-05 19:18:59,
1902,1,1902,2023-05-02 19:18:59,2023-10-23 19:18:59,2023-09-05 19:18:59,2023-09-05 19:18:59,
1903,3,1903,2023-02-04 19:18:59,2024-02-16 19:18:59,2023-09-05 19:18:59,2023-09-05 19:18:59,
1904,2,1904,2022-10-25 19:18:59,2024-03-16 19:18:59,2023-09-05 19:18:59,2023-09-05 19:18:59,
1905,3,1905,2023-07-28 19:18:59,2024-03-11 19:18:59,2023-09-05 19:18:59,2023-09-05 19:18:59,
1906,2,1906,2022-11-09 19:18:59,2024-05-14 19:18:59,2023-09-05 19:18:59,2023-09-05 19:18:59,
1907,3,1907,2022-11-01 19:18:59,2024-03-19 19:18:59,2023-09-05 19:18:59,2023-09-05 19:18:59,
1908,2,1908,2022-11-28 19:18:59,2023-10-08 19:18:59,2023-09-05 19:18:59,2023-09-05 19:18:59,
1909,3,1909,2023-03-09 19:18:59,2024-03-20 19:18:59,2023-09-05 19:18:59,2023-09-05 19:18:59,
1910,2,1910,2023-07-13 19:18:59,2023-12-23 19:18:59,2023-09-05 19:18:59,2023-09-05 19:18:59,
1911,1,1911,2022-12-30 19:18:59,2024-03-18 19:18:59,2023-09-05 19:18:59,2023-09-05 19:18:59,
1912,1,1912,2023-05-09 19:18:59,2024-07-25 19:18:59,2023-09-05 19:18:59,2023-09-05 19:18:59,
1913,1,1913,2023-07-18 19:18:59,2024-03-05 19:18:59,2023-09-05 19:18:59,2023-09-05 19:18:59,
1914,1,1914,2023-02-28 19:18:59,2023-11-13 19:18:59,2023-09-05 19:18:59,2023-09-05 19:18:59,
1915,1,1915,2023-07-31 19:18:59,2024-02-04 19:18:59,2023-09-05 19:18:59,2023-09-05 19:18:59,
1916,3,1916,2023-04-06 19:18:59,2024-07-02 19:18:59,2023-09-05 19:18:59,2023-09-05 19:18:59,
1917,3,1917,2023-06-03 19:18:59,2024-01-21 19:18:59,2023-09-05 19:18:59,2023-09-05 19:18:59,
1918,3,1918,2023-02-08 19:18:59,2024-03-09 19:18:59,2023-09-05 19:18:59,2023-09-05 19:18:59,
1919,2,1919,2023-06-12 19:18:59,2024-07-15 19:18:59,2023-09-05 19:18:59,2023-09-05 19:18:59,
1920,2,1920,2023-08-02 19:18:59,2023-12-15 19:18:59,2023-09-05 19:18:59,2023-09-05 19:18:59,
1921,2,1921,2023-07-13 19:18:59,2024-02-01 19:18:59,2023-09-05 19:18:59,2023-09-05 19:18:59,
1922,3,1922,2023-08-26 19:18:59,2023-12-19 19:18:59,2023-09-05 19:18:59,2023-09-05 19:18:59,
1923,2,1923,2023-04-26 19:18:59,2024-07-20 19:18:59,2023-09-05 19:18:59,2023-09-05 19:18:59,
1924,2,1924,2023-06-10 19:18:59,2024-04-06 19:18:59,2023-09-05 19:18:59,2023-09-05 19:18:59,
1925,1,1925,2023-02-24 19:18:59,2024-06-02 19:18:59,2023-09-05 19:18:59,2023-09-05 19:18:59,
1926,2,1926,2023-08-15 19:18:59,2024-08-19 19:18:59,2023-09-05 19:18:59,2023-09-05 19:18:59,
1927,3,1927,2023-01-16 19:18:59,2024-04-11 19:18:59,2023-09-05 19:18:59,2023-09-05 19:18:59,
1928,3,1928,2022-09-27 19:18:59,2023-10-05 19:18:59,2023-09-05 19:18:59,2023-09-05 19:18:59,
1929,2,1929,2022-10-20 19:18:59,2024-03-08 19:18:59,2023-09-05 19:18:59,2023-09-05 19:18:59,
1930,2,1930,2023-07-09 19:18:59,2024-04-19 19:18:59,2023-09-05 19:18:59,2023-09-05 19:18:59,
1931,2,1931,2022-11-20 19:18:59,2023-12-22 19:18:59,2023-09-05 19:18:59,2023-09-05 19:18:59,
1932,2,1932,2023-05-28 19:18:59,2023-12-26 19:18:59,2023-09-05 19:18:59,2023-09-05 19:18:59,
1933,3,1933,2023-01-15 19:18:59,2023-10-22 19:18:59,2023-09-05 19:18:59,2023-09-05 19:18:59,
1934,1,1934,2022-09-26 19:18:59,2024-06-26 19:18:59,2023-09-05 19:18:59,2023-09-05 19:18:59,
1935,1,1935,2022-11-03 19:18:59,2024-05-15 19:18:59,2023-09-05 19:18:59,2023-09-05 19:18:59,
1936,1,1936,2023-03-19 19:18:59,2024-08-02 19:18:59,2023-09-05 19:18:59,2023-09-05 19:18:59,
1937,1,1937,2023-07-09 19:18:59,2024-03-15 19:18:59,2023-09-05 19:18:59,2023-09-05 19:18:59,
1938,3,1938,2023-02-07 19:18:59,2024-02-21 19:18:59,2023-09-05 19:18:59,2023-09-05 19:18:59,
1939,3,1939,2022-09-05 19:18:59,2024-03-26 19:18:59,2023-09-05 19:18:59,2023-09-05 19:18:59,
1940,2,1940,2023-02-16 19:18:59,2024-01-16 19:18:59,2023-09-05 19:18:59,2023-09-05 19:18:59,
1941,2,1941,2023-03-24 19:18:59,2024-05-11 19:18:59,2023-09-05 19:18:59,2023-09-05 19:18:59,
1942,3,1942,2023-02-14 19:18:59,2023-12-10 19:18:59,2023-09-05 19:18:59,2023-09-05 19:18:59,
1943,3,1943,2023-07-04 19:18:59,2024-03-14 19:18:59,2023-09-05 19:18:59,2023-09-05 19:18:59,
1944,1,1944,2023-01-10 19:18:59,2024-05-08 19:18:59,2023-09-05 19:18:59,2023-09-05 19:18:59,
1945,2,1945,2023-06-24 19:18:59,2024-04-25 19:18:59,2023-09-05 19:18:59,2023-09-05 19:18:59,
1946,3,1946,2023-01-24 19:18:59,2024-07-06 19:18:59,2023-09-05 19:18:59,2023-09-05 19:18:59,
1947,1,1947,2022-12-24 19:18:59,2023-11-16 19:18:59,2023-09-05 19:18:59,2023-09-05 19:18:59,
1948,1,1948,2023-08-03 19:18:59,2023-12-31 19:18:59,2023-09-05 19:18:59,2023-09-05 19:18:59,
1949,2,1949,2023-01-26 19:18:59,2024-09-02 19:18:59,2023-09-05 19:18:59,2023-09-05 19:18:59,
1950,3,1950,2023-06-15 19:18:59,2024-01-09 19:18:59,2023-09-05 19:18:59,2023-09-05 19:18:59,
1951,1,1951,2023-01-12 19:18:59,2024-01-01 19:18:59,2023-09-05 19:18:59,2023-09-05 19:18:59,
1952,2,1952,2023-08-02 19:18:59,2024-05-08 19:18:59,2023-09-05 19:18:59,2023-09-05 19:18:59,
1953,1,1953,2022-09-30 19:18:59,2023-11-08 19:18:59,2023-09-05 19:18:59,2023-09-05 19:18:59,
1954,1,1954,2022-10-11 19:18:59,2024-07-22 19:18:59,2023-09-05 19:18:59,2023-09-05 19:18:59,
1955,1,1955,2022-10-19 19:18:59,2024-01-13 19:18:59,2023-09-05 19:18:59,2023-09-05 19:18:59,
1956,2,1956,2022-12-08 19:18:59,2024-07-11 19:18:59,2023-09-05 19:18:59,2023-09-05 19:18:59,
1957,1,1957,2023-05-24 19:18:59,2023-11-22 19:18:59,2023-09-05 19:18:59,2023-09-05 19:18:59,
1958,1,1958,2022-11-30 19:18:59,2024-08-17 19:18:59,2023-09-05 19:18:59,2023-09-05 19:18:59,
1959,2,1959,2023-01-16 19:18:59,2023-11-07 19:18:59,2023-09-05 19:18:59,2023-09-05 19:18:59,
1960,3,1960,2023-02-08 19:18:59,2023-12-24 19:18:59,2023-09-05 19:18:59,2023-09-05 19:18:59,
1961,1,1961,2023-03-05 19:18:59,2024-06-05 19:18:59,2023-09-05 19:18:59,2023-09-05 19:18:59,
1962,1,1962,2023-01-31 19:18:59,2024-06-05 19:18:59,2023-09-05 19:18:59,2023-09-05 19:18:59,
1963,1,1963,2023-02-13 19:18:59,2024-04-27 19:18:59,2023-09-05 19:18:59,2023-09-05 19:18:59,
1964,2,1964,2023-07-13 19:18:59,2023-10-06 19:18:59,2023-09-05 19:18:59,2023-09-05 19:18:59,
1965,2,1965,2023-06-11 19:18:59,2024-06-15 19:18:59,2023-09-05 19:18:59,2023-09-05 19:18:59,
1966,1,1966,2023-05-27 19:18:59,2024-05-06 19:18:59,2023-09-05 19:18:59,2023-09-05 19:18:59,
1967,1,1967,2023-06-03 19:18:59,2024-03-13 19:18:59,2023-09-05 19:18:59,2023-09-05 19:18:59,
1968,2,1968,2023-06-23 19:18:59,2024-04-19 19:18:59,2023-09-05 19:18:59,2023-09-05 19:18:59,
1969,1,1969,2023-05-14 19:18:59,2023-10-29 19:18:59,2023-09-05 19:18:59,2023-09-05 19:18:59,
1970,3,1970,2022-10-12 19:18:59,2024-08-03 19:18:59,2023-09-05 19:18:59,2023-09-05 19:18:59,
1971,3,1971,2023-05-31 19:18:59,2024-06-13 19:18:59,2023-09-05 19:18:59,2023-09-05 19:18:59,
1972,1,1972,2022-10-23 19:18:59,2024-07-10 19:18:59,2023-09-05 19:18:59,2023-09-05 19:18:59,
1973,2,1973,2022-11-03 19:18:59,2024-08-25 19:18:59,2023-09-05 19:18:59,2023-09-05 19:18:59,
1974,2,1974,2023-03-13 19:18:59,2024-05-18 19:18:59,2023-09-05 19:18:59,2023-09-05 19:18:59,
1975,3,1975,2023-07-30 19:18:59,2024-06-06 19:18:59,2023-09-05 19:18:59,2023-09-05 19:18:59,
1976,3,1976,2023-04-06 19:18:59,2023-11-03 19:18:59,2023-09-05 19:18:59,2023-09-05 19:18:59,
1977,3,1977,2023-02-17 19:18:59,2024-04-29 19:18:59,2023-09-05 19:18:59,2023-09-05 19:18:59,
1978,1,1978,2023-03-20 19:18:59,2024-01-07 19:18:59,2023-09-05 19:18:59,2023-09-05 19:18:59,
1979,1,1979,2023-04-14 19:18:59,2024-01-16 19:18:59,2023-09-05 19:18:59,2023-09-05 19:18:59,
1980,2,1980,2023-01-08 19:18:59,2023-11-22 19:18:59,2023-09-05 19:18:59,2023-09-05 19:18:59,
1981,2,1981,2023-04-16 19:18:59,2023-11-05 19:18:59,2023-09-05 19:18:59,2023-09-05 19:18:59,
1982,1,1982,2022-12-11 19:18:59,2023-11-12 19:18:59,2023-09-05 19:18:59,2023-09-05 19:18:59,
1983,3,1983,2022-09-29 19:18:59,2024-04-18 19:18:59,2023-09-05 19:18:59,2023-09-05 19:18:59,
1984,2,1984,2023-01-15 19:18:59,2024-02-28 19:18:59,2023-09-05 19:18:59,2023-09-05 19:18:59,
1985,3,1985,2023-06-08 19:18:59,2024-02-05 19:18:59,2023-09-05 19:18:59,2023-09-05 19:18:59,
1986,1,1986,2023-08-25 19:18:59,2024-02-29 19:18:59,2023-09-05 19:18:59,2023-09-05 19:18:59,
1987,1,1987,2023-03-11 19:18:59,2024-02-23 19:18:59,2023-09-05 19:18:59,2023-09-05 19:18:59,
1988,1,1988,2023-08-16 19:18:59,2024-06-09 19:18:59,2023-09-05 19:18:59,2023-09-05 19:18:59,
1989,3,1989,2023-01-09 19:18:59,2023-11-08 19:18:59,2023-09-05 19:18:59,2023-09-05 19:18:59,
1990,1,1990,2023-06-01 19:18:59,2024-04-22 19:18:59,2023-09-05 19:18:59,2023-09-05 19:18:59,
1991,3,1991,2023-06-29 19:18:59,2024-08-04 19:18:59,2023-09-05 19:18:59,2023-09-05 19:18:59,
1992,2,1992,2022-12-22 19:18:59,2024-06-27 19:18:59,2023-09-05 19:18:59,2023-09-05 19:18:59,
1993,3,1993,2023-01-07 19:18:59,2024-08-05 19:18:59,2023-09-05 19:18:59,2023-09-05 19:18:59,
1994,3,1994,2023-02-16 19:18:59,2024-01-05 19:18:59,2023-09-05 19:18:59,2023-09-05 19:18:59,
1995,2,1995,2022-09-25 19:18:59,2024-04-20 19:18:59,2023-09-05 19:18:59,2023-09-05 19:18:59,
1996,1,1996,2023-04-26 19:18:59,2023-11-30 19:18:59,2023-09-05 19:18:59,2023-09-05 19:18:59,
1997,2,1997,2023-05-18 19:18:59,2024-06-22 19:18:59,2023-09-05 19:18:59,2023-09-05 19:18:59,
1998,3,1998,2022-11-04 19:18:59,2024-04-14 19:18:59,2023-09-05 19:18:59,2023-09-05 19:18:59,
1999,1,1999,2022-11-07 19:18:59,2023-12-20 19:18:59,2023-09-05 19:18:59,2023-09-05 19:18:59,
2000,1,2000,2023-02-14 19:18:59,2024-08-29 19:18:59,2023-09-05 19:18:59,2023-09-05 19:18:59,
2001,1,2001,2022-09-08 19:18:59,2023-11-20 19:18:59,2023-09-05 19:18:59,2023-09-05 19:18:59,
2002,1,2002,2023-03-18 19:18:59,2024-05-26 19:18:59,2023-09-05 19:18:59,2023-09-05 19:18:59,
2003,1,2003,2023-08-30 19:18:59,2024-05-01 19:18:59,2023-09-05 19:18:59,2023-09-05 19:18:59,
2004,2,2004,2022-12-29 19:18:59,2024-03-17 19:18:59,2023-09-05 19:18:59,2023-09-05 19:18:59,
2005,3,2005,2023-05-04 19:18:59,2024-04-29 19:18:59,2023-09-05 19:18:59,2023-09-05 19:18:59,
2006,3,2006,2023-02-06 19:18:59,2023-11-23 19:18:59,2023-09-05 19:18:59,2023-09-05 19:18:59,
2007,1,2007,2022-09-24 19:18:59,2024-04-05 19:18:59,2023-09-05 19:18:59,2023-09-05 19:18:59,
2008,2,2008,2023-07-11 19:18:59,2024-01-31 19:18:59,2023-09-05 19:18:59,2023-09-05 19:18:59,
2009,3,2009,2022-12-19 19:18:59,2024-06-24 19:18:59,2023-09-05 19:18:59,2023-09-05 19:18:59,
2010,2,2010,2023-04-20 19:18:59,2023-11-25 19:18:59,2023-09-05 19:18:59,2023-09-05 19:18:59,
2011,2,2011,2023-06-06 19:18:59,2024-02-03 19:18:59,2023-09-05 19:18:59,2023-09-05 19:18:59,
2012,3,2012,2022-10-17 19:18:59,2024-01-28 19:18:59,2023-09-05 19:18:59,2023-09-05 19:18:59,
2013,3,2013,2023-04-02 19:18:59,2024-04-03 19:18:59,2023-09-05 19:18:59,2023-09-05 19:18:59,
2014,2,2014,2022-12-17 19:18:59,2024-04-08 19:18:59,2023-09-05 19:18:59,2023-09-05 19:18:59,
2015,3,2015,2022-12-16 19:18:59,2024-05-01 19:18:59,2023-09-05 19:18:59,2023-09-05 19:18:59,
2016,1,2016,2023-08-13 19:18:59,2023-10-30 19:18:59,2023-09-05 19:18:59,2023-09-05 19:18:59,
2017,1,2017,2023-06-11 19:18:59,2023-11-23 19:18:59,2023-09-05 19:18:59,2023-09-05 19:18:59,
2018,2,2018,2022-10-27 19:18:59,2024-03-21 19:18:59,2023-09-05 19:18:59,2023-09-05 19:18:59,
2019,2,2019,2022-12-30 19:18:59,2023-12-23 19:18:59,2023-09-05 19:18:59,2023-09-05 19:18:59,
2020,1,2020,2022-10-13 19:18:59,2024-01-05 19:18:59,2023-09-05 19:18:59,2023-09-05 19:18:59,
2021,3,2021,2023-01-29 19:18:59,2023-11-03 19:18:59,2023-09-05 19:18:59,2023-09-05 19:18:59,
2022,1,2022,2023-01-29 19:18:59,2023-10-17 19:18:59,2023-09-05 19:18:59,2023-09-05 19:18:59,
2023,1,2023,2023-05-24 19:18:59,2024-03-14 19:18:59,2023-09-05 19:18:59,2023-09-05 19:18:59,
2024,3,2024,2023-08-16 19:18:59,2023-10-23 19:18:59,2023-09-05 19:18:59,2023-09-05 19:18:59,
2025,3,2025,2023-06-17 19:18:59,2023-10-29 19:18:59,2023-09-05 19:18:59,2023-09-05 19:18:59,
2026,3,2026,2023-05-14 19:18:59,2024-02-27 19:18:59,2023-09-05 19:18:59,2023-09-05 19:18:59,
2027,2,2027,2023-03-23 19:18:59,2024-08-19 19:18:59,2023-09-05 19:18:59,2023-09-05 19:18:59,
2028,3,2028,2023-05-28 19:18:59,2024-05-03 19:18:59,2023-09-05 19:18:59,2023-09-05 19:18:59,
2029,2,2029,2023-02-16 19:18:59,2024-03-27 19:18:59,2023-09-05 19:18:59,2023-09-05 19:18:59,
2030,1,2030,2022-09-15 19:18:59,2024-06-05 19:18:59,2023-09-05 19:18:59,2023-09-05 19:18:59,
2031,1,2031,2022-11-20 19:18:59,2023-10-22 19:18:59,2023-09-05 19:18:59,2023-09-05 19:18:59,
2032,2,2032,2023-06-12 19:18:59,2024-06-14 19:18:59,2023-09-05 19:18:59,2023-09-05 19:18:59,
2033,3,2033,2022-09-22 19:18:59,2023-12-19 19:18:59,2023-09-05 19:18:59,2023-09-05 19:18:59,
2034,1,2034,2022-10-13 19:18:59,2023-10-26 19:18:59,2023-09-05 19:18:59,2023-09-05 19:18:59,
2035,3,2035,2022-09-07 19:18:59,2024-02-12 19:18:59,2023-09-05 19:18:59,2023-09-05 19:18:59,
2036,2,2036,2023-06-18 19:18:59,2024-02-13 19:18:59,2023-09-05 19:18:59,2023-09-05 19:18:59,
2037,3,2037,2022-10-07 19:18:59,2023-12-23 19:18:59,2023-09-05 19:18:59,2023-09-05 19:18:59,
2038,1,2038,2023-01-22 19:18:59,2024-01-02 19:18:59,2023-09-05 19:18:59,2023-09-05 19:18:59,
2039,3,2039,2023-02-03 19:18:59,2024-07-25 19:18:59,2023-09-05 19:18:59,2023-09-05 19:18:59,
2040,3,2040,2022-11-05 19:18:59,2024-05-28 19:18:59,2023-09-05 19:18:59,2023-09-05 19:18:59,
2041,1,2041,2022-11-03 19:18:59,2024-06-07 19:18:59,2023-09-05 19:18:59,2023-09-05 19:18:59,
2042,1,2042,2023-06-27 19:18:59,2024-04-14 19:18:59,2023-09-05 19:18:59,2023-09-05 19:18:59,
2043,1,2043,2023-05-20 19:18:59,2024-04-22 19:18:59,2023-09-05 19:18:59,2023-09-05 19:18:59,
2044,2,2044,2023-05-09 19:18:59,2024-03-28 19:18:59,2023-09-05 19:18:59,2023-09-05 19:18:59,
2045,1,2045,2023-02-09 19:18:59,2024-03-16 19:18:59,2023-09-05 19:18:59,2023-09-05 19:18:59,
2046,3,2046,2023-01-24 19:18:59,2024-03-30 19:18:59,2023-09-05 19:18:59,2023-09-05 19:18:59,
2047,2,2047,2023-03-02 19:18:59,2024-05-11 19:18:59,2023-09-05 19:18:59,2023-09-05 19:18:59,
2048,1,2048,2022-09-16 19:18:59,2023-10-07 19:18:59,2023-09-05 19:18:59,2023-09-05 19:18:59,
2049,3,2049,2023-04-22 19:18:59,2024-07-20 19:18:59,2023-09-05 19:18:59,2023-09-05 19:18:59,
2050,3,2050,2022-12-09 19:18:59,2024-08-10 19:18:59,2023-09-05 19:18:59,2023-09-05 19:18:59,
2051,3,2051,2023-08-04 19:18:59,2024-03-22 19:18:59,2023-09-05 19:18:59,2023-09-05 19:18:59,
2052,1,2052,2022-11-01 19:18:59,2024-06-28 19:18:59,2023-09-05 19:18:59,2023-09-05 19:18:59,
2053,1,2053,2023-03-13 19:18:59,2024-02-25 19:18:59,2023-09-05 19:18:59,2023-09-05 19:18:59,
2054,2,2054,2023-08-14 19:18:59,2023-11-22 19:18:59,2023-09-05 19:18:59,2023-09-05 19:18:59,
2055,2,2055,2022-10-08 19:18:59,2024-08-06 19:18:59,2023-09-05 19:18:59,2023-09-05 19:18:59,
2056,1,2056,2023-03-14 19:18:59,2024-02-20 19:18:59,2023-09-05 19:18:59,2023-09-05 19:18:59,
2057,1,2057,2023-01-20 19:18:59,2024-06-28 19:18:59,2023-09-05 19:18:59,2023-09-05 19:18:59,
2058,2,2058,2023-01-09 19:18:59,2024-01-08 19:18:59,2023-09-05 19:18:59,2023-09-05 19:18:59,
2059,1,2059,2022-11-22 19:18:59,2024-04-25 19:18:59,2023-09-05 19:18:59,2023-09-05 19:18:59,
2060,2,2060,2023-05-05 19:18:59,2023-10-07 19:18:59,2023-09-05 19:18:59,2023-09-05 19:18:59,
2061,2,2061,2023-01-19 19:18:59,2024-01-21 19:18:59,2023-09-05 19:18:59,2023-09-05 19:18:59,
2062,3,2062,2023-03-02 19:18:59,2024-02-13 19:18:59,2023-09-05 19:18:59,2023-09-05 19:18:59,
2063,2,2063,2023-04-24 19:18:59,2024-05-07 19:18:59,2023-09-05 19:18:59,2023-09-05 19:18:59,
2064,1,2064,2023-03-25 19:18:59,2024-02-27 19:18:59,2023-09-05 19:18:59,2023-09-05 19:18:59,
2065,1,2065,2022-12-10 19:18:59,2024-08-03 19:18:59,2023-09-05 19:18:59,2023-09-05 19:18:59,
2066,2,2066,2023-05-03 19:18:59,2024-05-03 19:18:59,2023-09-05 19:18:59,2023-09-05 19:18:59,
2067,2,2067,2022-12-07 19:18:59,2024-08-14 19:18:59,2023-09-05 19:18:59,2023-09-05 19:18:59,
2068,2,2068,2023-05-09 19:18:59,2024-03-16 19:18:59,2023-09-05 19:18:59,2023-09-05 19:18:59,
2069,3,2069,2022-09-24 19:18:59,2024-04-02 19:18:59,2023-09-05 19:18:59,2023-09-05 19:18:59,
2070,1,2070,2023-07-20 19:18:59,2023-10-20 19:18:59,2023-09-05 19:18:59,2023-09-05 19:18:59,
2071,3,2071,2022-10-12 19:18:59,2024-03-20 19:18:59,2023-09-05 19:18:59,2023-09-05 19:18:59,
2072,1,2072,2023-02-28 19:18:59,2024-08-24 19:18:59,2023-09-05 19:18:59,2023-09-05 19:18:59,
2073,2,2073,2023-03-06 19:18:59,2024-06-22 19:18:59,2023-09-05 19:18:59,2023-09-05 19:18:59,
2074,2,2074,2023-01-09 19:18:59,2024-08-08 19:18:59,2023-09-05 19:18:59,2023-09-05 19:18:59,
2075,2,2075,2022-12-15 19:18:59,2023-11-05 19:18:59,2023-09-05 19:18:59,2023-09-05 19:18:59,
2076,3,2076,2023-07-06 19:18:59,2024-07-11 19:18:59,2023-09-05 19:18:59,2023-09-05 19:18:59,
2077,3,2077,2022-12-11 19:18:59,2024-03-22 19:18:59,2023-09-05 19:18:59,2023-09-05 19:18:59,
2078,2,2078,2022-12-02 19:18:59,2024-08-08 19:18:59,2023-09-05 19:18:59,2023-09-05 19:18:59,
2079,3,2079,2023-01-01 19:18:59,2024-08-01 19:18:59,2023-09-05 19:18:59,2023-09-05 19:18:59,
2080,3,2080,2023-07-25 19:18:59,2024-04-03 19:18:59,2023-09-05 19:18:59,2023-09-05 19:18:59,
2081,3,2081,2022-09-11 19:18:59,2024-05-24 19:18:59,2023-09-05 19:18:59,2023-09-05 19:18:59,
2082,2,2082,2023-09-02 19:18:59,2023-11-08 19:18:59,2023-09-05 19:18:59,2023-09-05 19:18:59,
2083,1,2083,2023-01-28 19:18:59,2024-01-13 19:18:59,2023-09-05 19:18:59,2023-09-05 19:18:59,
2084,3,2084,2023-04-06 19:18:59,2024-06-29 19:18:59,2023-09-05 19:18:59,2023-09-05 19:18:59,
2085,1,2085,2023-05-02 19:18:59,2024-02-20 19:18:59,2023-09-05 19:18:59,2023-09-05 19:18:59,
2086,2,2086,2022-09-06 19:18:59,2024-06-06 19:18:59,2023-09-05 19:18:59,2023-09-05 19:18:59,
2087,3,2087,2023-03-17 19:18:59,2024-08-07 19:18:59,2023-09-05 19:18:59,2023-09-05 19:18:59,
2088,3,2088,2023-05-30 19:18:59,2024-06-23 19:18:59,2023-09-05 19:18:59,2023-09-05 19:18:59,
2089,3,2089,2023-01-05 19:18:59,2024-01-18 19:18:59,2023-09-05 19:18:59,2023-09-05 19:18:59,
2090,3,2090,2023-04-06 19:18:59,2024-04-03 19:18:59,2023-09-05 19:18:59,2023-09-05 19:18:59,
2091,2,2091,2023-01-15 19:18:59,2024-04-10 19:18:59,2023-09-05 19:18:59,2023-09-05 19:18:59,
2092,1,2092,2023-03-20 19:18:59,2024-01-08 19:18:59,2023-09-05 19:18:59,2023-09-05 19:18:59,
2093,1,2093,2023-03-22 19:18:59,2024-02-05 19:18:59,2023-09-05 19:18:59,2023-09-05 19:18:59,
2094,1,2094,2023-07-05 19:18:59,2024-06-13 19:18:59,2023-09-05 19:18:59,2023-09-05 19:18:59,
2095,3,2095,2023-07-31 19:18:59,2023-12-25 19:18:59,2023-09-05 19:18:59,2023-09-05 19:18:59,
2096,3,2096,2023-02-13 19:18:59,2024-08-30 19:18:59,2023-09-05 19:18:59,2023-09-05 19:18:59,
2097,2,2097,2023-08-10 19:18:59,2023-11-04 19:18:59,2023-09-05 19:18:59,2023-09-05 19:18:59,
2098,3,2098,2022-10-24 19:18:59,2023-12-11 19:18:59,2023-09-05 19:18:59,2023-09-05 19:18:59,
2099,2,2099,2022-10-09 19:18:59,2024-05-14 19:18:59,2023-09-05 19:18:59,2023-09-05 19:18:59,
2100,1,2100,2022-11-02 19:18:59,2024-04-06 19:18:59,2023-09-05 19:18:59,2023-09-05 19:18:59,
2101,2,2101,2022-09-17 19:18:59,2024-06-06 19:18:59,2023-09-05 19:18:59,2023-09-05 19:18:59,
2102,1,2102,2022-10-08 19:18:59,2024-04-15 19:18:59,2023-09-05 19:18:59,2023-09-05 19:18:59,
2103,2,2103,2023-05-03 19:18:59,2024-03-16 19:18:59,2023-09-05 19:18:59,2023-09-05 19:18:59,
2104,1,2104,2023-06-28 19:18:59,2023-11-19 19:18:59,2023-09-05 19:18:59,2023-09-05 19:18:59,
2105,2,2105,2023-01-07 19:18:59,2024-08-10 19:18:59,2023-09-05 19:18:59,2023-09-05 19:18:59,
2106,2,2106,2023-06-28 19:18:59,2024-08-13 19:18:59,2023-09-05 19:18:59,2023-09-05 19:18:59,
2107,3,2107,2023-02-27 19:18:59,2024-01-20 19:18:59,2023-09-05 19:18:59,2023-09-05 19:18:59,
2108,3,2108,2022-11-25 19:18:59,2023-12-19 19:18:59,2023-09-05 19:18:59,2023-09-05 19:18:59,
2109,2,2109,2022-12-07 19:18:59,2024-01-23 19:18:59,2023-09-05 19:18:59,2023-09-05 19:18:59,
2110,2,2110,2022-09-17 19:18:59,2024-07-25 19:18:59,2023-09-05 19:18:59,2023-09-05 19:18:59,
2111,3,2111,2023-04-25 19:18:59,2024-08-07 19:18:59,2023-09-05 19:18:59,2023-09-05 19:18:59,
2112,1,2112,2023-08-20 19:18:59,2024-05-20 19:18:59,2023-09-05 19:18:59,2023-09-05 19:18:59,
2113,2,2113,2022-09-23 19:18:59,2024-03-13 19:18:59,2023-09-05 19:18:59,2023-09-05 19:18:59,
2114,1,2114,2023-06-04 19:18:59,2024-02-16 19:18:59,2023-09-05 19:18:59,2023-09-05 19:18:59,
2115,2,2115,2023-04-19 19:18:59,2024-03-25 19:18:59,2023-09-05 19:18:59,2023-09-05 19:18:59,
2116,3,2116,2022-09-23 19:18:59,2024-08-21 19:18:59,2023-09-05 19:18:59,2023-09-05 19:18:59,
2117,2,2117,2023-06-27 19:18:59,2024-05-30 19:18:59,2023-09-05 19:18:59,2023-09-05 19:18:59,
2118,3,2118,2023-06-11 19:18:59,2024-01-25 19:18:59,2023-09-05 19:18:59,2023-09-05 19:18:59,
2119,2,2119,2023-03-23 19:18:59,2024-02-29 19:18:59,2023-09-05 19:18:59,2023-09-05 19:18:59,
2120,3,2120,2022-10-12 19:18:59,2024-01-24 19:18:59,2023-09-05 19:18:59,2023-09-05 19:18:59,
2121,3,2121,2023-06-17 19:18:59,2024-07-12 19:18:59,2023-09-05 19:18:59,2023-09-05 19:18:59,
2122,2,2122,2023-07-14 19:18:59,2024-02-23 19:18:59,2023-09-05 19:18:59,2023-09-05 19:18:59,
2123,1,2123,2023-07-15 19:18:59,2024-09-04 19:18:59,2023-09-05 19:18:59,2023-09-05 19:18:59,
2124,3,2124,2023-08-26 19:18:59,2023-10-06 19:18:59,2023-09-05 19:18:59,2023-09-05 19:18:59,
2125,2,2125,2023-07-27 19:18:59,2024-01-01 19:18:59,2023-09-05 19:18:59,2023-09-05 19:18:59,
2126,1,2126,2023-09-04 19:18:59,2024-08-29 19:18:59,2023-09-05 19:18:59,2023-09-05 19:18:59,
2127,1,2127,2023-03-28 19:18:59,2023-11-20 19:18:59,2023-09-05 19:18:59,2023-09-05 19:18:59,
2128,3,2128,2023-07-07 19:18:59,2024-03-16 19:18:59,2023-09-05 19:18:59,2023-09-05 19:18:59,
2129,3,2129,2023-08-19 19:18:59,2023-10-11 19:18:59,2023-09-05 19:18:59,2023-09-05 19:18:59,
2130,3,2130,2023-07-11 19:18:59,2024-06-27 19:18:59,2023-09-05 19:18:59,2023-09-05 19:18:59,
2131,3,2131,2023-08-30 19:18:59,2024-03-03 19:18:59,2023-09-05 19:18:59,2023-09-05 19:18:59,
2132,2,2132,2023-02-28 19:18:59,2024-07-10 19:18:59,2023-09-05 19:18:59,2023-09-05 19:18:59,
2133,3,2133,2022-10-27 19:18:59,2024-03-28 19:18:59,2023-09-05 19:18:59,2023-09-05 19:18:59,
2134,2,2134,2023-01-15 19:18:59,2023-11-30 19:18:59,2023-09-05 19:18:59,2023-09-05 19:18:59,
2135,1,2135,2022-10-11 19:18:59,2023-12-15 19:18:59,2023-09-05 19:18:59,2023-09-05 19:18:59,
2136,3,2136,2023-01-10 19:18:59,2024-06-20 19:18:59,2023-09-05 19:18:59,2023-09-05 19:18:59,
2137,3,2137,2023-07-07 19:18:59,2024-08-06 19:18:59,2023-09-05 19:18:59,2023-09-05 19:18:59,
2138,3,2138,2023-01-18 19:18:59,2024-02-25 19:18:59,2023-09-05 19:18:59,2023-09-05 19:18:59,
2139,2,2139,2023-04-08 19:18:59,2024-03-26 19:18:59,2023-09-05 19:18:59,2023-09-05 19:18:59,
2140,1,2140,2022-12-24 19:18:59,2023-12-29 19:18:59,2023-09-05 19:18:59,2023-09-05 19:18:59,
2141,2,2141,2022-11-23 19:18:59,2024-05-23 19:18:59,2023-09-05 19:18:59,2023-09-05 19:18:59,
2142,3,2142,2023-03-08 19:18:59,2024-03-12 19:18:59,2023-09-05 19:18:59,2023-09-05 19:18:59,
2143,1,2143,2023-01-08 19:18:59,2024-06-04 19:18:59,2023-09-05 19:18:59,2023-09-05 19:18:59,
2144,3,2144,2023-01-24 19:18:59,2023-12-27 19:18:59,2023-09-05 19:18:59,2023-09-05 19:18:59,
2145,1,2145,2023-08-31 19:18:59,2024-06-21 19:18:59,2023-09-05 19:18:59,2023-09-05 19:18:59,
2146,1,2146,2022-11-15 19:18:59,2024-07-10 19:18:59,2023-09-05 19:18:59,2023-09-05 19:18:59,
2147,3,2147,2022-09-18 19:18:59,2024-03-31 19:18:59,2023-09-05 19:18:59,2023-09-05 19:18:59,
2148,1,2148,2022-11-26 19:18:59,2024-05-07 19:18:59,2023-09-05 19:18:59,2023-09-05 19:18:59,
2149,3,2149,2023-03-25 19:18:59,2024-06-17 19:18:59,2023-09-05 19:18:59,2023-09-05 19:18:59,
2150,3,2150,2022-09-18 19:18:59,2023-12-24 19:18:59,2023-09-05 19:18:59,2023-09-05 19:18:59,
2151,3,2151,2022-12-25 19:18:59,2024-05-16 19:18:59,2023-09-05 19:18:59,2023-09-05 19:18:59,
2152,1,2152,2023-04-21 19:18:59,2024-03-29 19:18:59,2023-09-05 19:18:59,2023-09-05 19:18:59,
2153,2,2153,2023-08-10 19:18:59,2024-03-26 19:18:59,2023-09-05 19:18:59,2023-09-05 19:18:59,
2154,3,2154,2023-01-20 19:18:59,2023-12-27 19:18:59,2023-09-05 19:18:59,2023-09-05 19:18:59,
2155,3,2155,2023-07-12 19:18:59,2024-08-26 19:18:59,2023-09-05 19:18:59,2023-09-05 19:18:59,
2156,1,2156,2023-07-03 19:18:59,2024-07-25 19:18:59,2023-09-05 19:18:59,2023-09-05 19:18:59,
2157,2,2157,2023-03-24 19:18:59,2023-10-27 19:18:59,2023-09-05 19:18:59,2023-09-05 19:18:59,
2158,1,2158,2023-01-12 19:18:59,2023-12-10 19:18:59,2023-09-05 19:18:59,2023-09-05 19:18:59,
2159,2,2159,2022-12-04 19:18:59,2023-12-05 19:18:59,2023-09-05 19:18:59,2023-09-05 19:18:59,
2160,2,2160,2023-03-24 19:18:59,2023-12-18 19:18:59,2023-09-05 19:18:59,2023-09-05 19:18:59,
2161,2,2161,2023-01-18 19:18:59,2024-07-29 19:18:59,2023-09-05 19:18:59,2023-09-05 19:18:59,
2162,1,2162,2022-10-09 19:18:59,2023-12-31 19:18:59,2023-09-05 19:18:59,2023-09-05 19:18:59,
2163,3,2163,2022-09-10 19:18:59,2024-04-15 19:18:59,2023-09-05 19:18:59,2023-09-05 19:18:59,
2164,1,2164,2023-02-08 19:18:59,2024-04-28 19:18:59,2023-09-05 19:18:59,2023-09-05 19:18:59,
2165,3,2165,2023-02-24 19:18:59,2024-06-08 19:18:59,2023-09-05 19:18:59,2023-09-05 19:18:59,
2166,3,2166,2023-03-20 19:18:59,2024-01-06 19:18:59,2023-09-05 19:18:59,2023-09-05 19:18:59,
2167,2,2167,2022-09-16 19:18:59,2024-02-20 19:18:59,2023-09-05 19:18:59,2023-09-05 19:18:59,
2168,1,2168,2022-09-09 19:18:59,2023-11-11 19:18:59,2023-09-05 19:18:59,2023-09-05 19:18:59,
2169,1,2169,2023-07-12 19:18:59,2024-02-12 19:18:59,2023-09-05 19:18:59,2023-09-05 19:18:59,
2170,2,2170,2022-11-04 19:18:59,2024-02-10 19:18:59,2023-09-05 19:18:59,2023-09-05 19:18:59,
2171,3,2171,2023-06-23 19:18:59,2023-10-06 19:18:59,2023-09-05 19:18:59,2023-09-05 19:18:59,
2172,3,2172,2023-01-19 19:18:59,2024-01-31 19:18:59,2023-09-05 19:18:59,2023-09-05 19:18:59,
2173,2,2173,2023-08-05 19:18:59,2024-02-01 19:18:59,2023-09-05 19:18:59,2023-09-05 19:18:59,
2174,1,2174,2023-02-08 19:18:59,2024-03-14 19:18:59,2023-09-05 19:18:59,2023-09-05 19:18:59,
2175,2,2175,2023-01-31 19:18:59,2023-11-18 19:18:59,2023-09-05 19:18:59,2023-09-05 19:18:59,
2176,2,2176,2023-04-30 19:18:59,2023-12-08 19:18:59,2023-09-05 19:18:59,2023-09-05 19:18:59,
2177,3,2177,2023-05-13 19:18:59,2023-12-28 19:18:59,2023-09-05 19:18:59,2023-09-05 19:18:59,
2178,1,2178,2023-04-23 19:18:59,2023-12-02 19:18:59,2023-09-05 19:18:59,2023-09-05 19:18:59,
2179,1,2179,2022-12-15 19:18:59,2024-07-31 19:18:59,2023-09-05 19:18:59,2023-09-05 19:18:59,
2180,3,2180,2023-03-05 19:18:59,2024-04-01 19:18:59,2023-09-05 19:18:59,2023-09-05 19:18:59,
2181,3,2181,2023-08-04 19:18:59,2023-12-11 19:18:59,2023-09-05 19:18:59,2023-09-05 19:18:59,
2182,3,2182,2023-07-16 19:18:59,2024-08-15 19:18:59,2023-09-05 19:18:59,2023-09-05 19:18:59,
2183,1,2183,2022-12-28 19:18:59,2023-12-11 19:18:59,2023-09-05 19:18:59,2023-09-05 19:18:59,
2184,3,2184,2023-02-11 19:18:59,2024-05-12 19:18:59,2023-09-05 19:18:59,2023-09-05 19:18:59,
2185,1,2185,2023-03-19 19:18:59,2024-07-16 19:18:59,2023-09-05 19:18:59,2023-09-05 19:18:59,
2186,3,2186,2023-08-05 19:18:59,2024-05-04 19:18:59,2023-09-05 19:18:59,2023-09-05 19:18:59,
2187,1,2187,2023-06-24 19:18:59,2024-03-17 19:18:59,2023-09-05 19:18:59,2023-09-05 19:18:59,
2188,1,2188,2023-02-27 19:18:59,2024-06-14 19:18:59,2023-09-05 19:18:59,2023-09-05 19:18:59,
2189,1,2189,2022-12-29 19:18:59,2023-11-24 19:18:59,2023-09-05 19:18:59,2023-09-05 19:18:59,
2190,3,2190,2023-01-22 19:18:59,2023-11-25 19:18:59,2023-09-05 19:18:59,2023-09-05 19:18:59,
2191,3,2191,2022-10-18 19:18:59,2023-11-09 19:18:59,2023-09-05 19:18:59,2023-09-05 19:18:59,
2192,2,2192,2023-01-08 19:18:59,2024-04-22 19:18:59,2023-09-05 19:18:59,2023-09-05 19:18:59,
2193,3,2193,2023-04-14 19:18:59,2024-01-04 19:18:59,2023-09-05 19:18:59,2023-09-05 19:18:59,
2194,1,2194,2023-04-24 19:18:59,2024-02-21 19:18:59,2023-09-05 19:18:59,2023-09-05 19:18:59,
2195,3,2195,2023-03-07 19:18:59,2024-04-12 19:18:59,2023-09-05 19:18:59,2023-09-05 19:18:59,
2196,1,2196,2023-08-04 19:18:59,2024-05-02 19:18:59,2023-09-05 19:18:59,2023-09-05 19:18:59,
2197,1,2197,2022-11-24 19:18:59,2023-11-14 19:18:59,2023-09-05 19:18:59,2023-09-05 19:18:59,
2198,1,2198,2022-11-22 19:18:59,2024-01-05 19:18:59,2023-09-05 19:18:59,2023-09-05 19:18:59,
2199,2,2199,2022-10-11 19:18:59,2024-06-21 19:18:59,2023-09-05 19:18:59,2023-09-05 19:18:59,
2200,2,2200,2023-08-28 19:18:59,2024-01-18 19:18:59,2023-09-05 19:18:59,2023-09-05 19:18:59,
2201,1,2201,2023-08-12 19:18:59,2024-03-27 19:18:59,2023-09-05 19:18:59,2023-09-05 19:18:59,
2202,2,2202,2022-11-07 19:18:59,2023-12-24 19:18:59,2023-09-05 19:18:59,2023-09-05 19:18:59,
2203,3,2203,2023-06-24 19:18:59,2024-04-17 19:18:59,2023-09-05 19:18:59,2023-09-05 19:18:59,
2204,1,2204,2023-01-23 19:18:59,2024-01-11 19:18:59,2023-09-05 19:18:59,2023-09-05 19:18:59,
2205,1,2205,2023-01-27 19:18:59,2024-01-26 19:18:59,2023-09-05 19:18:59,2023-09-05 19:18:59,
2206,2,2206,2023-06-30 19:18:59,2023-11-03 19:18:59,2023-09-05 19:18:59,2023-09-05 19:18:59,
2207,1,2207,2023-08-25 19:18:59,2024-08-29 19:18:59,2023-09-05 19:18:59,2023-09-05 19:18:59,
2208,1,2208,2022-11-15 19:18:59,2024-02-15 19:18:59,2023-09-05 19:18:59,2023-09-05 19:18:59,
2209,2,2209,2022-11-28 19:18:59,2024-02-10 19:18:59,2023-09-05 19:18:59,2023-09-05 19:18:59,
2210,1,2210,2023-01-25 19:18:59,2024-05-14 19:18:59,2023-09-05 19:18:59,2023-09-05 19:18:59,
2211,1,2211,2022-10-11 19:18:59,2024-06-21 19:18:59,2023-09-05 19:18:59,2023-09-05 19:18:59,
2212,2,2212,2023-01-06 19:18:59,2024-06-23 19:18:59,2023-09-05 19:18:59,2023-09-05 19:18:59,
2213,3,2213,2023-07-16 19:18:59,2024-02-16 19:18:59,2023-09-05 19:18:59,2023-09-05 19:18:59,
2214,2,2214,2022-10-13 19:18:59,2024-04-26 19:18:59,2023-09-05 19:18:59,2023-09-05 19:18:59,
2215,1,2215,2023-03-10 19:18:59,2024-02-06 19:18:59,2023-09-05 19:18:59,2023-09-05 19:18:59,
2216,2,2216,2023-08-09 19:18:59,2024-08-23 19:18:59,2023-09-05 19:18:59,2023-09-05 19:18:59,
2217,3,2217,2023-06-22 19:18:59,2024-01-08 19:18:59,2023-09-05 19:18:59,2023-09-05 19:18:59,
2218,3,2218,2023-04-22 19:18:59,2023-12-04 19:18:59,2023-09-05 19:18:59,2023-09-05 19:18:59,
2219,1,2219,2023-05-09 19:18:59,2024-01-06 19:18:59,2023-09-05 19:18:59,2023-09-05 19:18:59,
2220,2,2220,2023-01-19 19:18:59,2024-06-21 19:18:59,2023-09-05 19:18:59,2023-09-05 19:18:59,
2221,2,2221,2022-11-03 19:18:59,2024-01-01 19:18:59,2023-09-05 19:18:59,2023-09-05 19:18:59,
2222,3,2222,2022-09-13 19:18:59,2024-06-23 19:18:59,2023-09-05 19:18:59,2023-09-05 19:18:59,
2223,1,2223,2023-08-12 19:18:59,2024-06-12 19:18:59,2023-09-05 19:18:59,2023-09-05 19:18:59,
2224,2,2224,2022-10-19 19:18:59,2024-07-31 19:18:59,2023-09-05 19:18:59,2023-09-05 19:18:59,
2225,3,2225,2023-06-07 19:18:59,2024-07-27 19:18:59,2023-09-05 19:18:59,2023-09-05 19:18:59,
2226,1,2226,2023-05-17 19:18:59,2023-10-23 19:18:59,2023-09-05 19:18:59,2023-09-05 19:18:59,
2227,1,2227,2023-03-24 19:18:59,2024-01-27 19:18:59,2023-09-05 19:18:59,2023-09-05 19:18:59,
2228,3,2228,2023-02-03 19:18:59,2024-06-16 19:18:59,2023-09-05 19:18:59,2023-09-05 19:18:59,
2229,3,2229,2023-02-03 19:18:59,2024-03-31 19:18:59,2023-09-05 19:18:59,2023-09-05 19:18:59,
2230,1,2230,2022-12-03 19:18:59,2024-03-27 19:18:59,2023-09-05 19:18:59,2023-09-05 19:18:59,
2231,3,2231,2023-04-05 19:18:59,2024-01-16 19:18:59,2023-09-05 19:18:59,2023-09-05 19:18:59,
2232,1,2232,2023-08-18 19:18:59,2024-05-01 19:18:59,2023-09-05 19:18:59,2023-09-05 19:18:59,
2233,2,2233,2023-08-30 19:18:59,2024-05-26 19:18:59,2023-09-05 19:18:59,2023-09-05 19:18:59,
2234,3,2234,2022-12-22 19:18:59,2024-02-02 19:18:59,2023-09-05 19:18:59,2023-09-05 19:18:59,
2235,3,2235,2022-10-08 19:18:59,2024-07-02 19:18:59,2023-09-05 19:18:59,2023-09-05 19:18:59,
2236,2,2236,2022-10-11 19:18:59,2024-03-04 19:18:59,2023-09-05 19:18:59,2023-09-05 19:18:59,
2237,3,2237,2023-03-20 19:18:59,2024-03-04 19:18:59,2023-09-05 19:18:59,2023-09-05 19:18:59,
2238,2,2238,2022-09-09 19:18:59,2024-08-17 19:18:59,2023-09-05 19:18:59,2023-09-05 19:18:59,
2239,1,2239,2022-11-11 19:18:59,2024-03-12 19:18:59,2023-09-05 19:18:59,2023-09-05 19:18:59,
2240,3,2240,2023-04-26 19:18:59,2024-02-18 19:18:59,2023-09-05 19:18:59,2023-09-05 19:18:59,
2241,1,2241,2022-12-09 19:18:59,2024-05-08 19:18:59,2023-09-05 19:18:59,2023-09-05 19:18:59,
2242,2,2242,2023-03-17 19:18:59,2024-05-26 19:18:59,2023-09-05 19:18:59,2023-09-05 19:18:59,
2243,2,2243,2023-02-02 19:18:59,2024-08-14 19:18:59,2023-09-05 19:18:59,2023-09-05 19:18:59,
2244,3,2244,2023-01-17 19:18:59,2024-07-13 19:18:59,2023-09-05 19:18:59,2023-09-05 19:18:59,
2245,2,2245,2023-02-08 19:18:59,2024-03-04 19:18:59,2023-09-05 19:18:59,2023-09-05 19:18:59,
2246,2,2246,2023-03-03 19:18:59,2023-12-20 19:18:59,2023-09-05 19:18:59,2023-09-05 19:18:59,
2247,2,2247,2022-09-30 19:18:59,2024-05-17 19:18:59,2023-09-05 19:18:59,2023-09-05 19:18:59,
2248,2,2248,2023-05-30 19:18:59,2024-01-18 19:18:59,2023-09-05 19:18:59,2023-09-05 19:18:59,
2249,2,2249,2023-03-03 19:18:59,2024-02-29 19:18:59,2023-09-05 19:18:59,2023-09-05 19:18:59,
2250,1,2250,2023-04-22 19:18:59,2024-08-04 19:18:59,2023-09-05 19:18:59,2023-09-05 19:18:59,
2251,3,2251,2023-08-17 19:18:59,2024-05-03 19:18:59,2023-09-05 19:18:59,2023-09-05 19:18:59,
2252,2,2252,2022-11-29 19:18:59,2024-07-21 19:18:59,2023-09-05 19:18:59,2023-09-05 19:18:59,
2253,3,2253,2023-08-10 19:18:59,2023-10-18 19:18:59,2023-09-05 19:18:59,2023-09-05 19:18:59,
2254,1,2254,2023-02-22 19:18:59,2024-07-24 19:18:59,2023-09-05 19:18:59,2023-09-05 19:18:59,
2255,1,2255,2023-05-05 19:18:59,2024-04-14 19:18:59,2023-09-05 19:18:59,2023-09-05 19:18:59,
2256,3,2256,2022-12-08 19:18:59,2024-06-13 19:18:59,2023-09-05 19:18:59,2023-09-05 19:18:59,
2257,1,2257,2023-01-13 19:18:59,2024-07-17 19:18:59,2023-09-05 19:18:59,2023-09-05 19:18:59,
2258,2,2258,2022-10-05 19:18:59,2024-03-12 19:18:59,2023-09-05 19:18:59,2023-09-05 19:18:59,
2259,2,2259,2022-10-10 19:18:59,2024-04-04 19:18:59,2023-09-05 19:18:59,2023-09-05 19:18:59,
2260,3,2260,2022-11-04 19:18:59,2024-03-14 19:18:59,2023-09-05 19:18:59,2023-09-05 19:18:59,
2261,3,2261,2022-10-03 19:18:59,2024-02-18 19:18:59,2023-09-05 19:18:59,2023-09-05 19:18:59,
2262,3,2262,2023-07-08 19:18:59,2023-11-03 19:18:59,2023-09-05 19:18:59,2023-09-05 19:18:59,
2263,3,2263,2022-11-21 19:18:59,2024-07-22 19:18:59,2023-09-05 19:18:59,2023-09-05 19:18:59,
2264,1,2264,2023-02-11 19:18:59,2024-05-10 19:18:59,2023-09-05 19:18:59,2023-09-05 19:18:59,
2265,2,2265,2023-02-04 19:18:59,2023-10-17 19:18:59,2023-09-05 19:18:59,2023-09-05 19:18:59,
2266,2,2266,2023-02-17 19:18:59,2023-12-13 19:18:59,2023-09-05 19:18:59,2023-09-05 19:18:59,
2267,1,2267,2023-01-16 19:18:59,2023-11-23 19:18:59,2023-09-05 19:18:59,2023-09-05 19:18:59,
2268,1,2268,2022-10-08 19:18:59,2024-03-06 19:18:59,2023-09-05 19:18:59,2023-09-05 19:18:59,
2269,2,2269,2022-10-14 19:18:59,2024-07-30 19:18:59,2023-09-05 19:18:59,2023-09-05 19:18:59,
2270,3,2270,2023-01-25 19:18:59,2024-01-14 19:18:59,2023-09-05 19:18:59,2023-09-05 19:18:59,
2271,1,2271,2022-11-03 19:18:59,2024-03-07 19:18:59,2023-09-05 19:18:59,2023-09-05 19:18:59,
2272,3,2272,2023-06-12 19:18:59,2024-02-10 19:18:59,2023-09-05 19:18:59,2023-09-05 19:18:59,
2273,3,2273,2023-04-23 19:18:59,2024-07-03 19:18:59,2023-09-05 19:18:59,2023-09-05 19:18:59,
2274,3,2274,2023-04-15 19:18:59,2023-12-06 19:18:59,2023-09-05 19:18:59,2023-09-05 19:18:59,
2275,3,2275,2023-09-02 19:18:59,2024-08-09 19:18:59,2023-09-05 19:18:59,2023-09-05 19:18:59,
2276,1,2276,2023-02-17 19:18:59,2024-04-19 19:18:59,2023-09-05 19:18:59,2023-09-05 19:18:59,
2277,3,2277,2022-11-13 19:18:59,2024-06-03 19:18:59,2023-09-05 19:18:59,2023-09-05 19:18:59,
2278,2,2278,2023-07-15 19:18:59,2023-10-21 19:18:59,2023-09-05 19:18:59,2023-09-05 19:18:59,
2279,1,2279,2023-06-14 19:18:59,2023-11-27 19:18:59,2023-09-05 19:18:59,2023-09-05 19:18:59,
2280,1,2280,2023-06-06 19:18:59,2024-03-11 19:18:59,2023-09-05 19:18:59,2023-09-05 19:18:59,
2281,3,2281,2023-07-21 19:18:59,2024-05-18 19:18:59,2023-09-05 19:18:59,2023-09-05 19:18:59,
2282,2,2282,2022-09-18 19:18:59,2024-02-09 19:18:59,2023-09-05 19:18:59,2023-09-05 19:18:59,
2283,2,2283,2023-07-26 19:18:59,2024-04-30 19:18:59,2023-09-05 19:18:59,2023-09-05 19:18:59,
2284,2,2284,2023-08-12 19:18:59,2024-01-21 19:18:59,2023-09-05 19:18:59,2023-09-05 19:18:59,
2285,3,2285,2023-02-17 19:18:59,2024-06-15 19:18:59,2023-09-05 19:18:59,2023-09-05 19:18:59,
2286,2,2286,2023-03-11 19:18:59,2024-03-22 19:18:59,2023-09-05 19:18:59,2023-09-05 19:18:59,
2287,2,2287,2022-09-05 19:18:59,2023-12-09 19:18:59,2023-09-05 19:18:59,2023-09-05 19:18:59,
2288,2,2288,2023-07-14 19:18:59,2024-05-31 19:18:59,2023-09-05 19:18:59,2023-09-05 19:18:59,
2289,2,2289,2023-08-21 19:18:59,2024-07-31 19:18:59,2023-09-05 19:18:59,2023-09-05 19:18:59,
2290,2,2290,2022-09-26 19:18:59,2023-11-03 19:18:59,2023-09-05 19:18:59,2023-09-05 19:18:59,
2291,1,2291,2023-01-21 19:18:59,2024-01-20 19:18:59,2023-09-05 19:18:59,2023-09-05 19:18:59,
2292,1,2292,2023-08-10 19:18:59,2024-02-25 19:18:59,2023-09-05 19:18:59,2023-09-05 19:18:59,
2293,2,2293,2023-05-29 19:18:59,2024-03-07 19:18:59,2023-09-05 19:18:59,2023-09-05 19:18:59,
2294,1,2294,2022-09-22 19:18:59,2023-11-08 19:18:59,2023-09-05 19:18:59,2023-09-05 19:18:59,
2295,2,2295,2023-02-06 19:18:59,2024-01-12 19:18:59,2023-09-05 19:18:59,2023-09-05 19:18:59,
2296,1,2296,2023-06-20 19:18:59,2024-03-19 19:18:59,2023-09-05 19:18:59,2023-09-05 19:18:59,
2297,2,2297,2023-01-09 19:18:59,2024-05-17 19:18:59,2023-09-05 19:18:59,2023-09-05 19:18:59,
2298,3,2298,2023-07-13 19:18:59,2024-04-11 19:18:59,2023-09-05 19:18:59,2023-09-05 19:18:59,
2299,2,2299,2023-01-15 19:18:59,2024-05-19 19:18:59,2023-09-05 19:18:59,2023-09-05 19:18:59,
2300,1,2300,2022-12-06 19:18:59,2023-11-04 19:18:59,2023-09-05 19:18:59,2023-09-05 19:18:59,
2301,1,2301,2023-07-12 19:18:59,2023-10-17 19:18:59,2023-09-05 19:18:59,2023-09-05 19:18:59,
2302,3,2302,2023-03-30 19:18:59,2024-07-15 19:18:59,2023-09-05 19:18:59,2023-09-05 19:18:59,
2303,2,2303,2023-02-19 19:18:59,2023-12-21 19:18:59,2023-09-05 19:18:59,2023-09-05 19:18:59,
2304,3,2304,2022-09-09 19:18:59,2023-11-13 19:18:59,2023-09-05 19:18:59,2023-09-05 19:18:59,
2305,2,2305,2023-04-26 19:18:59,2024-06-02 19:18:59,2023-09-05 19:18:59,2023-09-05 19:18:59,
2306,3,2306,2022-10-12 19:18:59,2024-01-21 19:18:59,2023-09-05 19:18:59,2023-09-05 19:18:59,
2307,1,2307,2023-07-03 19:18:59,2024-07-28 19:18:59,2023-09-05 19:18:59,2023-09-05 19:18:59,
2308,2,2308,2023-01-02 19:18:59,2023-10-14 19:18:59,2023-09-05 19:18:59,2023-09-05 19:18:59,
2309,2,2309,2023-06-07 19:18:59,2024-06-04 19:18:59,2023-09-05 19:18:59,2023-09-05 19:18:59,
2310,1,2310,2023-04-27 19:18:59,2024-07-10 19:18:59,2023-09-05 19:18:59,2023-09-05 19:18:59,
2311,1,2311,2023-06-06 19:18:59,2024-04-20 19:18:59,2023-09-05 19:18:59,2023-09-05 19:18:59,
2312,3,2312,2022-11-10 19:18:59,2023-12-31 19:18:59,2023-09-05 19:18:59,2023-09-05 19:18:59,
2313,1,2313,2022-12-10 19:18:59,2024-05-27 19:18:59,2023-09-05 19:18:59,2023-09-05 19:18:59,
2314,1,2314,2023-07-17 19:18:59,2023-11-17 19:18:59,2023-09-05 19:18:59,2023-09-05 19:18:59,
2315,1,2315,2023-06-18 19:18:59,2024-01-26 19:18:59,2023-09-05 19:18:59,2023-09-05 19:18:59,
2316,1,2316,2023-04-19 19:18:59,2024-03-29 19:18:59,2023-09-05 19:18:59,2023-09-05 19:18:59,
2317,3,2317,2023-06-09 19:18:59,2024-01-08 19:18:59,2023-09-05 19:18:59,2023-09-05 19:18:59,
2318,2,2318,2023-01-19 19:18:59,2024-05-06 19:18:59,2023-09-05 19:18:59,2023-09-05 19:18:59,
2319,2,2319,2023-05-24 19:18:59,2024-03-05 19:18:59,2023-09-05 19:18:59,2023-09-05 19:18:59,
2320,2,2320,2023-04-07 19:18:59,2023-11-29 19:18:59,2023-09-05 19:18:59,2023-09-05 19:18:59,
2321,1,2321,2023-06-06 19:18:59,2024-06-15 19:18:59,2023-09-05 19:18:59,2023-09-05 19:18:59,
2322,3,2322,2023-06-09 19:18:59,2023-10-22 19:18:59,2023-09-05 19:18:59,2023-09-05 19:18:59,
2323,3,2323,2023-07-14 19:18:59,2023-10-23 19:18:59,2023-09-05 19:18:59,2023-09-05 19:18:59,
2324,3,2324,2023-05-13 19:18:59,2024-07-26 19:18:59,2023-09-05 19:18:59,2023-09-05 19:18:59,
2325,1,2325,2022-10-08 19:18:59,2024-02-13 19:18:59,2023-09-05 19:18:59,2023-09-05 19:18:59,
2326,1,2326,2022-10-05 19:18:59,2024-07-28 19:18:59,2023-09-05 19:18:59,2023-09-05 19:18:59,
2327,3,2327,2023-04-25 19:18:59,2024-05-15 19:18:59,2023-09-05 19:18:59,2023-09-05 19:18:59,
2328,1,2328,2023-06-01 19:18:59,2024-02-18 19:18:59,2023-09-05 19:18:59,2023-09-05 19:18:59,
2329,1,2329,2023-01-15 19:18:59,2024-07-31 19:18:59,2023-09-05 19:18:59,2023-09-05 19:18:59,
2330,3,2330,2023-01-29 19:18:59,2024-05-16 19:18:59,2023-09-05 19:18:59,2023-09-05 19:18:59,
2331,1,2331,2022-12-10 19:18:59,2024-07-01 19:18:59,2023-09-05 19:18:59,2023-09-05 19:18:59,
2332,1,2332,2022-10-19 19:18:59,2024-03-30 19:18:59,2023-09-05 19:18:59,2023-09-05 19:18:59,
2333,3,2333,2023-05-08 19:18:59,2024-07-24 19:18:59,2023-09-05 19:18:59,2023-09-05 19:18:59,
2334,1,2334,2022-10-20 19:18:59,2024-07-04 19:18:59,2023-09-05 19:18:59,2023-09-05 19:18:59,
2335,2,2335,2022-11-14 19:18:59,2023-12-21 19:18:59,2023-09-05 19:18:59,2023-09-05 19:18:59,
2336,1,2336,2022-09-29 19:18:59,2024-01-29 19:18:59,2023-09-05 19:18:59,2023-09-05 19:18:59,
2337,1,2337,2022-10-28 19:18:59,2024-04-08 19:18:59,2023-09-05 19:18:59,2023-09-05 19:18:59,
2338,1,2338,2023-01-01 19:18:59,2024-06-06 19:18:59,2023-09-05 19:18:59,2023-09-05 19:18:59,
2339,3,2339,2022-10-16 19:18:59,2024-03-19 19:18:59,2023-09-05 19:18:59,2023-09-05 19:18:59,
2340,1,2340,2022-12-22 19:18:59,2024-07-31 19:18:59,2023-09-05 19:18:59,2023-09-05 19:18:59,
2341,3,2341,2022-10-05 19:18:59,2024-05-28 19:18:59,2023-09-05 19:18:59,2023-09-05 19:18:59,
2342,3,2342,2023-06-14 19:18:59,2024-05-30 19:18:59,2023-09-05 19:18:59,2023-09-05 19:18:59,
2343,1,2343,2023-03-06 19:18:59,2024-07-02 19:18:59,2023-09-05 19:18:59,2023-09-05 19:18:59,
2344,3,2344,2023-04-17 19:18:59,2024-07-26 19:18:59,2023-09-05 19:18:59,2023-09-05 19:18:59,
2345,3,2345,2023-09-02 19:18:59,2024-03-10 19:18:59,2023-09-05 19:18:59,2023-09-05 19:18:59,
2346,2,2346,2023-04-03 19:18:59,2023-11-04 19:18:59,2023-09-05 19:18:59,2023-09-05 19:18:59,
2347,3,2347,2023-05-01 19:18:59,2024-06-22 19:18:59,2023-09-05 19:18:59,2023-09-05 19:18:59,
2348,3,2348,2022-10-25 19:18:59,2024-08-26 19:18:59,2023-09-05 19:18:59,2023-09-05 19:18:59,
2349,3,2349,2023-08-16 19:18:59,2023-12-03 19:18:59,2023-09-05 19:18:59,2023-09-05 19:18:59,
2350,3,2350,2022-11-21 19:18:59,2024-09-01 19:18:59,2023-09-05 19:18:59,2023-09-05 19:18:59,
2351,3,2351,2023-02-21 19:18:59,2024-09-02 19:18:59,2023-09-05 19:18:59,2023-09-05 19:18:59,
2352,2,2352,2023-06-16 19:18:59,2023-12-10 19:18:59,2023-09-05 19:18:59,2023-09-05 19:18:59,
2353,1,2353,2022-12-05 19:18:59,2024-08-22 19:18:59,2023-09-05 19:18:59,2023-09-05 19:18:59,
2354,1,2354,2023-02-23 19:18:59,2024-05-02 19:18:59,2023-09-05 19:18:59,2023-09-05 19:18:59,
2355,1,2355,2023-04-12 19:18:59,2024-02-13 19:18:59,2023-09-05 19:18:59,2023-09-05 19:18:59,
2356,2,2356,2023-04-23 19:18:59,2023-10-18 19:18:59,2023-09-05 19:18:59,2023-09-05 19:18:59,
2357,1,2357,2023-03-28 19:18:59,2024-07-20 19:18:59,2023-09-05 19:18:59,2023-09-05 19:18:59,
2358,3,2358,2023-01-19 19:18:59,2024-02-10 19:18:59,2023-09-05 19:18:59,2023-09-05 19:18:59,
2359,2,2359,2023-01-06 19:18:59,2024-07-04 19:18:59,2023-09-05 19:18:59,2023-09-05 19:18:59,
2360,2,2360,2023-02-26 19:18:59,2024-06-21 19:18:59,2023-09-05 19:18:59,2023-09-05 19:18:59,
2361,3,2361,2023-05-30 19:18:59,2024-04-12 19:18:59,2023-09-05 19:18:59,2023-09-05 19:18:59,
2362,2,2362,2023-01-04 19:18:59,2024-01-02 19:18:59,2023-09-05 19:18:59,2023-09-05 19:18:59,
2363,1,2363,2022-09-25 19:18:59,2024-04-05 19:18:59,2023-09-05 19:18:59,2023-09-05 19:18:59,
2364,1,2364,2023-02-07 19:18:59,2024-07-12 19:18:59,2023-09-05 19:18:59,2023-09-05 19:18:59,
2365,3,2365,2023-06-28 19:18:59,2023-11-09 19:18:59,2023-09-05 19:18:59,2023-09-05 19:18:59,
2366,1,2366,2023-07-11 19:18:59,2023-12-07 19:18:59,2023-09-05 19:18:59,2023-09-05 19:18:59,
2367,3,2367,2022-12-29 19:18:59,2023-12-07 19:18:59,2023-09-05 19:18:59,2023-09-05 19:18:59,
2368,3,2368,2023-04-05 19:18:59,2024-06-04 19:18:59,2023-09-05 19:18:59,2023-09-05 19:18:59,
2369,1,2369,2023-03-06 19:18:59,2024-02-09 19:18:59,2023-09-05 19:18:59,2023-09-05 19:18:59,
2370,3,2370,2022-11-16 19:18:59,2024-06-24 19:18:59,2023-09-05 19:18:59,2023-09-05 19:18:59,
2371,2,2371,2023-02-15 19:18:59,2024-01-31 19:18:59,2023-09-05 19:18:59,2023-09-05 19:18:59,
2372,3,2372,2022-10-24 19:18:59,2024-03-22 19:18:59,2023-09-05 19:18:59,2023-09-05 19:18:59,
2373,2,2373,2023-01-10 19:18:59,2024-07-31 19:18:59,2023-09-05 19:18:59,2023-09-05 19:18:59,
2374,1,2374,2023-08-21 19:18:59,2024-03-31 19:18:59,2023-09-05 19:18:59,2023-09-05 19:18:59,
2375,3,2375,2023-05-25 19:18:59,2024-03-02 19:18:59,2023-09-05 19:18:59,2023-09-05 19:18:59,
2376,2,2376,2023-03-01 19:18:59,2023-11-03 19:18:59,2023-09-05 19:18:59,2023-09-05 19:18:59,
2377,2,2377,2023-08-08 19:18:59,2024-08-21 19:18:59,2023-09-05 19:18:59,2023-09-05 19:18:59,
2378,3,2378,2023-01-23 19:18:59,2023-12-18 19:18:59,2023-09-05 19:18:59,2023-09-05 19:18:59,
2379,2,2379,2023-06-17 19:18:59,2024-09-04 19:18:59,2023-09-05 19:18:59,2023-09-05 19:18:59,
2380,1,2380,2023-04-26 19:18:59,2023-11-20 19:18:59,2023-09-05 19:18:59,2023-09-05 19:18:59,
2381,3,2381,2022-10-30 19:18:59,2023-12-25 19:18:59,2023-09-05 19:18:59,2023-09-05 19:18:59,
2382,2,2382,2022-12-03 19:18:59,2024-02-23 19:18:59,2023-09-05 19:18:59,2023-09-05 19:18:59,
2383,3,2383,2022-10-07 19:18:59,2024-04-19 19:18:59,2023-09-05 19:18:59,2023-09-05 19:18:59,
2384,1,2384,2023-03-04 19:18:59,2024-08-17 19:18:59,2023-09-05 19:18:59,2023-09-05 19:18:59,
2385,1,2385,2023-05-06 19:18:59,2024-01-11 19:18:59,2023-09-05 19:18:59,2023-09-05 19:18:59,
2386,2,2386,2023-08-21 19:18:59,2024-06-15 19:18:59,2023-09-05 19:18:59,2023-09-05 19:18:59,
2387,1,2387,2022-09-30 19:18:59,2023-12-20 19:18:59,2023-09-05 19:18:59,2023-09-05 19:18:59,
2388,1,2388,2022-12-04 19:18:59,2024-06-20 19:18:59,2023-09-05 19:18:59,2023-09-05 19:18:59,
2389,3,2389,2022-09-09 19:18:59,2024-05-06 19:18:59,2023-09-05 19:18:59,2023-09-05 19:18:59,
2390,1,2390,2023-06-07 19:18:59,2024-07-29 19:18:59,2023-09-05 19:18:59,2023-09-05 19:18:59,
2391,3,2391,2022-12-22 19:18:59,2023-10-17 19:18:59,2023-09-05 19:18:59,2023-09-05 19:18:59,
2392,3,2392,2023-04-26 19:18:59,2024-03-19 19:18:59,2023-09-05 19:18:59,2023-09-05 19:18:59,
2393,2,2393,2023-06-28 19:18:59,2024-04-07 19:18:59,2023-09-05 19:18:59,2023-09-05 19:18:59,
2394,3,2394,2023-07-08 19:18:59,2023-11-13 19:18:59,2023-09-05 19:18:59,2023-09-05 19:18:59,
2395,1,2395,2023-04-10 19:18:59,2024-02-09 19:18:59,2023-09-05 19:18:59,2023-09-05 19:18:59,
2396,3,2396,2023-08-13 19:18:59,2024-01-19 19:18:59,2023-09-05 19:18:59,2023-09-05 19:18:59,
2397,1,2397,2023-01-03 19:18:59,2024-01-16 19:18:59,2023-09-05 19:18:59,2023-09-05 19:18:59,
2398,3,2398,2023-02-14 19:18:59,2023-11-11 19:18:59,2023-09-05 19:18:59,2023-09-05 19:18:59,
2399,3,2399,2023-01-04 19:18:59,2024-01-10 19:18:59,2023-09-05 19:18:59,2023-09-05 19:18:59,
2400,3,2400,2022-10-18 19:18:59,2024-09-02 19:18:59,2023-09-05 19:18:59,2023-09-05 19:18:59,
2401,2,2401,2022-11-09 19:18:59,2023-11-08 19:18:59,2023-09-05 19:18:59,2023-09-05 19:18:59,
2402,3,2402,2023-03-18 19:18:59,2024-06-25 19:18:59,2023-09-05 19:18:59,2023-09-05 19:18:59,
2403,2,2403,2022-09-25 19:18:59,2023-10-15 19:18:59,2023-09-05 19:18:59,2023-09-05 19:18:59,
2404,2,2404,2023-01-15 19:18:59,2024-07-24 19:18:59,2023-09-05 19:18:59,2023-09-05 19:18:59,
2405,2,2405,2023-07-03 19:18:59,2023-12-23 19:18:59,2023-09-05 19:18:59,2023-09-05 19:18:59,
2406,1,2406,2023-05-29 19:18:59,2024-07-04 19:18:59,2023-09-05 19:18:59,2023-09-05 19:18:59,
2407,2,2407,2023-09-05 19:18:59,2024-02-01 19:18:59,2023-09-05 19:18:59,2023-09-05 19:18:59,
2408,1,2408,2022-11-24 19:18:59,2024-05-01 19:18:59,2023-09-05 19:18:59,2023-09-05 19:18:59,
2409,3,2409,2023-03-14 19:18:59,2024-07-03 19:18:59,2023-09-05 19:18:59,2023-09-05 19:18:59,
2410,3,2410,2022-11-26 19:18:59,2023-10-14 19:18:59,2023-09-05 19:18:59,2023-09-05 19:18:59,
2411,3,2411,2023-01-10 19:18:59,2024-08-11 19:18:59,2023-09-05 19:18:59,2023-09-05 19:18:59,
2412,3,2412,2023-04-17 19:18:59,2023-12-15 19:18:59,2023-09-05 19:18:59,2023-09-05 19:18:59,
2413,2,2413,2023-08-20 19:18:59,2024-05-25 19:18:59,2023-09-05 19:18:59,2023-09-05 19:18:59,
2414,2,2414,2023-04-11 19:18:59,2024-05-10 19:18:59,2023-09-05 19:18:59,2023-09-05 19:18:59,
2415,2,2415,2023-06-13 19:18:59,2024-08-28 19:18:59,2023-09-05 19:18:59,2023-09-05 19:18:59,
2416,1,2416,2022-11-04 19:18:59,2024-02-04 19:18:59,2023-09-05 19:18:59,2023-09-05 19:18:59,
2417,2,2417,2023-02-04 19:18:59,2024-05-03 19:18:59,2023-09-05 19:18:59,2023-09-05 19:18:59,
2418,3,2418,2023-05-04 19:18:59,2024-08-19 19:18:59,2023-09-05 19:18:59,2023-09-05 19:18:59,
2419,2,2419,2022-09-24 19:18:59,2024-05-20 19:18:59,2023-09-05 19:18:59,2023-09-05 19:18:59,
2420,3,2420,2023-03-21 19:18:59,2024-06-07 19:18:59,2023-09-05 19:18:59,2023-09-05 19:18:59,
2421,3,2421,2022-11-16 19:18:59,2023-11-25 19:18:59,2023-09-05 19:18:59,2023-09-05 19:18:59,
2422,3,2422,2022-12-01 19:18:59,2023-12-06 19:18:59,2023-09-05 19:18:59,2023-09-05 19:18:59,
2423,2,2423,2023-08-15 19:18:59,2024-07-06 19:18:59,2023-09-05 19:18:59,2023-09-05 19:18:59,
2424,3,2424,2023-01-24 19:18:59,2024-08-20 19:18:59,2023-09-05 19:18:59,2023-09-05 19:18:59,
2425,2,2425,2023-01-19 19:18:59,2024-02-29 19:18:59,2023-09-05 19:18:59,2023-09-05 19:18:59,
2426,2,2426,2023-02-12 19:18:59,2023-10-23 19:18:59,2023-09-05 19:18:59,2023-09-05 19:18:59,
2427,2,2427,2023-06-09 19:18:59,2023-10-05 19:18:59,2023-09-05 19:18:59,2023-09-05 19:18:59,
2428,1,2428,2022-09-07 19:18:59,2024-03-22 19:18:59,2023-09-05 19:18:59,2023-09-05 19:18:59,
2429,2,2429,2023-06-21 19:18:59,2024-03-12 19:18:59,2023-09-05 19:18:59,2023-09-05 19:18:59,
2430,3,2430,2023-04-08 19:18:59,2024-06-20 19:18:59,2023-09-05 19:18:59,2023-09-05 19:18:59,
2431,1,2431,2023-01-08 19:18:59,2024-07-20 19:18:59,2023-09-05 19:18:59,2023-09-05 19:18:59,
2432,1,2432,2022-09-22 19:18:59,2024-01-08 19:18:59,2023-09-05 19:18:59,2023-09-05 19:18:59,
2433,3,2433,2023-05-07 19:18:59,2024-08-14 19:18:59,2023-09-05 19:18:59,2023-09-05 19:18:59,
2434,1,2434,2023-02-20 19:18:59,2024-01-24 19:18:59,2023-09-05 19:18:59,2023-09-05 19:18:59,
2435,2,2435,2022-11-25 19:18:59,2023-10-18 19:18:59,2023-09-05 19:18:59,2023-09-05 19:18:59,
2436,2,2436,2022-11-22 19:18:59,2023-11-05 19:18:59,2023-09-05 19:18:59,2023-09-05 19:18:59,
2437,1,2437,2023-02-18 19:18:59,2024-01-25 19:18:59,2023-09-05 19:18:59,2023-09-05 19:18:59,
2438,1,2438,2023-01-18 19:18:59,2024-06-23 19:18:59,2023-09-05 19:18:59,2023-09-05 19:18:59,
2439,1,2439,2023-03-09 19:18:59,2024-02-01 19:18:59,2023-09-05 19:18:59,2023-09-05 19:18:59,
2440,1,2440,2023-05-21 19:18:59,2024-05-09 19:18:59,2023-09-05 19:18:59,2023-09-05 19:18:59,
2441,3,2441,2023-03-31 19:18:59,2024-06-29 19:18:59,2023-09-05 19:18:59,2023-09-05 19:18:59,
2442,3,2442,2023-07-02 19:18:59,2024-06-28 19:18:59,2023-09-05 19:18:59,2023-09-05 19:18:59,
2443,1,2443,2023-07-08 19:18:59,2024-01-28 19:18:59,2023-09-05 19:18:59,2023-09-05 19:18:59,
2444,1,2444,2022-10-12 19:18:59,2024-08-27 19:18:59,2023-09-05 19:18:59,2023-09-05 19:18:59,
2445,3,2445,2023-05-28 19:18:59,2023-11-10 19:18:59,2023-09-05 19:18:59,2023-09-05 19:18:59,
2446,2,2446,2022-10-26 19:18:59,2024-07-16 19:18:59,2023-09-05 19:18:59,2023-09-05 19:18:59,
2447,3,2447,2023-08-28 19:18:59,2024-01-23 19:18:59,2023-09-05 19:18:59,2023-09-05 19:18:59,
2448,1,2448,2022-09-08 19:18:59,2024-01-16 19:18:59,2023-09-05 19:18:59,2023-09-05 19:18:59,
2449,3,2449,2022-12-25 19:18:59,2024-01-31 19:18:59,2023-09-05 19:18:59,2023-09-05 19:18:59,
2450,1,2450,2022-11-25 19:18:59,2024-06-04 19:18:59,2023-09-05 19:18:59,2023-09-05 19:18:59,
2451,2,2451,2023-05-15 19:18:59,2024-04-25 19:18:59,2023-09-05 19:18:59,2023-09-05 19:18:59,
2452,3,2452,2022-11-30 19:18:59,2024-06-08 19:18:59,2023-09-05 19:18:59,2023-09-05 19:18:59,
2453,1,2453,2022-09-28 19:18:59,2024-05-25 19:18:59,2023-09-05 19:18:59,2023-09-05 19:18:59,
2454,1,2454,2023-02-21 19:18:59,2024-01-24 19:18:59,2023-09-05 19:18:59,2023-09-05 19:18:59,
2455,3,2455,2023-07-10 19:18:59,2024-05-01 19:18:59,2023-09-05 19:18:59,2023-09-05 19:18:59,
2456,2,2456,2023-05-02 19:18:59,2023-11-22 19:18:59,2023-09-05 19:18:59,2023-09-05 19:18:59,
2457,1,2457,2023-07-07 19:18:59,2023-12-18 19:18:59,2023-09-05 19:18:59,2023-09-05 19:18:59,
2458,1,2458,2022-09-18 19:18:59,2024-03-04 19:18:59,2023-09-05 19:18:59,2023-09-05 19:18:59,
2459,3,2459,2022-09-26 19:18:59,2024-03-31 19:18:59,2023-09-05 19:18:59,2023-09-05 19:18:59,
2460,3,2460,2023-02-21 19:18:59,2023-10-29 19:18:59,2023-09-05 19:18:59,2023-09-05 19:18:59,
2461,3,2461,2023-03-28 19:18:59,2024-08-12 19:18:59,2023-09-05 19:18:59,2023-09-05 19:18:59,
2462,2,2462,2022-09-18 19:18:59,2024-05-21 19:18:59,2023-09-05 19:18:59,2023-09-05 19:18:59,
2463,3,2463,2023-08-30 19:18:59,2024-01-13 19:18:59,2023-09-05 19:18:59,2023-09-05 19:18:59,
2464,1,2464,2022-12-01 19:18:59,2024-09-03 19:18:59,2023-09-05 19:18:59,2023-09-05 19:18:59,
2465,3,2465,2022-12-31 19:18:59,2023-12-17 19:18:59,2023-09-05 19:18:59,2023-09-05 19:18:59,
2466,3,2466,2023-07-29 19:18:59,2024-03-31 19:18:59,2023-09-05 19:18:59,2023-09-05 19:18:59,
2467,2,2467,2023-03-01 19:18:59,2024-02-15 19:18:59,2023-09-05 19:18:59,2023-09-05 19:18:59,
2468,3,2468,2023-08-31 19:18:59,2023-11-05 19:18:59,2023-09-05 19:18:59,2023-09-05 19:18:59,
2469,1,2469,2022-11-11 19:18:59,2023-10-30 19:18:59,2023-09-05 19:18:59,2023-09-05 19:18:59,
2470,1,2470,2022-12-28 19:18:59,2024-04-04 19:18:59,2023-09-05 19:18:59,2023-09-05 19:18:59,
2471,1,2471,2022-09-09 19:18:59,2024-02-28 19:18:59,2023-09-05 19:18:59,2023-09-05 19:18:59,
2472,3,2472,2023-05-04 19:18:59,2023-12-27 19:18:59,2023-09-05 19:18:59,2023-09-05 19:18:59,
2473,1,2473,2023-08-14 19:18:59,2023-11-23 19:18:59,2023-09-05 19:18:59,2023-09-05 19:18:59,
2474,1,2474,2023-07-01 19:18:59,2024-06-08 19:18:59,2023-09-05 19:18:59,2023-09-05 19:18:59,
2475,2,2475,2023-04-30 19:18:59,2024-04-06 19:18:59,2023-09-05 19:18:59,2023-09-05 19:18:59,
2476,2,2476,2023-05-28 19:18:59,2023-11-06 19:18:59,2023-09-05 19:18:59,2023-09-05 19:18:59,
2477,3,2477,2022-11-16 19:18:59,2024-02-29 19:18:59,2023-09-05 19:18:59,2023-09-05 19:18:59,
2478,2,2478,2023-06-21 19:18:59,2023-11-08 19:18:59,2023-09-05 19:18:59,2023-09-05 19:18:59,
2479,2,2479,2022-11-24 19:18:59,2024-05-31 19:18:59,2023-09-05 19:18:59,2023-09-05 19:18:59,
2480,1,2480,2023-03-06 19:18:59,2023-11-15 19:18:59,2023-09-05 19:18:59,2023-09-05 19:18:59,
2481,2,2481,2023-05-20 19:18:59,2024-01-14 19:18:59,2023-09-05 19:18:59,2023-09-05 19:18:59,
2482,3,2482,2023-05-01 19:18:59,2023-10-24 19:18:59,2023-09-05 19:18:59,2023-09-05 19:18:59,
2483,2,2483,2022-10-09 19:18:59,2024-06-04 19:18:59,2023-09-05 19:18:59,2023-09-05 19:18:59,
2484,2,2484,2023-09-02 19:18:59,2023-11-28 19:18:59,2023-09-05 19:18:59,2023-09-05 19:18:59,
2485,2,2485,2023-08-29 19:18:59,2024-01-09 19:18:59,2023-09-05 19:18:59,2023-09-05 19:18:59,
2486,1,2486,2023-08-05 19:18:59,2024-01-17 19:18:59,2023-09-05 19:18:59,2023-09-05 19:18:59,
2487,1,2487,2023-01-10 19:18:59,2024-03-08 19:18:59,2023-09-05 19:18:59,2023-09-05 19:18:59,
2488,3,2488,2023-04-09 19:18:59,2024-04-06 19:18:59,2023-09-05 19:18:59,2023-09-05 19:18:59,
2489,3,2489,2023-08-25 19:18:59,2024-04-06 19:18:59,2023-09-05 19:18:59,2023-09-05 19:18:59,
2490,1,2490,2023-03-29 19:18:59,2024-07-27 19:18:59,2023-09-05 19:18:59,2023-09-05 19:18:59,
2491,1,2491,2022-10-07 19:18:59,2024-01-22 19:18:59,2023-09-05 19:18:59,2023-09-05 19:18:59,
2492,3,2492,2023-03-07 19:18:59,2024-01-23 19:18:59,2023-09-05 19:18:59,2023-09-05 19:18:59,
2493,2,2493,2023-07-17 19:18:59,2024-05-24 19:18:59,2023-09-05 19:18:59,2023-09-05 19:18:59,
2494,2,2494,2023-03-07 19:18:59,2024-04-25 19:18:59,2023-09-05 19:18:59,2023-09-05 19:18:59,
2495,3,2495,2023-01-10 19:18:59,2024-05-25 19:18:59,2023-09-05 19:18:59,2023-09-05 19:18:59,
2496,2,2496,2023-06-16 19:18:59,2023-11-07 19:18:59,2023-09-05 19:18:59,2023-09-05 19:18:59,
2497,2,2497,2023-07-19 19:18:59,2024-07-06 19:18:59,2023-09-05 19:18:59,2023-09-05 19:18:59,
2498,2,2498,2022-09-16 19:18:59,2023-12-11 19:18:59,2023-09-05 19:18:59,2023-09-05 19:18:59,
2499,2,2499,2023-01-14 19:18:59,2023-11-22 19:18:59,2023-09-05 19:18:59,2023-09-05 19:18:59,
2500,2,2500,2022-12-08 19:18:59,2024-09-02 19:18:59,2023-09-05 19:18:59,2023-09-05 19:18:59,
2501,1,2501,2023-02-25 19:18:59,2023-11-11 19:18:59,2023-09-05 19:18:59,2023-09-05 19:18:59,
2502,2,2502,2022-10-17 19:18:59,2023-10-13 19:18:59,2023-09-05 19:18:59,2023-09-05 19:18:59,
2503,3,2503,2023-03-18 19:18:59,2024-03-23 19:18:59,2023-09-05 19:18:59,2023-09-05 19:18:59,
2504,3,2504,2023-03-11 19:18:59,2024-01-11 19:18:59,2023-09-05 19:18:59,2023-09-05 19:18:59,
2505,1,2505,2022-11-10 19:18:59,2023-10-28 19:18:59,2023-09-05 19:18:59,2023-09-05 19:18:59,
2506,1,2506,2023-08-01 19:18:59,2023-12-26 19:18:59,2023-09-05 19:18:59,2023-09-05 19:18:59,
2507,2,2507,2023-04-30 19:18:59,2024-08-24 19:18:59,2023-09-05 19:18:59,2023-09-05 19:18:59,
2508,2,2508,2023-06-23 19:18:59,2024-01-18 19:18:59,2023-09-05 19:18:59,2023-09-05 19:18:59,
2509,2,2509,2022-11-10 19:18:59,2023-11-01 19:18:59,2023-09-05 19:18:59,2023-09-05 19:18:59,
2510,3,2510,2023-04-16 19:18:59,2023-10-15 19:18:59,2023-09-05 19:18:59,2023-09-05 19:18:59,
2511,1,2511,2022-11-09 19:18:59,2024-07-24 19:18:59,2023-09-05 19:18:59,2023-09-05 19:18:59,
2512,1,2512,2023-08-04 19:18:59,2024-07-15 19:18:59,2023-09-05 19:18:59,2023-09-05 19:18:59,
2513,2,2513,2022-10-04 19:18:59,2024-01-18 19:18:59,2023-09-05 19:18:59,2023-09-05 19:18:59,
2514,1,2514,2022-12-12 19:18:59,2023-10-10 19:18:59,2023-09-05 19:18:59,2023-09-05 19:18:59,
2515,3,2515,2023-08-04 19:18:59,2024-08-07 19:18:59,2023-09-05 19:18:59,2023-09-05 19:18:59,
2516,3,2516,2022-10-29 19:18:59,2024-01-17 19:18:59,2023-09-05 19:18:59,2023-09-05 19:18:59,
2517,2,2517,2023-02-13 19:18:59,2024-05-10 19:18:59,2023-09-05 19:18:59,2023-09-05 19:18:59,
2518,1,2518,2023-05-17 19:18:59,2024-07-04 19:18:59,2023-09-05 19:18:59,2023-09-05 19:18:59,
2519,3,2519,2023-01-16 19:18:59,2024-05-15 19:18:59,2023-09-05 19:18:59,2023-09-05 19:18:59,
2520,2,2520,2022-12-09 19:18:59,2024-03-11 19:18:59,2023-09-05 19:18:59,2023-09-05 19:18:59,
2521,3,2521,2023-01-01 19:18:59,2024-01-13 19:18:59,2023-09-05 19:18:59,2023-09-05 19:18:59,
2522,3,2522,2023-01-29 19:18:59,2024-07-20 19:18:59,2023-09-05 19:18:59,2023-09-05 19:18:59,
2523,1,2523,2022-11-22 19:18:59,2023-12-30 19:18:59,2023-09-05 19:18:59,2023-09-05 19:18:59,
2524,3,2524,2023-04-16 19:18:59,2024-06-12 19:18:59,2023-09-05 19:18:59,2023-09-05 19:18:59,
2525,1,2525,2022-11-04 19:18:59,2024-03-19 19:18:59,2023-09-05 19:18:59,2023-09-05 19:18:59,
2526,2,2526,2022-12-03 19:18:59,2023-10-25 19:18:59,2023-09-05 19:18:59,2023-09-05 19:18:59,
2527,1,2527,2023-01-15 19:18:59,2023-10-12 19:18:59,2023-09-05 19:18:59,2023-09-05 19:18:59,
2528,2,2528,2022-11-12 19:18:59,2024-03-19 19:18:59,2023-09-05 19:18:59,2023-09-05 19:18:59,
2529,2,2529,2023-01-01 19:18:59,2024-07-08 19:18:59,2023-09-05 19:18:59,2023-09-05 19:18:59,
2530,3,2530,2023-08-20 19:18:59,2024-06-06 19:18:59,2023-09-05 19:18:59,2023-09-05 19:18:59,
2531,3,2531,2022-10-31 19:18:59,2024-01-31 19:18:59,2023-09-05 19:18:59,2023-09-05 19:18:59,
2532,1,2532,2022-11-10 19:18:59,2024-04-27 19:18:59,2023-09-05 19:18:59,2023-09-05 19:18:59,
2533,2,2533,2022-12-20 19:18:59,2024-03-27 19:18:59,2023-09-05 19:18:59,2023-09-05 19:18:59,
2534,2,2534,2023-03-03 19:18:59,2023-11-03 19:18:59,2023-09-05 19:18:59,2023-09-05 19:18:59,
2535,1,2535,2023-05-27 19:18:59,2024-03-07 19:18:59,2023-09-05 19:18:59,2023-09-05 19:18:59,
2536,2,2536,2023-06-12 19:18:59,2023-11-22 19:18:59,2023-09-05 19:18:59,2023-09-05 19:18:59,
2537,1,2537,2023-04-14 19:18:59,2024-02-20 19:18:59,2023-09-05 19:18:59,2023-09-05 19:18:59,
2538,1,2538,2023-01-15 19:18:59,2024-04-16 19:18:59,2023-09-05 19:18:59,2023-09-05 19:18:59,
2539,2,2539,2023-04-16 19:18:59,2024-08-12 19:18:59,2023-09-05 19:18:59,2023-09-05 19:18:59,
2540,3,2540,2023-04-20 19:18:59,2024-05-04 19:18:59,2023-09-05 19:18:59,2023-09-05 19:18:59,
2541,2,2541,2022-10-28 19:18:59,2024-06-14 19:18:59,2023-09-05 19:18:59,2023-09-05 19:18:59,
2542,2,2542,2023-01-26 19:18:59,2023-12-25 19:18:59,2023-09-05 19:18:59,2023-09-05 19:18:59,
2543,2,2543,2022-12-20 19:18:59,2024-03-21 19:18:59,2023-09-05 19:18:59,2023-09-05 19:18:59,
2544,2,2544,2022-11-01 19:18:59,2024-08-10 19:18:59,2023-09-05 19:18:59,2023-09-05 19:18:59,
2545,3,2545,2023-03-27 19:18:59,2024-02-24 19:18:59,2023-09-05 19:18:59,2023-09-05 19:18:59,
2546,2,2546,2023-02-06 19:18:59,2024-04-26 19:18:59,2023-09-05 19:18:59,2023-09-05 19:18:59,
2547,2,2547,2022-12-02 19:18:59,2024-02-13 19:18:59,2023-09-05 19:18:59,2023-09-05 19:18:59,
2548,2,2548,2023-03-17 19:18:59,2023-10-09 19:18:59,2023-09-05 19:18:59,2023-09-05 19:18:59,
2549,1,2549,2022-10-17 19:18:59,2024-04-04 19:18:59,2023-09-05 19:18:59,2023-09-05 19:18:59,
2550,3,2550,2023-03-01 19:18:59,2024-04-06 19:18:59,2023-09-05 19:18:59,2023-09-05 19:18:59,
2551,1,2551,2023-04-20 19:18:59,2024-08-19 19:18:59,2023-09-05 19:18:59,2023-09-05 19:18:59,
2552,1,2552,2023-05-12 19:18:59,2024-01-17 19:18:59,2023-09-05 19:18:59,2023-09-05 19:18:59,
2553,2,2553,2022-12-02 19:18:59,2024-03-26 19:18:59,2023-09-05 19:18:59,2023-09-05 19:18:59,
2554,1,2554,2022-12-24 19:18:59,2024-07-03 19:18:59,2023-09-05 19:18:59,2023-09-05 19:18:59,
2555,1,2555,2022-10-13 19:18:59,2023-12-08 19:18:59,2023-09-05 19:18:59,2023-09-05 19:18:59,
2556,3,2556,2023-06-19 19:18:59,2024-07-04 19:18:59,2023-09-05 19:18:59,2023-09-05 19:18:59,
2557,2,2557,2023-02-17 19:18:59,2024-01-17 19:18:59,2023-09-05 19:18:59,2023-09-05 19:18:59,
2558,2,2558,2022-11-03 19:18:59,2023-11-21 19:18:59,2023-09-05 19:18:59,2023-09-05 19:18:59,
2559,3,2559,2023-07-19 19:18:59,2024-06-09 19:18:59,2023-09-05 19:18:59,2023-09-05 19:18:59,
2560,2,2560,2022-10-20 19:18:59,2024-04-12 19:18:59,2023-09-05 19:18:59,2023-09-05 19:18:59,
2561,1,2561,2022-09-19 19:18:59,2024-03-13 19:18:59,2023-09-05 19:18:59,2023-09-05 19:18:59,
2562,3,2562,2023-08-15 19:18:59,2024-03-07 19:18:59,2023-09-05 19:18:59,2023-09-05 19:18:59,
2563,2,2563,2022-10-26 19:18:59,2024-03-29 19:18:59,2023-09-05 19:18:59,2023-09-05 19:18:59,
2564,3,2564,2023-03-19 19:18:59,2023-11-07 19:18:59,2023-09-05 19:18:59,2023-09-05 19:18:59,
2565,3,2565,2023-08-19 19:18:59,2024-02-08 19:18:59,2023-09-05 19:18:59,2023-09-05 19:18:59,
2566,3,2566,2023-05-08 19:18:59,2024-02-25 19:18:59,2023-09-05 19:18:59,2023-09-05 19:18:59,
2567,3,2567,2022-10-17 19:18:59,2024-07-26 19:18:59,2023-09-05 19:18:59,2023-09-05 19:18:59,
2568,1,2568,2023-06-23 19:18:59,2023-12-15 19:18:59,2023-09-05 19:18:59,2023-09-05 19:18:59,
2569,1,2569,2023-06-15 19:18:59,2024-06-17 19:18:59,2023-09-05 19:18:59,2023-09-05 19:18:59,
2570,2,2570,2023-02-07 19:18:59,2024-03-15 19:18:59,2023-09-05 19:18:59,2023-09-05 19:18:59,
2571,3,2571,2023-02-20 19:18:59,2024-03-30 19:18:59,2023-09-05 19:18:59,2023-09-05 19:18:59,
2572,3,2572,2023-06-30 19:18:59,2024-02-28 19:18:59,2023-09-05 19:18:59,2023-09-05 19:18:59,
2573,2,2573,2023-03-04 19:18:59,2023-11-28 19:18:59,2023-09-05 19:18:59,2023-09-05 19:18:59,
2574,1,2574,2023-07-10 19:18:59,2023-11-05 19:18:59,2023-09-05 19:18:59,2023-09-05 19:18:59,
2575,1,2575,2023-05-05 19:18:59,2024-04-09 19:18:59,2023-09-05 19:18:59,2023-09-05 19:18:59,
2576,1,2576,2023-03-03 19:18:59,2024-04-27 19:18:59,2023-09-05 19:18:59,2023-09-05 19:18:59,
2577,2,2577,2023-01-11 19:18:59,2024-04-14 19:18:59,2023-09-05 19:18:59,2023-09-05 19:18:59,
2578,1,2578,2023-02-25 19:18:59,2023-10-31 19:18:59,2023-09-05 19:18:59,2023-09-05 19:18:59,
2579,2,2579,2023-06-27 19:18:59,2023-11-24 19:18:59,2023-09-05 19:18:59,2023-09-05 19:18:59,
2580,2,2580,2022-12-18 19:18:59,2024-01-24 19:18:59,2023-09-05 19:18:59,2023-09-05 19:18:59,
2581,1,2581,2023-01-01 19:18:59,2024-05-03 19:18:59,2023-09-05 19:18:59,2023-09-05 19:18:59,
2582,2,2582,2023-07-03 19:18:59,2023-11-21 19:18:59,2023-09-05 19:18:59,2023-09-05 19:18:59,
2583,1,2583,2023-08-04 19:18:59,2024-07-18 19:18:59,2023-09-05 19:18:59,2023-09-05 19:18:59,
2584,3,2584,2023-04-28 19:18:59,2024-01-18 19:18:59,2023-09-05 19:18:59,2023-09-05 19:18:59,
2585,3,2585,2023-01-07 19:18:59,2024-04-28 19:18:59,2023-09-05 19:18:59,2023-09-05 19:18:59,
2586,1,2586,2023-04-17 19:18:59,2024-04-27 19:18:59,2023-09-05 19:18:59,2023-09-05 19:18:59,
2587,2,2587,2022-09-28 19:18:59,2024-01-08 19:18:59,2023-09-05 19:18:59,2023-09-05 19:18:59,
2588,3,2588,2022-11-07 19:18:59,2023-11-16 19:18:59,2023-09-05 19:18:59,2023-09-05 19:18:59,
2589,2,2589,2023-02-07 19:18:59,2024-03-14 19:18:59,2023-09-05 19:18:59,2023-09-05 19:18:59,
2590,1,2590,2023-09-02 19:18:59,2024-02-14 19:18:59,2023-09-05 19:18:59,2023-09-05 19:18:59,
2591,1,2591,2023-03-25 19:18:59,2024-08-04 19:18:59,2023-09-05 19:18:59,2023-09-05 19:18:59,
2592,2,2592,2022-09-27 19:18:59,2024-05-05 19:18:59,2023-09-05 19:18:59,2023-09-05 19:18:59,
2593,1,2593,2023-05-15 19:18:59,2024-03-16 19:18:59,2023-09-05 19:18:59,2023-09-05 19:18:59,
2594,3,2594,2022-12-29 19:18:59,2024-04-07 19:18:59,2023-09-05 19:18:59,2023-09-05 19:18:59,
2595,1,2595,2023-01-29 19:18:59,2024-07-29 19:18:59,2023-09-05 19:18:59,2023-09-05 19:18:59,
2596,2,2596,2023-03-03 19:18:59,2024-02-21 19:18:59,2023-09-05 19:18:59,2023-09-05 19:18:59,
2597,3,2597,2022-09-17 19:18:59,2023-12-29 19:18:59,2023-09-05 19:18:59,2023-09-05 19:18:59,
2598,1,2598,2023-07-17 19:18:59,2023-10-28 19:18:59,2023-09-05 19:18:59,2023-09-05 19:18:59,
2599,3,2599,2023-04-11 19:18:59,2024-02-06 19:18:59,2023-09-05 19:18:59,2023-09-05 19:18:59,
2600,2,2600,2023-04-09 19:18:59,2024-05-03 19:18:59,2023-09-05 19:18:59,2023-09-05 19:18:59,
2601,3,2601,2023-05-29 19:18:59,2023-12-26 19:18:59,2023-09-05 19:18:59,2023-09-05 19:18:59,
2602,1,2602,2023-06-16 19:18:59,2023-12-21 19:18:59,2023-09-05 19:18:59,2023-09-05 19:18:59,
2603,1,2603,2023-04-13 19:18:59,2024-07-25 19:18:59,2023-09-05 19:18:59,2023-09-05 19:18:59,
2604,1,2604,2022-12-16 19:18:59,2024-01-09 19:18:59,2023-09-05 19:18:59,2023-09-05 19:18:59,
2605,1,2605,2023-04-24 19:18:59,2024-02-16 19:18:59,2023-09-05 19:18:59,2023-09-05 19:18:59,
2606,3,2606,2023-05-25 19:18:59,2023-11-06 19:18:59,2023-09-05 19:18:59,2023-09-05 19:18:59,
2607,1,2607,2022-12-10 19:18:59,2024-01-04 19:18:59,2023-09-05 19:18:59,2023-09-05 19:18:59,
2608,1,2608,2023-05-21 19:18:59,2024-07-26 19:18:59,2023-09-05 19:18:59,2023-09-05 19:18:59,
2609,3,2609,2023-08-30 19:18:59,2024-07-15 19:18:59,2023-09-05 19:18:59,2023-09-05 19:18:59,
2610,2,2610,2023-05-27 19:18:59,2024-05-06 19:18:59,2023-09-05 19:18:59,2023-09-05 19:18:59,
2611,1,2611,2023-07-03 19:18:59,2024-07-20 19:18:59,2023-09-05 19:18:59,2023-09-05 19:18:59,
2612,1,2612,2023-03-12 19:18:59,2023-12-17 19:18:59,2023-09-05 19:18:59,2023-09-05 19:18:59,
2613,3,2613,2022-12-23 19:18:59,2023-12-07 19:18:59,2023-09-05 19:18:59,2023-09-05 19:18:59,
2614,3,2614,2023-07-21 19:18:59,2024-01-30 19:18:59,2023-09-05 19:18:59,2023-09-05 19:18:59,
2615,1,2615,2023-04-12 19:18:59,2024-07-20 19:18:59,2023-09-05 19:18:59,2023-09-05 19:18:59,
2616,3,2616,2023-05-08 19:18:59,2024-01-17 19:18:59,2023-09-05 19:18:59,2023-09-05 19:18:59,
2617,1,2617,2023-02-03 19:18:59,2023-12-06 19:18:59,2023-09-05 19:18:59,2023-09-05 19:18:59,
2618,1,2618,2023-01-15 19:18:59,2024-07-18 19:18:59,2023-09-05 19:18:59,2023-09-05 19:18:59,
2619,3,2619,2023-04-02 19:18:59,2024-03-03 19:18:59,2023-09-05 19:18:59,2023-09-05 19:18:59,
2620,2,2620,2023-09-01 19:18:59,2024-01-15 19:18:59,2023-09-05 19:18:59,2023-09-05 19:18:59,
2621,1,2621,2023-06-18 19:18:59,2024-04-13 19:18:59,2023-09-05 19:18:59,2023-09-05 19:18:59,
2622,1,2622,2023-05-03 19:18:59,2024-05-18 19:18:59,2023-09-05 19:18:59,2023-09-05 19:18:59,
2623,2,2623,2022-10-22 19:18:59,2024-08-03 19:18:59,2023-09-05 19:18:59,2023-09-05 19:18:59,
2624,1,2624,2022-10-10 19:18:59,2024-04-21 19:18:59,2023-09-05 19:18:59,2023-09-05 19:18:59,
2625,2,2625,2023-02-08 19:18:59,2024-02-16 19:18:59,2023-09-05 19:18:59,2023-09-05 19:18:59,
2626,1,2626,2023-06-10 19:18:59,2023-11-28 19:18:59,2023-09-05 19:18:59,2023-09-05 19:18:59,
2627,2,2627,2023-06-27 19:18:59,2023-10-16 19:18:59,2023-09-05 19:18:59,2023-09-05 19:18:59,
2628,1,2628,2022-11-24 19:18:59,2024-04-11 19:18:59,2023-09-05 19:18:59,2023-09-05 19:18:59,
2629,3,2629,2023-06-05 19:18:59,2024-04-03 19:18:59,2023-09-05 19:18:59,2023-09-05 19:18:59,
2630,3,2630,2023-08-18 19:18:59,2024-03-10 19:18:59,2023-09-05 19:18:59,2023-09-05 19:18:59,
2631,2,2631,2022-09-07 19:18:59,2024-07-11 19:18:59,2023-09-05 19:18:59,2023-09-05 19:18:59,
2632,3,2632,2023-02-12 19:18:59,2024-02-29 19:18:59,2023-09-05 19:18:59,2023-09-05 19:18:59,
2633,1,2633,2023-03-30 19:18:59,2024-08-17 19:18:59,2023-09-05 19:18:59,2023-09-05 19:18:59,
2634,3,2634,2023-02-19 19:18:59,2024-04-20 19:18:59,2023-09-05 19:18:59,2023-09-05 19:18:59,
2635,3,2635,2023-07-25 19:18:59,2023-12-18 19:18:59,2023-09-05 19:18:59,2023-09-05 19:18:59,
2636,3,2636,2022-10-20 19:18:59,2023-11-24 19:18:59,2023-09-05 19:18:59,2023-09-05 19:18:59,
2637,2,2637,2022-09-21 19:18:59,2023-11-22 19:18:59,2023-09-05 19:18:59,2023-09-05 19:18:59,
2638,3,2638,2023-08-18 19:18:59,2024-07-02 19:18:59,2023-09-05 19:18:59,2023-09-05 19:18:59,
2639,1,2639,2023-05-02 19:18:59,2024-01-16 19:18:59,2023-09-05 19:18:59,2023-09-05 19:18:59,
2640,1,2640,2023-02-17 19:18:59,2024-03-04 19:18:59,2023-09-05 19:18:59,2023-09-05 19:18:59,
2641,2,2641,2022-10-19 19:18:59,2024-01-20 19:18:59,2023-09-05 19:18:59,2023-09-05 19:18:59,
2642,2,2642,2023-04-06 19:18:59,2024-07-26 19:18:59,2023-09-05 19:18:59,2023-09-05 19:18:59,
2643,1,2643,2023-01-18 19:18:59,2024-08-11 19:18:59,2023-09-05 19:18:59,2023-09-05 19:18:59,
2644,3,2644,2022-11-02 19:18:59,2024-01-01 19:18:59,2023-09-05 19:18:59,2023-09-05 19:18:59,
2645,3,2645,2023-04-07 19:18:59,2024-07-04 19:18:59,2023-09-05 19:18:59,2023-09-05 19:18:59,
2646,3,2646,2023-07-14 19:18:59,2024-05-24 19:18:59,2023-09-05 19:18:59,2023-09-05 19:18:59,
2647,1,2647,2023-08-22 19:18:59,2024-06-21 19:18:59,2023-09-05 19:18:59,2023-09-05 19:18:59,
2648,3,2648,2023-08-09 19:18:59,2024-03-17 19:18:59,2023-09-05 19:18:59,2023-09-05 19:18:59,
2649,1,2649,2022-11-23 19:18:59,2023-12-26 19:18:59,2023-09-05 19:18:59,2023-09-05 19:18:59,
2650,1,2650,2022-10-31 19:18:59,2024-04-20 19:18:59,2023-09-05 19:18:59,2023-09-05 19:18:59,
2651,3,2651,2023-02-10 19:18:59,2024-08-15 19:18:59,2023-09-05 19:18:59,2023-09-05 19:18:59,
2652,3,2652,2023-06-03 19:18:59,2024-06-18 19:18:59,2023-09-05 19:18:59,2023-09-05 19:18:59,
2653,1,2653,2022-12-07 19:18:59,2024-04-16 19:18:59,2023-09-05 19:18:59,2023-09-05 19:18:59,
2654,2,2654,2022-10-06 19:18:59,2024-04-25 19:18:59,2023-09-05 19:18:59,2023-09-05 19:18:59,
2655,2,2655,2022-10-31 19:18:59,2024-06-11 19:18:59,2023-09-05 19:18:59,2023-09-05 19:18:59,
2656,1,2656,2022-10-02 19:18:59,2024-05-03 19:18:59,2023-09-05 19:18:59,2023-09-05 19:18:59,
2657,1,2657,2022-11-24 19:18:59,2024-01-09 19:18:59,2023-09-05 19:18:59,2023-09-05 19:18:59,
2658,2,2658,2023-06-19 19:18:59,2024-08-27 19:18:59,2023-09-05 19:18:59,2023-09-05 19:18:59,
2659,3,2659,2023-04-11 19:18:59,2023-10-21 19:18:59,2023-09-05 19:18:59,2023-09-05 19:18:59,
2660,2,2660,2023-04-29 19:18:59,2024-02-16 19:18:59,2023-09-05 19:18:59,2023-09-05 19:18:59,
2661,3,2661,2023-02-23 19:18:59,2024-05-16 19:18:59,2023-09-05 19:18:59,2023-09-05 19:18:59,
2662,1,2662,2022-10-07 19:18:59,2023-10-19 19:18:59,2023-09-05 19:18:59,2023-09-05 19:18:59,
2663,1,2663,2023-01-24 19:18:59,2024-02-01 19:18:59,2023-09-05 19:18:59,2023-09-05 19:18:59,
2664,3,2664,2022-11-19 19:18:59,2024-02-01 19:18:59,2023-09-05 19:18:59,2023-09-05 19:18:59,
2665,2,2665,2023-07-21 19:18:59,2024-01-12 19:18:59,2023-09-05 19:18:59,2023-09-05 19:18:59,
2666,1,2666,2022-11-12 19:18:59,2024-05-08 19:18:59,2023-09-05 19:18:59,2023-09-05 19:18:59,
2667,3,2667,2023-08-24 19:18:59,2023-11-03 19:18:59,2023-09-05 19:18:59,2023-09-05 19:18:59,
2668,3,2668,2023-08-07 19:18:59,2024-05-06 19:18:59,2023-09-05 19:18:59,2023-09-05 19:18:59,
2669,3,2669,2023-02-17 19:18:59,2024-01-23 19:18:59,2023-09-05 19:18:59,2023-09-05 19:18:59,
2670,3,2670,2022-11-03 19:18:59,2023-11-21 19:18:59,2023-09-05 19:18:59,2023-09-05 19:18:59,
2671,3,2671,2023-07-30 19:18:59,2024-02-08 19:18:59,2023-09-05 19:18:59,2023-09-05 19:18:59,
2672,3,2672,2023-04-05 19:18:59,2023-11-17 19:18:59,2023-09-05 19:18:59,2023-09-05 19:18:59,
2673,1,2673,2022-11-07 19:18:59,2024-02-05 19:18:59,2023-09-05 19:18:59,2023-09-05 19:18:59,
2674,2,2674,2022-12-09 19:18:59,2024-05-29 19:18:59,2023-09-05 19:18:59,2023-09-05 19:18:59,
2675,2,2675,2023-06-13 19:18:59,2024-05-03 19:18:59,2023-09-05 19:18:59,2023-09-05 19:18:59,
2676,1,2676,2022-09-20 19:18:59,2024-07-23 19:18:59,2023-09-05 19:18:59,2023-09-05 19:18:59,
2677,2,2677,2023-02-21 19:18:59,2024-01-21 19:18:59,2023-09-05 19:18:59,2023-09-05 19:18:59,
2678,3,2678,2023-07-12 19:18:59,2023-11-23 19:18:59,2023-09-05 19:18:59,2023-09-05 19:18:59,
2679,3,2679,2022-09-13 19:18:59,2024-02-01 19:18:59,2023-09-05 19:18:59,2023-09-05 19:18:59,
2680,3,2680,2023-07-29 19:18:59,2024-07-15 19:18:59,2023-09-05 19:18:59,2023-09-05 19:18:59,
2681,3,2681,2023-09-04 19:18:59,2023-12-19 19:18:59,2023-09-05 19:18:59,2023-09-05 19:18:59,
2682,3,2682,2023-05-30 19:18:59,2024-04-29 19:18:59,2023-09-05 19:18:59,2023-09-05 19:18:59,
2683,2,2683,2022-10-26 19:18:59,2024-05-18 19:18:59,2023-09-05 19:18:59,2023-09-05 19:18:59,
2684,2,2684,2022-10-19 19:18:59,2023-12-17 19:18:59,2023-09-05 19:18:59,2023-09-05 19:18:59,
2685,2,2685,2023-03-29 19:18:59,2024-06-17 19:18:59,2023-09-05 19:18:59,2023-09-05 19:18:59,
2686,3,2686,2022-10-01 19:18:59,2024-02-28 19:18:59,2023-09-05 19:18:59,2023-09-05 19:18:59,
2687,2,2687,2023-02-08 19:18:59,2024-04-07 19:18:59,2023-09-05 19:18:59,2023-09-05 19:18:59,
2688,1,2688,2023-09-01 19:18:59,2023-10-06 19:18:59,2023-09-05 19:18:59,2023-09-05 19:18:59,
2689,2,2689,2023-02-28 19:18:59,2023-12-12 19:18:59,2023-09-05 19:18:59,2023-09-05 19:18:59,
2690,2,2690,2023-05-29 19:18:59,2023-12-17 19:18:59,2023-09-05 19:18:59,2023-09-05 19:18:59,
2691,2,2691,2023-03-04 19:18:59,2024-05-01 19:18:59,2023-09-05 19:18:59,2023-09-05 19:18:59,
2692,1,2692,2022-12-29 19:18:59,2024-03-01 19:18:59,2023-09-05 19:18:59,2023-09-05 19:18:59,
2693,2,2693,2023-08-25 19:18:59,2023-11-18 19:18:59,2023-09-05 19:18:59,2023-09-05 19:18:59,
2694,1,2694,2022-11-30 19:18:59,2024-01-29 19:18:59,2023-09-05 19:18:59,2023-09-05 19:18:59,
2695,2,2695,2023-06-11 19:18:59,2024-07-16 19:18:59,2023-09-05 19:18:59,2023-09-05 19:18:59,
2696,2,2696,2022-12-26 19:18:59,2024-01-02 19:18:59,2023-09-05 19:18:59,2023-09-05 19:18:59,
2697,1,2697,2023-02-08 19:18:59,2024-05-31 19:18:59,2023-09-05 19:18:59,2023-09-05 19:18:59,
2698,2,2698,2022-10-27 19:18:59,2024-05-27 19:18:59,2023-09-05 19:18:59,2023-09-05 19:18:59,
2699,1,2699,2023-02-18 19:18:59,2024-02-04 19:18:59,2023-09-05 19:18:59,2023-09-05 19:18:59,
2700,3,2700,2023-05-29 19:18:59,2024-01-09 19:18:59,2023-09-05 19:18:59,2023-09-05 19:18:59,
2701,3,2701,2023-07-30 19:18:59,2023-12-25 19:18:59,2023-09-05 19:18:59,2023-09-05 19:18:59,
2702,1,2702,2023-05-20 19:18:59,2024-07-04 19:18:59,2023-09-05 19:18:59,2023-09-05 19:18:59,
2703,3,2703,2022-09-25 19:18:59,2024-03-21 19:18:59,2023-09-05 19:18:59,2023-09-05 19:18:59,
2704,3,2704,2023-08-08 19:18:59,2024-06-01 19:18:59,2023-09-05 19:18:59,2023-09-05 19:18:59,
2705,1,2705,2023-07-18 19:18:59,2024-07-30 19:18:59,2023-09-05 19:18:59,2023-09-05 19:18:59,
2706,1,2706,2022-12-27 19:18:59,2023-12-03 19:18:59,2023-09-05 19:18:59,2023-09-05 19:18:59,
2707,3,2707,2022-12-11 19:18:59,2024-07-27 19:18:59,2023-09-05 19:18:59,2023-09-05 19:18:59,
2708,3,2708,2022-11-24 19:18:59,2024-08-01 19:18:59,2023-09-05 19:18:59,2023-09-05 19:18:59,
2709,1,2709,2022-10-25 19:18:59,2024-02-26 19:18:59,2023-09-05 19:18:59,2023-09-05 19:18:59,
2710,1,2710,2023-09-01 19:18:59,2023-10-26 19:18:59,2023-09-05 19:18:59,2023-09-05 19:18:59,
2711,1,2711,2023-04-13 19:18:59,2023-12-04 19:18:59,2023-09-05 19:18:59,2023-09-05 19:18:59,
2712,1,2712,2023-01-16 19:18:59,2024-07-11 19:18:59,2023-09-05 19:18:59,2023-09-05 19:18:59,
2713,1,2713,2023-07-31 19:18:59,2024-02-23 19:18:59,2023-09-05 19:18:59,2023-09-05 19:18:59,
2714,3,2714,2022-09-08 19:18:59,2024-02-17 19:18:59,2023-09-05 19:18:59,2023-09-05 19:18:59,
2715,2,2715,2023-03-17 19:18:59,2024-08-25 19:18:59,2023-09-05 19:18:59,2023-09-05 19:18:59,
2716,2,2716,2023-06-14 19:18:59,2023-12-11 19:18:59,2023-09-05 19:18:59,2023-09-05 19:18:59,
2717,1,2717,2023-03-30 19:18:59,2023-10-21 19:18:59,2023-09-05 19:18:59,2023-09-05 19:18:59,
2718,3,2718,2023-05-05 19:18:59,2023-12-23 19:18:59,2023-09-05 19:18:59,2023-09-05 19:18:59,
2719,3,2719,2023-07-21 19:18:59,2024-03-06 19:18:59,2023-09-05 19:18:59,2023-09-05 19:18:59,
2720,1,2720,2023-04-11 19:18:59,2024-08-10 19:18:59,2023-09-05 19:18:59,2023-09-05 19:18:59,
2721,1,2721,2022-11-25 19:18:59,2024-05-21 19:18:59,2023-09-05 19:18:59,2023-09-05 19:18:59,
2722,1,2722,2023-01-12 19:18:59,2024-03-11 19:18:59,2023-09-05 19:18:59,2023-09-05 19:18:59,
2723,1,2723,2023-07-26 19:18:59,2024-08-28 19:18:59,2023-09-05 19:18:59,2023-09-05 19:18:59,
2724,1,2724,2023-04-18 19:18:59,2023-11-23 19:18:59,2023-09-05 19:18:59,2023-09-05 19:18:59,
2725,1,2725,2022-11-07 19:18:59,2023-12-29 19:18:59,2023-09-05 19:18:59,2023-09-05 19:18:59,
2726,3,2726,2023-01-28 19:18:59,2023-12-01 19:18:59,2023-09-05 19:18:59,2023-09-05 19:18:59,
2727,3,2727,2023-04-29 19:18:59,2024-01-21 19:18:59,2023-09-05 19:18:59,2023-09-05 19:18:59,
2728,1,2728,2023-08-16 19:18:59,2024-03-29 19:18:59,2023-09-05 19:18:59,2023-09-05 19:18:59,
2729,2,2729,2023-08-27 19:18:59,2024-06-14 19:18:59,2023-09-05 19:18:59,2023-09-05 19:18:59,
2730,2,2730,2023-03-28 19:18:59,2024-03-07 19:18:59,2023-09-05 19:18:59,2023-09-05 19:18:59,
2731,2,2731,2023-07-29 19:18:59,2023-11-07 19:18:59,2023-09-05 19:18:59,2023-09-05 19:18:59,
2732,2,2732,2023-01-15 19:18:59,2023-11-28 19:18:59,2023-09-05 19:18:59,2023-09-05 19:18:59,
2733,3,2733,2023-01-29 19:18:59,2023-12-19 19:18:59,2023-09-05 19:18:59,2023-09-05 19:18:59,
2734,1,2734,2023-08-25 19:18:59,2024-04-06 19:18:59,2023-09-05 19:18:59,2023-09-05 19:18:59,
2735,1,2735,2022-12-27 19:18:59,2024-06-14 19:18:59,2023-09-05 19:18:59,2023-09-05 19:18:59,
2736,1,2736,2022-12-05 19:18:59,2024-05-29 19:18:59,2023-09-05 19:18:59,2023-09-05 19:18:59,
2737,3,2737,2022-11-10 19:18:59,2024-04-30 19:18:59,2023-09-05 19:18:59,2023-09-05 19:18:59,
2738,2,2738,2023-03-24 19:18:59,2024-06-16 19:18:59,2023-09-05 19:18:59,2023-09-05 19:18:59,
2739,3,2739,2023-05-17 19:18:59,2024-05-03 19:18:59,2023-09-05 19:18:59,2023-09-05 19:18:59,
2740,3,2740,2022-11-16 19:18:59,2024-05-19 19:18:59,2023-09-05 19:18:59,2023-09-05 19:18:59,
2741,3,2741,2022-11-20 19:18:59,2024-01-13 19:18:59,2023-09-05 19:18:59,2023-09-05 19:18:59,
2742,3,2742,2022-12-02 19:18:59,2023-10-05 19:18:59,2023-09-05 19:18:59,2023-09-05 19:18:59,
2743,3,2743,2023-06-04 19:18:59,2024-06-10 19:18:59,2023-09-05 19:18:59,2023-09-05 19:18:59,
2744,2,2744,2023-03-23 19:18:59,2024-03-25 19:18:59,2023-09-05 19:18:59,2023-09-05 19:18:59,
2745,3,2745,2022-10-11 19:18:59,2024-05-27 19:18:59,2023-09-05 19:18:59,2023-09-05 19:18:59,
2746,2,2746,2022-12-04 19:18:59,2024-01-07 19:18:59,2023-09-05 19:18:59,2023-09-05 19:18:59,
2747,2,2747,2023-01-22 19:18:59,2024-01-05 19:18:59,2023-09-05 19:18:59,2023-09-05 19:18:59,
2748,1,2748,2022-11-06 19:18:59,2023-12-16 19:18:59,2023-09-05 19:18:59,2023-09-05 19:18:59,
2749,1,2749,2023-06-27 19:18:59,2024-06-21 19:18:59,2023-09-05 19:18:59,2023-09-05 19:18:59,
2750,1,2750,2022-10-13 19:18:59,2024-08-29 19:18:59,2023-09-05 19:18:59,2023-09-05 19:18:59,
2751,1,2751,2023-01-19 19:18:59,2024-05-27 19:18:59,2023-09-05 19:18:59,2023-09-05 19:18:59,
2752,1,2752,2023-05-12 19:18:59,2024-02-24 19:18:59,2023-09-05 19:18:59,2023-09-05 19:18:59,
2753,2,2753,2023-01-20 19:18:59,2024-07-29 19:18:59,2023-09-05 19:18:59,2023-09-05 19:18:59,
2754,2,2754,2022-09-10 19:18:59,2024-06-14 19:18:59,2023-09-05 19:18:59,2023-09-05 19:18:59,
2755,2,2755,2023-02-20 19:18:59,2024-04-21 19:18:59,2023-09-05 19:18:59,2023-09-05 19:18:59,
2756,1,2756,2023-02-17 19:18:59,2023-10-12 19:18:59,2023-09-05 19:18:59,2023-09-05 19:18:59,
2757,2,2757,2022-09-23 19:18:59,2023-12-14 19:18:59,2023-09-05 19:18:59,2023-09-05 19:18:59,
2758,2,2758,2022-09-20 19:18:59,2024-01-31 19:18:59,2023-09-05 19:18:59,2023-09-05 19:18:59,
2759,3,2759,2022-11-09 19:18:59,2024-02-13 19:18:59,2023-09-05 19:18:59,2023-09-05 19:18:59,
2760,2,2760,2023-07-20 19:18:59,2024-02-17 19:18:59,2023-09-05 19:18:59,2023-09-05 19:18:59,
2761,1,2761,2023-05-08 19:18:59,2024-03-15 19:18:59,2023-09-05 19:18:59,2023-09-05 19:18:59,
2762,3,2762,2023-02-03 19:18:59,2024-01-21 19:18:59,2023-09-05 19:18:59,2023-09-05 19:18:59,
2763,1,2763,2023-08-08 19:18:59,2023-12-06 19:18:59,2023-09-05 19:18:59,2023-09-05 19:18:59,
2764,3,2764,2022-12-01 19:18:59,2024-07-15 19:18:59,2023-09-05 19:18:59,2023-09-05 19:18:59,
2765,1,2765,2022-10-06 19:18:59,2024-05-10 19:18:59,2023-09-05 19:18:59,2023-09-05 19:18:59,
2766,1,2766,2023-06-18 19:18:59,2023-11-10 19:18:59,2023-09-05 19:18:59,2023-09-05 19:18:59,
2767,3,2767,2022-10-16 19:18:59,2024-08-17 19:18:59,2023-09-05 19:18:59,2023-09-05 19:18:59,
2768,1,2768,2023-05-30 19:18:59,2024-06-27 19:18:59,2023-09-05 19:18:59,2023-09-05 19:18:59,
2769,3,2769,2022-12-23 19:18:59,2024-07-06 19:18:59,2023-09-05 19:18:59,2023-09-05 19:18:59,
2770,2,2770,2022-10-19 19:18:59,2024-06-19 19:18:59,2023-09-05 19:18:59,2023-09-05 19:18:59,
2771,3,2771,2022-10-01 19:18:59,2024-05-27 19:18:59,2023-09-05 19:18:59,2023-09-05 19:18:59,
2772,1,2772,2023-04-05 19:18:59,2024-05-17 19:18:59,2023-09-05 19:18:59,2023-09-05 19:18:59,
2773,3,2773,2023-01-05 19:18:59,2024-03-12 19:18:59,2023-09-05 19:18:59,2023-09-05 19:18:59,
2774,2,2774,2023-03-13 19:18:59,2024-01-17 19:18:59,2023-09-05 19:18:59,2023-09-05 19:18:59,
2775,1,2775,2022-11-27 19:18:59,2024-08-23 19:18:59,2023-09-05 19:18:59,2023-09-05 19:18:59,
2776,2,2776,2023-07-04 19:18:59,2023-11-18 19:18:59,2023-09-05 19:18:59,2023-09-05 19:18:59,
2777,2,2777,2023-04-12 19:18:59,2024-06-19 19:18:59,2023-09-05 19:18:59,2023-09-05 19:18:59,
2778,2,2778,2023-03-20 19:18:59,2024-07-10 19:18:59,2023-09-05 19:18:59,2023-09-05 19:18:59,
2779,1,2779,2023-03-22 19:18:59,2024-01-06 19:18:59,2023-09-05 19:18:59,2023-09-05 19:18:59,
2780,1,2780,2022-09-29 19:18:59,2024-01-22 19:18:59,2023-09-05 19:18:59,2023-09-05 19:18:59,
2781,1,2781,2023-04-27 19:18:59,2024-03-31 19:18:59,2023-09-05 19:18:59,2023-09-05 19:18:59,
2782,2,2782,2022-12-01 19:18:59,2024-08-11 19:18:59,2023-09-05 19:18:59,2023-09-05 19:18:59,
2783,3,2783,2022-10-02 19:18:59,2024-09-03 19:18:59,2023-09-05 19:18:59,2023-09-05 19:18:59,
2784,3,2784,2023-06-26 19:18:59,2024-01-12 19:18:59,2023-09-05 19:18:59,2023-09-05 19:18:59,
2785,2,2785,2023-08-10 19:18:59,2024-08-10 19:18:59,2023-09-05 19:18:59,2023-09-05 19:18:59,
2786,3,2786,2023-02-07 19:18:59,2024-02-12 19:18:59,2023-09-05 19:18:59,2023-09-05 19:18:59,
2787,3,2787,2023-05-18 19:18:59,2023-12-04 19:18:59,2023-09-05 19:18:59,2023-09-05 19:18:59,
2788,2,2788,2023-05-21 19:18:59,2024-07-25 19:18:59,2023-09-05 19:18:59,2023-09-05 19:18:59,
2789,1,2789,2023-02-06 19:18:59,2024-01-31 19:18:59,2023-09-05 19:18:59,2023-09-05 19:18:59,
2790,2,2790,2022-09-17 19:18:59,2023-11-08 19:18:59,2023-09-05 19:18:59,2023-09-05 19:18:59,
2791,1,2791,2022-09-09 19:18:59,2024-01-03 19:18:59,2023-09-05 19:18:59,2023-09-05 19:18:59,
2792,2,2792,2022-10-27 19:18:59,2024-02-01 19:18:59,2023-09-05 19:18:59,2023-09-05 19:18:59,
2793,1,2793,2022-10-13 19:18:59,2024-05-20 19:18:59,2023-09-05 19:18:59,2023-09-05 19:18:59,
2794,1,2794,2023-04-12 19:18:59,2023-12-08 19:18:59,2023-09-05 19:18:59,2023-09-05 19:18:59,
2795,3,2795,2022-12-10 19:18:59,2024-03-16 19:18:59,2023-09-05 19:18:59,2023-09-05 19:18:59,
2796,1,2796,2023-05-23 19:18:59,2024-07-26 19:18:59,2023-09-05 19:18:59,2023-09-05 19:18:59,
2797,1,2797,2022-11-13 19:18:59,2024-02-23 19:18:59,2023-09-05 19:18:59,2023-09-05 19:18:59,
2798,2,2798,2023-07-21 19:18:59,2024-07-27 19:18:59,2023-09-05 19:18:59,2023-09-05 19:18:59,
2799,3,2799,2023-08-20 19:18:59,2024-02-20 19:18:59,2023-09-05 19:18:59,2023-09-05 19:18:59,
2800,3,2800,2023-02-10 19:18:59,2023-10-09 19:18:59,2023-09-05 19:18:59,2023-09-05 19:18:59,
2801,1,2801,2023-05-10 19:18:59,2024-02-14 19:18:59,2023-09-05 19:18:59,2023-09-05 19:18:59,
2802,1,2802,2023-01-17 19:18:59,2024-03-07 19:18:59,2023-09-05 19:18:59,2023-09-05 19:18:59,
2803,1,2803,2023-02-06 19:18:59,2024-08-06 19:18:59,2023-09-05 19:18:59,2023-09-05 19:18:59,
2804,3,2804,2023-04-21 19:18:59,2024-01-03 19:18:59,2023-09-05 19:18:59,2023-09-05 19:18:59,
2805,2,2805,2022-10-30 19:18:59,2024-03-28 19:18:59,2023-09-05 19:18:59,2023-09-05 19:18:59,
2806,3,2806,2023-08-20 19:18:59,2024-06-16 19:18:59,2023-09-05 19:18:59,2023-09-05 19:18:59,
2807,3,2807,2022-10-29 19:18:59,2024-04-27 19:18:59,2023-09-05 19:18:59,2023-09-05 19:18:59,
2808,3,2808,2022-10-11 19:18:59,2024-08-24 19:18:59,2023-09-05 19:18:59,2023-09-05 19:18:59,
2809,2,2809,2023-08-14 19:18:59,2024-01-09 19:18:59,2023-09-05 19:18:59,2023-09-05 19:18:59,
2810,3,2810,2023-07-18 19:18:59,2024-07-19 19:18:59,2023-09-05 19:18:59,2023-09-05 19:18:59,
2811,3,2811,2022-10-26 19:18:59,2024-08-18 19:18:59,2023-09-05 19:18:59,2023-09-05 19:18:59,
2812,3,2812,2023-07-22 19:18:59,2024-02-25 19:18:59,2023-09-05 19:18:59,2023-09-05 19:18:59,
2813,3,2813,2022-09-07 19:18:59,2023-12-17 19:18:59,2023-09-05 19:18:59,2023-09-05 19:18:59,
2814,1,2814,2023-08-01 19:18:59,2024-08-09 19:18:59,2023-09-05 19:18:59,2023-09-05 19:18:59,
2815,3,2815,2023-07-05 19:18:59,2023-11-29 19:18:59,2023-09-05 19:18:59,2023-09-05 19:18:59,
2816,3,2816,2022-12-10 19:18:59,2024-01-18 19:18:59,2023-09-05 19:18:59,2023-09-05 19:18:59,
2817,3,2817,2023-01-30 19:18:59,2024-06-05 19:18:59,2023-09-05 19:18:59,2023-09-05 19:18:59,
2818,2,2818,2023-01-29 19:18:59,2024-06-18 19:18:59,2023-09-05 19:18:59,2023-09-05 19:18:59,
2819,3,2819,2023-07-17 19:18:59,2024-07-25 19:18:59,2023-09-05 19:18:59,2023-09-05 19:18:59,
2820,3,2820,2023-09-01 19:18:59,2024-04-10 19:18:59,2023-09-05 19:18:59,2023-09-05 19:18:59,
2821,1,2821,2023-04-29 19:18:59,2023-12-01 19:18:59,2023-09-05 19:18:59,2023-09-05 19:18:59,
2822,3,2822,2023-05-19 19:18:59,2024-01-20 19:18:59,2023-09-05 19:18:59,2023-09-05 19:18:59,
2823,1,2823,2022-10-07 19:18:59,2024-07-26 19:18:59,2023-09-05 19:18:59,2023-09-05 19:18:59,
2824,2,2824,2023-01-23 19:18:59,2024-02-23 19:18:59,2023-09-05 19:18:59,2023-09-05 19:18:59,
2825,3,2825,2023-04-16 19:18:59,2024-08-22 19:18:59,2023-09-05 19:18:59,2023-09-05 19:18:59,
2826,1,2826,2023-02-02 19:18:59,2024-02-11 19:18:59,2023-09-05 19:18:59,2023-09-05 19:18:59,
2827,2,2827,2022-11-01 19:18:59,2023-12-03 19:18:59,2023-09-05 19:18:59,2023-09-05 19:18:59,
2828,3,2828,2022-12-01 19:18:59,2024-03-10 19:18:59,2023-09-05 19:18:59,2023-09-05 19:18:59,
2829,2,2829,2022-09-20 19:18:59,2023-10-30 19:18:59,2023-09-05 19:18:59,2023-09-05 19:18:59,
2830,1,2830,2022-11-02 19:18:59,2024-01-24 19:18:59,2023-09-05 19:18:59,2023-09-05 19:18:59,
2831,2,2831,2022-11-02 19:18:59,2024-01-08 19:18:59,2023-09-05 19:18:59,2023-09-05 19:18:59,
2832,1,2832,2023-06-23 19:18:59,2023-10-29 19:18:59,2023-09-05 19:18:59,2023-09-05 19:18:59,
2833,1,2833,2023-08-07 19:18:59,2024-04-19 19:18:59,2023-09-05 19:18:59,2023-09-05 19:18:59,
2834,2,2834,2022-10-09 19:18:59,2024-07-06 19:18:59,2023-09-05 19:18:59,2023-09-05 19:18:59,
2835,1,2835,2023-01-05 19:18:59,2024-04-09 19:18:59,2023-09-05 19:18:59,2023-09-05 19:18:59,
2836,2,2836,2023-06-26 19:18:59,2023-12-11 19:18:59,2023-09-05 19:18:59,2023-09-05 19:18:59,
2837,2,2837,2023-06-25 19:18:59,2023-11-11 19:18:59,2023-09-05 19:18:59,2023-09-05 19:18:59,
2838,2,2838,2022-11-30 19:18:59,2024-01-16 19:18:59,2023-09-05 19:18:59,2023-09-05 19:18:59,
2839,3,2839,2022-10-17 19:18:59,2024-01-21 19:18:59,2023-09-05 19:18:59,2023-09-05 19:18:59,
2840,2,2840,2022-09-09 19:18:59,2024-06-09 19:18:59,2023-09-05 19:18:59,2023-09-05 19:18:59,
2841,1,2841,2022-10-15 19:18:59,2024-02-02 19:18:59,2023-09-05 19:18:59,2023-09-05 19:18:59,
2842,2,2842,2022-10-10 19:18:59,2024-08-13 19:18:59,2023-09-05 19:18:59,2023-09-05 19:18:59,
2843,2,2843,2023-02-10 19:18:59,2023-10-20 19:18:59,2023-09-05 19:18:59,2023-09-05 19:18:59,
2844,1,2844,2023-04-16 19:18:59,2024-05-03 19:18:59,2023-09-05 19:18:59,2023-09-05 19:18:59,
2845,1,2845,2023-01-19 19:18:59,2023-12-23 19:18:59,2023-09-05 19:18:59,2023-09-05 19:18:59,
2846,1,2846,2023-08-21 19:18:59,2024-01-22 19:18:59,2023-09-05 19:18:59,2023-09-05 19:18:59,
2847,2,2847,2022-12-04 19:18:59,2023-12-25 19:18:59,2023-09-05 19:18:59,2023-09-05 19:18:59,
2848,1,2848,2023-07-10 19:18:59,2024-08-23 19:18:59,2023-09-05 19:18:59,2023-09-05 19:18:59,
2849,2,2849,2023-06-22 19:18:59,2024-08-22 19:18:59,2023-09-05 19:18:59,2023-09-05 19:18:59,
2850,1,2850,2023-08-11 19:18:59,2024-04-17 19:18:59,2023-09-05 19:18:59,2023-09-05 19:18:59,
2851,2,2851,2022-12-18 19:18:59,2024-06-20 19:18:59,2023-09-05 19:18:59,2023-09-05 19:18:59,
2852,1,2852,2022-12-17 19:18:59,2023-11-12 19:18:59,2023-09-05 19:18:59,2023-09-05 19:18:59,
2853,3,2853,2023-04-24 19:18:59,2024-02-26 19:18:59,2023-09-05 19:18:59,2023-09-05 19:18:59,
2854,2,2854,2022-12-15 19:18:59,2023-11-26 19:18:59,2023-09-05 19:18:59,2023-09-05 19:18:59,
2855,2,2855,2023-05-29 19:18:59,2024-04-10 19:18:59,2023-09-05 19:18:59,2023-09-05 19:18:59,
2856,2,2856,2022-09-22 19:18:59,2024-07-31 19:18:59,2023-09-05 19:18:59,2023-09-05 19:18:59,
2857,1,2857,2023-05-07 19:18:59,2024-06-03 19:18:59,2023-09-05 19:18:59,2023-09-05 19:18:59,
2858,3,2858,2022-12-29 19:18:59,2024-08-21 19:18:59,2023-09-05 19:18:59,2023-09-05 19:18:59,
2859,2,2859,2023-03-15 19:18:59,2024-04-16 19:18:59,2023-09-05 19:18:59,2023-09-05 19:18:59,
2860,3,2860,2023-04-07 19:18:59,2023-10-15 19:18:59,2023-09-05 19:18:59,2023-09-05 19:18:59,
2861,2,2861,2023-05-31 19:18:59,2024-05-09 19:18:59,2023-09-05 19:18:59,2023-09-05 19:18:59,
2862,2,2862,2023-07-25 19:18:59,2024-03-07 19:18:59,2023-09-05 19:18:59,2023-09-05 19:18:59,
2863,1,2863,2023-08-02 19:18:59,2024-08-17 19:18:59,2023-09-05 19:18:59,2023-09-05 19:18:59,
2864,3,2864,2023-03-08 19:18:59,2024-01-07 19:18:59,2023-09-05 19:18:59,2023-09-05 19:18:59,
2865,1,2865,2022-10-13 19:18:59,2024-06-20 19:18:59,2023-09-05 19:18:59,2023-09-05 19:18:59,
2866,1,2866,2022-11-30 19:18:59,2024-03-27 19:18:59,2023-09-05 19:18:59,2023-09-05 19:18:59,
2867,3,2867,2023-06-15 19:18:59,2023-12-10 19:18:59,2023-09-05 19:18:59,2023-09-05 19:18:59,
2868,1,2868,2023-02-06 19:18:59,2023-10-14 19:18:59,2023-09-05 19:18:59,2023-09-05 19:18:59,
2869,1,2869,2023-06-23 19:18:59,2023-10-11 19:18:59,2023-09-05 19:18:59,2023-09-05 19:18:59,
2870,2,2870,2023-06-04 19:18:59,2023-12-27 19:18:59,2023-09-05 19:18:59,2023-09-05 19:18:59,
2871,1,2871,2022-11-22 19:18:59,2024-05-08 19:18:59,2023-09-05 19:18:59,2023-09-05 19:18:59,
2872,1,2872,2023-01-15 19:18:59,2023-12-15 19:18:59,2023-09-05 19:18:59,2023-09-05 19:18:59,
2873,2,2873,2022-10-31 19:18:59,2023-11-06 19:18:59,2023-09-05 19:18:59,2023-09-05 19:18:59,
2874,2,2874,2023-01-17 19:18:59,2024-03-20 19:18:59,2023-09-05 19:18:59,2023-09-05 19:18:59,
2875,3,2875,2023-03-06 19:18:59,2024-01-08 19:18:59,2023-09-05 19:18:59,2023-09-05 19:18:59,
2876,3,2876,2023-07-27 19:18:59,2023-11-21 19:18:59,2023-09-05 19:18:59,2023-09-05 19:18:59,
2877,3,2877,2023-08-13 19:18:59,2024-01-11 19:18:59,2023-09-05 19:18:59,2023-09-05 19:18:59,
2878,1,2878,2023-07-03 19:18:59,2023-12-15 19:18:59,2023-09-05 19:18:59,2023-09-05 19:18:59,
2879,3,2879,2022-12-01 19:18:59,2023-11-08 19:18:59,2023-09-05 19:18:59,2023-09-05 19:18:59,
2880,2,2880,2022-09-23 19:18:59,2024-01-15 19:18:59,2023-09-05 19:18:59,2023-09-05 19:18:59,
2881,1,2881,2023-06-08 19:18:59,2024-01-31 19:18:59,2023-09-05 19:18:59,2023-09-05 19:18:59,
2882,3,2882,2022-11-23 19:18:59,2024-03-02 19:18:59,2023-09-05 19:18:59,2023-09-05 19:18:59,
2883,3,2883,2023-04-23 19:18:59,2023-10-28 19:18:59,2023-09-05 19:18:59,2023-09-05 19:18:59,
2884,2,2884,2023-07-31 19:18:59,2024-03-22 19:18:59,2023-09-05 19:18:59,2023-09-05 19:18:59,
2885,2,2885,2023-02-05 19:18:59,2024-06-29 19:18:59,2023-09-05 19:18:59,2023-09-05 19:18:59,
2886,1,2886,2023-06-01 19:18:59,2024-07-04 19:18:59,2023-09-05 19:18:59,2023-09-05 19:18:59,
2887,1,2887,2023-07-07 19:18:59,2024-05-04 19:18:59,2023-09-05 19:18:59,2023-09-05 19:18:59,
2888,3,2888,2023-01-13 19:18:59,2024-02-02 19:18:59,2023-09-05 19:18:59,2023-09-05 19:18:59,
2889,3,2889,2023-09-04 19:18:59,2024-01-05 19:18:59,2023-09-05 19:18:59,2023-09-05 19:18:59,
2890,2,2890,2022-10-04 19:18:59,2024-04-08 19:18:59,2023-09-05 19:18:59,2023-09-05 19:18:59,
2891,2,2891,2023-04-29 19:18:59,2024-01-18 19:18:59,2023-09-05 19:18:59,2023-09-05 19:18:59,
2892,3,2892,2023-07-21 19:18:59,2024-05-29 19:18:59,2023-09-05 19:18:59,2023-09-05 19:18:59,
2893,2,2893,2023-03-13 19:18:59,2024-07-23 19:18:59,2023-09-05 19:18:59,2023-09-05 19:18:59,
2894,3,2894,2023-07-17 19:18:59,2024-03-18 19:18:59,2023-09-05 19:18:59,2023-09-05 19:18:59,
2895,3,2895,2023-02-28 19:18:59,2024-02-21 19:18:59,2023-09-05 19:18:59,2023-09-05 19:18:59,
2896,2,2896,2022-11-27 19:18:59,2024-08-03 19:18:59,2023-09-05 19:18:59,2023-09-05 19:18:59,
2897,3,2897,2023-04-23 19:18:59,2024-08-26 19:18:59,2023-09-05 19:18:59,2023-09-05 19:18:59,
2898,3,2898,2023-04-29 19:18:59,2023-10-06 19:18:59,2023-09-05 19:18:59,2023-09-05 19:18:59,
2899,1,2899,2022-11-08 19:18:59,2024-07-31 19:18:59,2023-09-05 19:18:59,2023-09-05 19:18:59,
2900,1,2900,2023-04-05 19:18:59,2024-02-07 19:18:59,2023-09-05 19:18:59,2023-09-05 19:18:59,
2901,3,2901,2022-09-20 19:18:59,2023-10-19 19:18:59,2023-09-05 19:18:59,2023-09-05 19:18:59,
2902,3,2902,2023-09-01 19:18:59,2024-08-19 19:18:59,2023-09-05 19:18:59,2023-09-05 19:18:59,
2903,1,2903,2023-08-05 19:18:59,2024-06-17 19:18:59,2023-09-05 19:18:59,2023-09-05 19:18:59,
2904,1,2904,2023-03-02 19:18:59,2024-06-21 19:18:59,2023-09-05 19:18:59,2023-09-05 19:18:59,
2905,1,2905,2023-01-08 19:18:59,2023-12-25 19:18:59,2023-09-05 19:18:59,2023-09-05 19:18:59,
2906,3,2906,2022-11-05 19:18:59,2024-08-26 19:18:59,2023-09-05 19:18:59,2023-09-05 19:18:59,
2907,2,2907,2023-07-21 19:18:59,2024-08-25 19:18:59,2023-09-05 19:18:59,2023-09-05 19:18:59,
2908,3,2908,2023-07-08 19:18:59,2024-06-12 19:18:59,2023-09-05 19:18:59,2023-09-05 19:18:59,
2909,2,2909,2022-12-12 19:18:59,2024-01-30 19:18:59,2023-09-05 19:18:59,2023-09-05 19:18:59,
2910,2,2910,2023-05-12 19:18:59,2023-11-19 19:18:59,2023-09-05 19:18:59,2023-09-05 19:18:59,
2911,2,2911,2023-01-17 19:18:59,2024-05-27 19:18:59,2023-09-05 19:18:59,2023-09-05 19:18:59,
2912,2,2912,2022-10-01 19:18:59,2023-11-25 19:18:59,2023-09-05 19:18:59,2023-09-05 19:18:59,
2913,1,2913,2022-10-03 19:18:59,2024-07-29 19:18:59,2023-09-05 19:18:59,2023-09-05 19:18:59,
2914,2,2914,2023-04-08 19:18:59,2023-12-30 19:18:59,2023-09-05 19:18:59,2023-09-05 19:18:59,
2915,2,2915,2022-09-07 19:18:59,2023-10-16 19:18:59,2023-09-05 19:18:59,2023-09-05 19:18:59,
2916,1,2916,2023-08-14 19:18:59,2024-08-06 19:18:59,2023-09-05 19:18:59,2023-09-05 19:18:59,
2917,3,2917,2023-04-23 19:18:59,2024-02-18 19:18:59,2023-09-05 19:18:59,2023-09-05 19:18:59,
2918,2,2918,2023-02-11 19:18:59,2024-03-24 19:18:59,2023-09-05 19:18:59,2023-09-05 19:18:59,
2919,1,2919,2022-12-16 19:18:59,2024-08-12 19:18:59,2023-09-05 19:18:59,2023-09-05 19:18:59,
2920,3,2920,2022-12-10 19:18:59,2024-08-17 19:18:59,2023-09-05 19:18:59,2023-09-05 19:18:59,
2921,3,2921,2023-05-03 19:18:59,2024-01-24 19:18:59,2023-09-05 19:18:59,2023-09-05 19:18:59,
2922,3,2922,2023-01-18 19:18:59,2024-02-12 19:18:59,2023-09-05 19:18:59,2023-09-05 19:18:59,
2923,1,2923,2023-01-20 19:18:59,2024-02-06 19:18:59,2023-09-05 19:18:59,2023-09-05 19:18:59,
2924,2,2924,2023-02-04 19:18:59,2023-11-25 19:18:59,2023-09-05 19:18:59,2023-09-05 19:18:59,
2925,1,2925,2023-03-19 19:18:59,2023-10-20 19:18:59,2023-09-05 19:18:59,2023-09-05 19:18:59,
2926,3,2926,2022-11-18 19:18:59,2024-05-22 19:18:59,2023-09-05 19:18:59,2023-09-05 19:18:59,
2927,3,2927,2023-06-14 19:18:59,2023-11-27 19:18:59,2023-09-05 19:18:59,2023-09-05 19:18:59,
2928,3,2928,2022-11-24 19:18:59,2023-11-13 19:18:59,2023-09-05 19:18:59,2023-09-05 19:18:59,
2929,3,2929,2023-01-02 19:18:59,2024-04-13 19:18:59,2023-09-05 19:18:59,2023-09-05 19:18:59,
2930,3,2930,2022-10-29 19:18:59,2024-04-24 19:18:59,2023-09-05 19:18:59,2023-09-05 19:18:59,
2931,3,2931,2022-10-02 19:18:59,2024-07-11 19:18:59,2023-09-05 19:18:59,2023-09-05 19:18:59,
2932,2,2932,2022-10-06 19:18:59,2024-06-13 19:18:59,2023-09-05 19:18:59,2023-09-05 19:18:59,
2933,2,2933,2023-08-14 19:18:59,2024-02-13 19:18:59,2023-09-05 19:18:59,2023-09-05 19:18:59,
2934,2,2934,2022-09-16 19:18:59,2023-12-09 19:18:59,2023-09-05 19:18:59,2023-09-05 19:18:59,
2935,2,2935,2023-08-14 19:18:59,2024-03-01 19:18:59,2023-09-05 19:18:59,2023-09-05 19:18:59,
2936,3,2936,2023-07-10 19:18:59,2023-10-07 19:18:59,2023-09-05 19:18:59,2023-09-05 19:18:59,
2937,2,2937,2023-07-25 19:18:59,2023-11-12 19:18:59,2023-09-05 19:18:59,2023-09-05 19:18:59,
2938,3,2938,2023-04-24 19:18:59,2023-11-29 19:18:59,2023-09-05 19:18:59,2023-09-05 19:18:59,
2939,2,2939,2022-12-25 19:18:59,2023-12-10 19:18:59,2023-09-05 19:18:59,2023-09-05 19:18:59,
2940,2,2940,2023-02-08 19:18:59,2024-03-14 19:18:59,2023-09-05 19:18:59,2023-09-05 19:18:59,
2941,1,2941,2023-03-29 19:18:59,2024-01-19 19:18:59,2023-09-05 19:18:59,2023-09-05 19:18:59,
2942,2,2942,2023-04-12 19:18:59,2024-07-07 19:18:59,2023-09-05 19:18:59,2023-09-05 19:18:59,
2943,2,2943,2023-03-11 19:18:59,2024-03-08 19:18:59,2023-09-05 19:18:59,2023-09-05 19:18:59,
2944,1,2944,2022-10-29 19:18:59,2024-05-21 19:18:59,2023-09-05 19:18:59,2023-09-05 19:18:59,
2945,2,2945,2022-11-30 19:18:59,2024-08-20 19:18:59,2023-09-05 19:18:59,2023-09-05 19:18:59,
2946,2,2946,2022-11-05 19:18:59,2023-12-25 19:18:59,2023-09-05 19:18:59,2023-09-05 19:18:59,
2947,2,2947,2023-04-15 19:18:59,2024-03-22 19:18:59,2023-09-05 19:18:59,2023-09-05 19:18:59,
2948,3,2948,2023-07-04 19:18:59,2023-12-15 19:18:59,2023-09-05 19:18:59,2023-09-05 19:18:59,
2949,3,2949,2023-08-26 19:18:59,2023-12-11 19:18:59,2023-09-05 19:18:59,2023-09-05 19:18:59,
2950,3,2950,2023-06-04 19:18:59,2023-11-22 19:18:59,2023-09-05 19:18:59,2023-09-05 19:18:59,
2951,2,2951,2023-02-09 19:18:59,2024-04-10 19:18:59,2023-09-05 19:18:59,2023-09-05 19:18:59,
2952,3,2952,2023-03-21 19:18:59,2024-07-15 19:18:59,2023-09-05 19:18:59,2023-09-05 19:18:59,
2953,3,2953,2023-02-08 19:18:59,2024-03-22 19:18:59,2023-09-05 19:18:59,2023-09-05 19:18:59,
2954,3,2954,2023-05-19 19:18:59,2024-06-10 19:18:59,2023-09-05 19:18:59,2023-09-05 19:18:59,
2955,1,2955,2022-10-02 19:18:59,2024-06-21 19:18:59,2023-09-05 19:18:59,2023-09-05 19:18:59,
2956,1,2956,2023-03-13 19:18:59,2023-11-26 19:18:59,2023-09-05 19:18:59,2023-09-05 19:18:59,
2957,2,2957,2023-02-02 19:18:59,2024-05-31 19:18:59,2023-09-05 19:18:59,2023-09-05 19:18:59,
2958,1,2958,2022-12-15 19:18:59,2024-03-23 19:18:59,2023-09-05 19:18:59,2023-09-05 19:18:59,
2959,2,2959,2023-07-25 19:18:59,2023-11-16 19:18:59,2023-09-05 19:18:59,2023-09-05 19:18:59,
2960,2,2960,2023-08-10 19:18:59,2024-02-17 19:18:59,2023-09-05 19:18:59,2023-09-05 19:18:59,
2961,1,2961,2022-12-11 19:18:59,2024-04-18 19:18:59,2023-09-05 19:18:59,2023-09-05 19:18:59,
2962,2,2962,2022-11-21 19:18:59,2024-04-11 19:18:59,2023-09-05 19:18:59,2023-09-05 19:18:59,
2963,3,2963,2023-03-10 19:18:59,2023-12-07 19:18:59,2023-09-05 19:18:59,2023-09-05 19:18:59,
2964,3,2964,2023-07-16 19:18:59,2024-02-04 19:18:59,2023-09-05 19:18:59,2023-09-05 19:18:59,
2965,1,2965,2023-03-27 19:18:59,2024-04-14 19:18:59,2023-09-05 19:18:59,2023-09-05 19:18:59,
2966,1,2966,2022-11-08 19:18:59,2024-04-12 19:18:59,2023-09-05 19:18:59,2023-09-05 19:18:59,
2967,3,2967,2023-08-12 19:18:59,2024-05-21 19:18:59,2023-09-05 19:18:59,2023-09-05 19:18:59,
2968,3,2968,2023-04-09 19:18:59,2024-07-23 19:18:59,2023-09-05 19:18:59,2023-09-05 19:18:59,
2969,3,2969,2023-02-19 19:18:59,2024-08-01 19:18:59,2023-09-05 19:18:59,2023-09-05 19:18:59,
2970,1,2970,2022-09-09 19:18:59,2024-07-24 19:18:59,2023-09-05 19:18:59,2023-09-05 19:18:59,
2971,2,2971,2023-05-23 19:18:59,2024-09-03 19:18:59,2023-09-05 19:18:59,2023-09-05 19:18:59,
2972,2,2972,2023-01-20 19:18:59,2024-02-03 19:18:59,2023-09-05 19:18:59,2023-09-05 19:18:59,
2973,1,2973,2022-09-16 19:18:59,2024-08-15 19:18:59,2023-09-05 19:18:59,2023-09-05 19:18:59,
2974,2,2974,2023-05-31 19:18:59,2024-04-14 19:18:59,2023-09-05 19:18:59,2023-09-05 19:18:59,
2975,3,2975,2023-07-02 19:18:59,2024-05-24 19:18:59,2023-09-05 19:18:59,2023-09-05 19:18:59,
2976,2,2976,2023-06-13 19:18:59,2024-06-13 19:18:59,2023-09-05 19:18:59,2023-09-05 19:18:59,
2977,1,2977,2023-06-26 19:18:59,2024-02-28 19:18:59,2023-09-05 19:18:59,2023-09-05 19:18:59,
2978,2,2978,2023-08-13 19:18:59,2023-11-27 19:18:59,2023-09-05 19:18:59,2023-09-05 19:18:59,
2979,2,2979,2023-05-09 19:18:59,2023-12-21 19:18:59,2023-09-05 19:18:59,2023-09-05 19:18:59,
2980,2,2980,2023-03-17 19:18:59,2024-05-03 19:18:59,2023-09-05 19:18:59,2023-09-05 19:18:59,
2981,1,2981,2023-05-06 19:18:59,2023-11-09 19:18:59,2023-09-05 19:18:59,2023-09-05 19:18:59,
2982,3,2982,2023-06-26 19:18:59,2024-03-07 19:18:59,2023-09-05 19:18:59,2023-09-05 19:18:59,
2983,1,2983,2023-06-17 19:18:59,2024-01-28 19:18:59,2023-09-05 19:18:59,2023-09-05 19:18:59,
2984,3,2984,2022-10-04 19:18:59,2024-03-09 19:18:59,2023-09-05 19:18:59,2023-09-05 19:18:59,
2985,3,2985,2023-01-29 19:18:59,2024-03-14 19:18:59,2023-09-05 19:18:59,2023-09-05 19:18:59,
2986,2,2986,2022-11-14 19:18:59,2023-10-11 19:18:59,2023-09-05 19:18:59,2023-09-05 19:18:59,
2987,3,2987,2023-01-04 19:18:59,2024-02-15 19:18:59,2023-09-05 19:18:59,2023-09-05 19:18:59,
2988,3,2988,2022-11-02 19:18:59,2024-04-19 19:18:59,2023-09-05 19:18:59,2023-09-05 19:18:59,
2989,3,2989,2023-07-17 19:18:59,2024-02-21 19:18:59,2023-09-05 19:18:59,2023-09-05 19:18:59,
2990,2,2990,2022-09-27 19:18:59,2023-12-04 19:18:59,2023-09-05 19:18:59,2023-09-05 19:18:59,
2991,3,2991,2022-09-16 19:18:59,2024-02-27 19:18:59,2023-09-05 19:18:59,2023-09-05 19:18:59,
2992,2,2992,2022-10-30 19:18:59,2024-03-19 19:18:59,2023-09-05 19:18:59,2023-09-05 19:18:59,
2993,3,2993,2023-01-06 19:18:59,2024-05-20 19:18:59,2023-09-05 19:18:59,2023-09-05 19:18:59,
2994,1,2994,2023-06-17 19:18:59,2024-08-11 19:18:59,2023-09-05 19:18:59,2023-09-05 19:18:59,
2995,2,2995,2023-01-07 19:18:59,2024-08-17 19:18:59,2023-09-05 19:18:59,2023-09-05 19:18:59,
2996,3,2996,2023-02-11 19:18:59,2023-12-09 19:18:59,2023-09-05 19:18:59,2023-09-05 19:18:59,
2997,1,2997,2023-07-21 19:18:59,2024-04-07 19:18:59,2023-09-05 19:18:59,2023-09-05 19:18:59,
2998,1,2998,2022-12-04 19:18:59,2024-03-29 19:18:59,2023-09-05 19:18:59,2023-09-05 19:18:59,
2999,2,2999,2023-05-15 19:18:59,2024-08-23 19:18:59,2023-09-05 19:18:59,2023-09-05 19:18:59,
3000,1,3000,2023-03-08 19:18:59,2023-12-13 19:18:59,2023-09-05 19:18:59,2023-09-05 19:18:59,
3001,1,3001,2023-06-08 19:18:59,2023-12-28 19:18:59,2023-09-05 19:18:59,2023-09-05 19:18:59,
3002,2,3002,2023-04-05 19:18:59,2024-05-14 19:18:59,2023-09-05 19:18:59,2023-09-05 19:18:59,
3003,2,3003,2023-07-23 19:18:59,2024-01-12 19:18:59,2023-09-05 19:18:59,2023-09-05 19:18:59,
3004,3,3004,2022-11-17 19:18:59,2023-11-02 19:18:59,2023-09-05 19:18:59,2023-09-05 19:18:59,
3005,3,3005,2023-01-09 19:18:59,2024-02-04 19:18:59,2023-09-05 19:18:59,2023-09-05 19:18:59,
3006,1,3006,2023-06-18 19:18:59,2024-03-28 19:18:59,2023-09-05 19:18:59,2023-09-05 19:18:59,
3007,3,3007,2023-05-27 19:18:59,2024-06-18 19:18:59,2023-09-05 19:18:59,2023-09-05 19:18:59,
3008,2,3008,2023-08-03 19:18:59,2024-02-26 19:18:59,2023-09-05 19:18:59,2023-09-05 19:18:59,
3009,3,3009,2022-12-23 19:18:59,2024-07-18 19:18:59,2023-09-05 19:18:59,2023-09-05 19:18:59,
3010,1,3010,2022-10-16 19:18:59,2024-07-20 19:18:59,2023-09-05 19:18:59,2023-09-05 19:18:59,
3011,3,3011,2022-09-30 19:18:59,2024-02-16 19:18:59,2023-09-05 19:18:59,2023-09-05 19:18:59,
3012,3,3012,2022-09-22 19:18:59,2024-01-02 19:18:59,2023-09-05 19:18:59,2023-09-05 19:18:59,
3013,1,3013,2023-04-09 19:18:59,2024-04-11 19:18:59,2023-09-05 19:18:59,2023-09-05 19:18:59,
3014,2,3014,2023-03-03 19:18:59,2023-10-23 19:18:59,2023-09-05 19:18:59,2023-09-05 19:18:59,
3015,1,3015,2023-07-31 19:18:59,2024-09-01 19:18:59,2023-09-05 19:18:59,2023-09-05 19:18:59,
3016,2,3016,2023-05-02 19:18:59,2024-04-19 19:18:59,2023-09-05 19:18:59,2023-09-05 19:18:59,
3017,1,3017,2023-08-22 19:18:59,2024-04-29 19:18:59,2023-09-05 19:18:59,2023-09-05 19:18:59,
3018,2,3018,2022-10-16 19:18:59,2023-11-03 19:18:59,2023-09-05 19:18:59,2023-09-05 19:18:59,
3019,1,3019,2023-02-18 19:18:59,2023-10-13 19:18:59,2023-09-05 19:18:59,2023-09-05 19:18:59,
3020,3,3020,2022-12-23 19:18:59,2023-12-03 19:18:59,2023-09-05 19:18:59,2023-09-05 19:18:59,
3021,2,3021,2023-07-11 19:18:59,2024-03-06 19:18:59,2023-09-05 19:18:59,2023-09-05 19:18:59,
3022,1,3022,2023-04-19 19:18:59,2024-05-25 19:18:59,2023-09-05 19:18:59,2023-09-05 19:18:59,
3023,1,3023,2022-11-23 19:18:59,2024-02-22 19:18:59,2023-09-05 19:18:59,2023-09-05 19:18:59,
3024,1,3024,2023-09-03 19:18:59,2023-11-05 19:18:59,2023-09-05 19:18:59,2023-09-05 19:18:59,
3025,2,3025,2023-08-31 19:18:59,2024-02-27 19:18:59,2023-09-05 19:18:59,2023-09-05 19:18:59,
3026,1,3026,2022-11-02 19:18:59,2024-05-30 19:18:59,2023-09-05 19:18:59,2023-09-05 19:18:59,
3027,2,3027,2023-01-10 19:18:59,2024-08-06 19:18:59,2023-09-05 19:18:59,2023-09-05 19:18:59,
3028,1,3028,2022-12-20 19:18:59,2024-02-14 19:18:59,2023-09-05 19:18:59,2023-09-05 19:18:59,
3029,1,3029,2022-12-21 19:18:59,2024-03-25 19:18:59,2023-09-05 19:18:59,2023-09-05 19:18:59,
3030,3,3030,2023-02-12 19:18:59,2024-04-13 19:18:59,2023-09-05 19:18:59,2023-09-05 19:18:59,
3031,3,3031,2022-09-19 19:18:59,2023-10-31 19:18:59,2023-09-05 19:18:59,2023-09-05 19:18:59,
3032,3,3032,2022-11-14 19:18:59,2024-05-01 19:18:59,2023-09-05 19:18:59,2023-09-05 19:18:59,
3033,2,3033,2023-05-26 19:18:59,2024-07-08 19:18:59,2023-09-05 19:18:59,2023-09-05 19:18:59,
3034,3,3034,2023-08-01 19:18:59,2024-06-18 19:18:59,2023-09-05 19:18:59,2023-09-05 19:18:59,
3035,3,3035,2023-04-23 19:18:59,2024-04-02 19:18:59,2023-09-05 19:18:59,2023-09-05 19:18:59,
3036,3,3036,2022-11-09 19:18:59,2023-10-06 19:18:59,2023-09-05 19:18:59,2023-09-05 19:18:59,
3037,1,3037,2023-05-10 19:18:59,2024-08-23 19:18:59,2023-09-05 19:18:59,2023-09-05 19:18:59,
3038,2,3038,2023-08-15 19:18:59,2024-08-14 19:18:59,2023-09-05 19:18:59,2023-09-05 19:18:59,
3039,1,3039,2023-04-16 19:18:59,2024-08-06 19:18:59,2023-09-05 19:18:59,2023-09-05 19:18:59,
3040,3,3040,2023-02-06 19:18:59,2024-09-01 19:18:59,2023-09-05 19:18:59,2023-09-05 19:18:59,
3041,3,3041,2023-08-28 19:18:59,2024-04-14 19:18:59,2023-09-05 19:18:59,2023-09-05 19:18:59,
3042,3,3042,2023-06-07 19:18:59,2024-03-26 19:18:59,2023-09-05 19:18:59,2023-09-05 19:18:59,
3043,3,3043,2023-04-17 19:18:59,2024-02-13 19:18:59,2023-09-05 19:18:59,2023-09-05 19:18:59,
3044,3,3044,2023-08-14 19:18:59,2024-05-22 19:18:59,2023-09-05 19:18:59,2023-09-05 19:18:59,
3045,1,3045,2022-12-26 19:18:59,2024-07-11 19:18:59,2023-09-05 19:18:59,2023-09-05 19:18:59,
3046,1,3046,2023-06-05 19:18:59,2024-06-30 19:18:59,2023-09-05 19:18:59,2023-09-05 19:18:59,
3047,1,3047,2022-09-15 19:18:59,2024-06-09 19:18:59,2023-09-05 19:18:59,2023-09-05 19:18:59,
3048,1,3048,2022-09-15 19:18:59,2024-02-26 19:18:59,2023-09-05 19:18:59,2023-09-05 19:18:59,
3049,1,3049,2023-01-14 19:18:59,2024-03-26 19:18:59,2023-09-05 19:18:59,2023-09-05 19:18:59,
3050,2,3050,2023-06-18 19:18:59,2024-07-16 19:18:59,2023-09-05 19:18:59,2023-09-05 19:18:59,
3051,2,3051,2023-01-09 19:18:59,2024-08-12 19:18:59,2023-09-05 19:18:59,2023-09-05 19:18:59,
3052,3,3052,2023-01-22 19:18:59,2024-05-01 19:18:59,2023-09-05 19:18:59,2023-09-05 19:18:59,
3053,1,3053,2022-11-25 19:18:59,2024-05-26 19:18:59,2023-09-05 19:18:59,2023-09-05 19:18:59,
3054,2,3054,2022-09-15 19:18:59,2023-12-25 19:18:59,2023-09-05 19:18:59,2023-09-05 19:18:59,
3055,3,3055,2022-09-23 19:18:59,2024-01-06 19:18:59,2023-09-05 19:18:59,2023-09-05 19:18:59,
3056,3,3056,2023-01-29 19:18:59,2024-04-25 19:18:59,2023-09-05 19:18:59,2023-09-05 19:18:59,
3057,3,3057,2023-05-30 19:18:59,2023-11-10 19:18:59,2023-09-05 19:18:59,2023-09-05 19:18:59,
3058,1,3058,2022-11-18 19:18:59,2024-03-21 19:18:59,2023-09-05 19:18:59,2023-09-05 19:18:59,
3059,2,3059,2022-09-09 19:18:59,2024-08-22 19:18:59,2023-09-05 19:18:59,2023-09-05 19:18:59,
3060,3,3060,2023-02-08 19:18:59,2024-05-21 19:18:59,2023-09-05 19:18:59,2023-09-05 19:18:59,
3061,3,3061,2023-03-18 19:18:59,2024-06-07 19:18:59,2023-09-05 19:18:59,2023-09-05 19:18:59,
3062,1,3062,2023-09-04 19:18:59,2024-04-05 19:18:59,2023-09-05 19:18:59,2023-09-05 19:18:59,
3063,2,3063,2023-02-06 19:18:59,2024-03-30 19:18:59,2023-09-05 19:18:59,2023-09-05 19:18:59,
3064,1,3064,2023-04-19 19:18:59,2024-08-28 19:18:59,2023-09-05 19:18:59,2023-09-05 19:18:59,
3065,3,3065,2022-09-12 19:18:59,2024-02-24 19:18:59,2023-09-05 19:18:59,2023-09-05 19:18:59,
3066,2,3066,2023-08-09 19:18:59,2023-11-03 19:18:59,2023-09-05 19:18:59,2023-09-05 19:18:59,
3067,3,3067,2022-12-02 19:18:59,2023-12-04 19:18:59,2023-09-05 19:18:59,2023-09-05 19:18:59,
3068,1,3068,2023-08-11 19:18:59,2024-06-21 19:18:59,2023-09-05 19:18:59,2023-09-05 19:18:59,
3069,3,3069,2022-10-14 19:18:59,2024-01-12 19:18:59,2023-09-05 19:18:59,2023-09-05 19:18:59,
3070,1,3070,2023-08-23 19:18:59,2024-04-12 19:18:59,2023-09-05 19:18:59,2023-09-05 19:18:59,
3071,3,3071,2023-09-04 19:18:59,2023-11-20 19:18:59,2023-09-05 19:18:59,2023-09-05 19:18:59,
3072,2,3072,2023-06-05 19:18:59,2024-04-13 19:18:59,2023-09-05 19:18:59,2023-09-05 19:18:59,
3073,3,3073,2023-01-03 19:18:59,2023-10-16 19:18:59,2023-09-05 19:18:59,2023-09-05 19:18:59,
3074,3,3074,2023-01-21 19:18:59,2023-11-11 19:18:59,2023-09-05 19:18:59,2023-09-05 19:18:59,
3075,3,3075,2023-04-25 19:18:59,2023-10-25 19:18:59,2023-09-05 19:18:59,2023-09-05 19:18:59,
3076,2,3076,2023-05-24 19:18:59,2024-05-06 19:18:59,2023-09-05 19:18:59,2023-09-05 19:18:59,
3077,3,3077,2022-11-12 19:18:59,2024-07-04 19:18:59,2023-09-05 19:18:59,2023-09-05 19:18:59,
3078,3,3078,2023-03-18 19:18:59,2024-05-12 19:18:59,2023-09-05 19:18:59,2023-09-05 19:18:59,
3079,2,3079,2023-08-31 19:18:59,2024-01-14 19:18:59,2023-09-05 19:18:59,2023-09-05 19:18:59,
3080,3,3080,2023-02-01 19:18:59,2024-05-26 19:18:59,2023-09-05 19:18:59,2023-09-05 19:18:59,
3081,1,3081,2023-03-25 19:18:59,2024-02-02 19:18:59,2023-09-05 19:18:59,2023-09-05 19:18:59,
3082,3,3082,2023-04-19 19:18:59,2024-02-26 19:18:59,2023-09-05 19:18:59,2023-09-05 19:18:59,
3083,2,3083,2023-01-07 19:18:59,2024-08-09 19:18:59,2023-09-05 19:18:59,2023-09-05 19:18:59,
3084,3,3084,2023-04-10 19:18:59,2024-04-26 19:18:59,2023-09-05 19:18:59,2023-09-05 19:18:59,
3085,1,3085,2022-11-02 19:18:59,2024-04-30 19:18:59,2023-09-05 19:18:59,2023-09-05 19:18:59,
3086,3,3086,2023-03-16 19:18:59,2024-02-07 19:18:59,2023-09-05 19:18:59,2023-09-05 19:18:59,
3087,1,3087,2023-05-26 19:18:59,2023-10-10 19:18:59,2023-09-05 19:18:59,2023-09-05 19:18:59,
3088,2,3088,2023-07-12 19:18:59,2024-03-19 19:18:59,2023-09-05 19:18:59,2023-09-05 19:18:59,
3089,3,3089,2023-05-17 19:18:59,2023-10-13 19:18:59,2023-09-05 19:18:59,2023-09-05 19:18:59,
3090,1,3090,2023-06-20 19:18:59,2023-11-11 19:18:59,2023-09-05 19:18:59,2023-09-05 19:18:59,
3091,1,3091,2023-02-04 19:18:59,2023-10-25 19:18:59,2023-09-05 19:18:59,2023-09-05 19:18:59,
3092,3,3092,2023-05-16 19:18:59,2024-04-04 19:18:59,2023-09-05 19:18:59,2023-09-05 19:18:59,
3093,1,3093,2023-01-29 19:18:59,2024-07-01 19:18:59,2023-09-05 19:18:59,2023-09-05 19:18:59,
3094,3,3094,2023-09-03 19:18:59,2024-07-14 19:18:59,2023-09-05 19:18:59,2023-09-05 19:18:59,
3095,1,3095,2023-03-26 19:18:59,2023-12-09 19:18:59,2023-09-05 19:18:59,2023-09-05 19:18:59,
3096,3,3096,2023-01-01 19:18:59,2024-06-19 19:18:59,2023-09-05 19:18:59,2023-09-05 19:18:59,
3097,1,3097,2022-09-23 19:18:59,2024-05-18 19:18:59,2023-09-05 19:18:59,2023-09-05 19:18:59,
3098,1,3098,2023-02-19 19:18:59,2024-05-07 19:18:59,2023-09-05 19:18:59,2023-09-05 19:18:59,
3099,3,3099,2023-04-05 19:18:59,2024-08-27 19:18:59,2023-09-05 19:18:59,2023-09-05 19:18:59,
3100,1,3100,2022-12-29 19:18:59,2024-04-24 19:18:59,2023-09-05 19:18:59,2023-09-05 19:18:59,
3101,1,3101,2023-07-12 19:18:59,2024-03-19 19:18:59,2023-09-05 19:18:59,2023-09-05 19:18:59,
3102,3,3102,2022-09-18 19:18:59,2024-04-10 19:18:59,2023-09-05 19:18:59,2023-09-05 19:18:59,
3103,3,3103,2022-09-07 19:18:59,2024-06-25 19:18:59,2023-09-05 19:18:59,2023-09-05 19:18:59,
3104,2,3104,2022-10-09 19:18:59,2024-05-29 19:18:59,2023-09-05 19:18:59,2023-09-05 19:18:59,
3105,3,3105,2023-05-05 19:18:59,2024-06-22 19:18:59,2023-09-05 19:18:59,2023-09-05 19:18:59,
3106,2,3106,2023-04-25 19:18:59,2024-02-26 19:18:59,2023-09-05 19:18:59,2023-09-05 19:18:59,
3107,1,3107,2023-08-10 19:18:59,2024-08-23 19:18:59,2023-09-05 19:18:59,2023-09-05 19:18:59,
3108,2,3108,2023-01-22 19:18:59,2024-09-01 19:18:59,2023-09-05 19:18:59,2023-09-05 19:18:59,
3109,2,3109,2022-12-17 19:18:59,2023-12-22 19:18:59,2023-09-05 19:18:59,2023-09-05 19:18:59,
3110,2,3110,2023-02-11 19:18:59,2024-07-11 19:18:59,2023-09-05 19:18:59,2023-09-05 19:18:59,
3111,2,3111,2023-05-06 19:18:59,2024-02-01 19:18:59,2023-09-05 19:18:59,2023-09-05 19:18:59,
3112,3,3112,2023-08-05 19:18:59,2024-03-27 19:18:59,2023-09-05 19:18:59,2023-09-05 19:18:59,
3113,3,3113,2022-09-19 19:18:59,2024-06-05 19:18:59,2023-09-05 19:18:59,2023-09-05 19:18:59,
3114,1,3114,2022-12-09 19:18:59,2024-08-29 19:18:59,2023-09-05 19:18:59,2023-09-05 19:18:59,
3115,3,3115,2022-09-29 19:18:59,2024-05-01 19:18:59,2023-09-05 19:18:59,2023-09-05 19:18:59,
3116,2,3116,2022-11-23 19:18:59,2023-12-23 19:18:59,2023-09-05 19:18:59,2023-09-05 19:18:59,
3117,1,3117,2022-12-30 19:18:59,2023-11-12 19:18:59,2023-09-05 19:18:59,2023-09-05 19:18:59,
3118,1,3118,2022-11-04 19:18:59,2023-11-24 19:18:59,2023-09-05 19:18:59,2023-09-05 19:18:59,
3119,1,3119,2023-08-13 19:18:59,2024-01-10 19:18:59,2023-09-05 19:18:59,2023-09-05 19:18:59,
3120,3,3120,2022-11-17 19:18:59,2024-08-04 19:18:59,2023-09-05 19:18:59,2023-09-05 19:18:59,
3121,3,3121,2023-01-19 19:18:59,2023-12-15 19:18:59,2023-09-05 19:18:59,2023-09-05 19:18:59,
3122,2,3122,2022-12-22 19:18:59,2024-03-27 19:18:59,2023-09-05 19:18:59,2023-09-05 19:18:59,
3123,2,3123,2023-08-22 19:18:59,2023-10-29 19:18:59,2023-09-05 19:18:59,2023-09-05 19:18:59,
3124,2,3124,2023-08-24 19:18:59,2024-01-19 19:18:59,2023-09-05 19:18:59,2023-09-05 19:18:59,
3125,2,3125,2023-06-11 19:18:59,2024-01-06 19:18:59,2023-09-05 19:18:59,2023-09-05 19:18:59,
3126,2,3126,2023-02-19 19:18:59,2024-07-28 19:18:59,2023-09-05 19:18:59,2023-09-05 19:18:59,
3127,2,3127,2022-09-23 19:18:59,2024-02-18 19:18:59,2023-09-05 19:18:59,2023-09-05 19:18:59,
3128,3,3128,2023-08-28 19:18:59,2023-12-08 19:18:59,2023-09-05 19:18:59,2023-09-05 19:18:59,
3129,2,3129,2022-09-14 19:18:59,2024-04-12 19:18:59,2023-09-05 19:18:59,2023-09-05 19:18:59,
3130,3,3130,2022-10-17 19:18:59,2024-06-14 19:18:59,2023-09-05 19:18:59,2023-09-05 19:18:59,
3131,2,3131,2022-10-18 19:18:59,2024-09-02 19:18:59,2023-09-05 19:18:59,2023-09-05 19:18:59,
3132,3,3132,2023-08-09 19:18:59,2024-05-12 19:18:59,2023-09-05 19:18:59,2023-09-05 19:18:59,
3133,1,3133,2023-01-21 19:18:59,2024-08-02 19:18:59,2023-09-05 19:18:59,2023-09-05 19:18:59,
3134,2,3134,2022-11-05 19:18:59,2024-02-05 19:18:59,2023-09-05 19:18:59,2023-09-05 19:18:59,
3135,3,3135,2022-10-05 19:18:59,2023-10-28 19:18:59,2023-09-05 19:18:59,2023-09-05 19:18:59,
3136,1,3136,2022-10-28 19:18:59,2024-08-28 19:18:59,2023-09-05 19:18:59,2023-09-05 19:18:59,
3137,2,3137,2023-04-22 19:18:59,2023-11-27 19:18:59,2023-09-05 19:18:59,2023-09-05 19:18:59,
3138,1,3138,2023-02-22 19:18:59,2024-04-26 19:18:59,2023-09-05 19:18:59,2023-09-05 19:18:59,
3139,1,3139,2023-02-23 19:18:59,2024-05-09 19:18:59,2023-09-05 19:18:59,2023-09-05 19:18:59,
3140,2,3140,2023-04-07 19:18:59,2024-07-30 19:18:59,2023-09-05 19:18:59,2023-09-05 19:18:59,
3141,2,3141,2022-09-07 19:18:59,2024-03-31 19:18:59,2023-09-05 19:18:59,2023-09-05 19:18:59,
3142,1,3142,2023-02-02 19:18:59,2023-12-29 19:18:59,2023-09-05 19:18:59,2023-09-05 19:18:59,
3143,1,3143,2023-06-08 19:18:59,2024-03-16 19:18:59,2023-09-05 19:18:59,2023-09-05 19:18:59,
3144,2,3144,2023-06-16 19:18:59,2024-05-13 19:18:59,2023-09-05 19:18:59,2023-09-05 19:18:59,
3145,2,3145,2023-05-22 19:18:59,2023-11-15 19:18:59,2023-09-05 19:18:59,2023-09-05 19:18:59,
3146,2,3146,2022-11-29 19:18:59,2024-08-02 19:18:59,2023-09-05 19:18:59,2023-09-05 19:18:59,
3147,1,3147,2023-03-05 19:18:59,2024-07-10 19:18:59,2023-09-05 19:18:59,2023-09-05 19:18:59,
3148,1,3148,2023-05-30 19:18:59,2024-01-06 19:18:59,2023-09-05 19:18:59,2023-09-05 19:18:59,
3149,1,3149,2022-10-15 19:18:59,2024-02-02 19:18:59,2023-09-05 19:18:59,2023-09-05 19:18:59,
3150,3,3150,2023-04-16 19:18:59,2023-11-25 19:18:59,2023-09-05 19:18:59,2023-09-05 19:18:59,
3151,1,3151,2022-09-20 19:18:59,2024-03-07 19:18:59,2023-09-05 19:18:59,2023-09-05 19:18:59,
3152,1,3152,2023-08-09 19:18:59,2024-02-18 19:18:59,2023-09-05 19:18:59,2023-09-05 19:18:59,
3153,1,3153,2023-07-27 19:18:59,2024-02-18 19:18:59,2023-09-05 19:18:59,2023-09-05 19:18:59,
3154,1,3154,2023-05-16 19:18:59,2024-03-23 19:18:59,2023-09-05 19:18:59,2023-09-05 19:18:59,
3155,2,3155,2022-11-10 19:18:59,2024-04-28 19:18:59,2023-09-05 19:18:59,2023-09-05 19:18:59,
3156,3,3156,2023-06-06 19:18:59,2024-04-11 19:18:59,2023-09-05 19:18:59,2023-09-05 19:18:59,
3157,1,3157,2022-10-27 19:18:59,2024-04-04 19:18:59,2023-09-05 19:18:59,2023-09-05 19:18:59,
3158,1,3158,2023-04-06 19:18:59,2024-05-19 19:18:59,2023-09-05 19:18:59,2023-09-05 19:18:59,
3159,3,3159,2023-03-18 19:18:59,2024-05-22 19:18:59,2023-09-05 19:18:59,2023-09-05 19:18:59,
3160,1,3160,2023-08-06 19:18:59,2024-02-14 19:18:59,2023-09-05 19:18:59,2023-09-05 19:18:59,
3161,1,3161,2022-12-23 19:18:59,2024-04-26 19:18:59,2023-09-05 19:18:59,2023-09-05 19:18:59,
3162,1,3162,2023-06-30 19:18:59,2024-07-22 19:18:59,2023-09-05 19:18:59,2023-09-05 19:18:59,
3163,2,3163,2023-01-27 19:18:59,2024-05-16 19:18:59,2023-09-05 19:18:59,2023-09-05 19:18:59,
3164,2,3164,2023-06-01 19:18:59,2023-12-13 19:18:59,2023-09-05 19:18:59,2023-09-05 19:18:59,
3165,2,3165,2023-01-06 19:18:59,2024-08-13 19:18:59,2023-09-05 19:18:59,2023-09-05 19:18:59,
3166,2,3166,2023-08-26 19:18:59,2023-12-22 19:18:59,2023-09-05 19:18:59,2023-09-05 19:18:59,
3167,3,3167,2023-01-24 19:18:59,2024-01-28 19:18:59,2023-09-05 19:18:59,2023-09-05 19:18:59,
3168,2,3168,2023-06-25 19:18:59,2024-09-01 19:18:59,2023-09-05 19:18:59,2023-09-05 19:18:59,
3169,3,3169,2023-06-27 19:18:59,2024-03-21 19:18:59,2023-09-05 19:18:59,2023-09-05 19:18:59,
3170,1,3170,2022-09-16 19:18:59,2024-04-08 19:18:59,2023-09-05 19:18:59,2023-09-05 19:18:59,
3171,1,3171,2022-10-23 19:18:59,2024-04-16 19:18:59,2023-09-05 19:18:59,2023-09-05 19:18:59,
3172,2,3172,2022-10-28 19:18:59,2024-01-16 19:18:59,2023-09-05 19:18:59,2023-09-05 19:18:59,
3173,3,3173,2022-12-04 19:18:59,2024-03-10 19:18:59,2023-09-05 19:18:59,2023-09-05 19:18:59,
3174,1,3174,2022-11-30 19:18:59,2024-02-14 19:18:59,2023-09-05 19:18:59,2023-09-05 19:18:59,
3175,2,3175,2023-07-23 19:18:59,2024-01-01 19:18:59,2023-09-05 19:18:59,2023-09-05 19:18:59,
3176,2,3176,2022-12-22 19:18:59,2024-04-17 19:18:59,2023-09-05 19:18:59,2023-09-05 19:18:59,
3177,2,3177,2022-09-26 19:18:59,2024-01-08 19:18:59,2023-09-05 19:18:59,2023-09-05 19:18:59,
3178,1,3178,2022-11-27 19:18:59,2023-12-27 19:18:59,2023-09-05 19:18:59,2023-09-05 19:18:59,
3179,1,3179,2023-07-26 19:18:59,2024-08-28 19:18:59,2023-09-05 19:18:59,2023-09-05 19:18:59,
3180,1,3180,2023-04-03 19:18:59,2024-04-22 19:18:59,2023-09-05 19:18:59,2023-09-05 19:18:59,
3181,2,3181,2023-05-22 19:18:59,2024-06-14 19:18:59,2023-09-05 19:18:59,2023-09-05 19:18:59,
3182,2,3182,2022-11-02 19:18:59,2023-10-05 19:18:59,2023-09-05 19:18:59,2023-09-05 19:18:59,
3183,1,3183,2023-07-16 19:18:59,2024-01-10 19:18:59,2023-09-05 19:18:59,2023-09-05 19:18:59,
3184,2,3184,2023-03-28 19:18:59,2024-05-16 19:18:59,2023-09-05 19:18:59,2023-09-05 19:18:59,
3185,1,3185,2023-05-01 19:18:59,2023-12-03 19:18:59,2023-09-05 19:18:59,2023-09-05 19:18:59,
3186,2,3186,2023-06-20 19:18:59,2024-07-18 19:18:59,2023-09-05 19:18:59,2023-09-05 19:18:59,
3187,2,3187,2023-06-09 19:18:59,2024-01-08 19:18:59,2023-09-05 19:18:59,2023-09-05 19:18:59,
3188,1,3188,2023-01-20 19:18:59,2024-03-22 19:18:59,2023-09-05 19:18:59,2023-09-05 19:18:59,
3189,2,3189,2023-01-31 19:18:59,2024-02-17 19:18:59,2023-09-05 19:18:59,2023-09-05 19:18:59,
3190,2,3190,2022-10-14 19:18:59,2024-02-20 19:18:59,2023-09-05 19:18:59,2023-09-05 19:18:59,
3191,2,3191,2023-01-16 19:18:59,2024-03-27 19:18:59,2023-09-05 19:18:59,2023-09-05 19:18:59,
3192,3,3192,2023-04-02 19:18:59,2024-05-04 19:18:59,2023-09-05 19:18:59,2023-09-05 19:18:59,
3193,3,3193,2023-01-29 19:18:59,2024-05-15 19:18:59,2023-09-05 19:18:59,2023-09-05 19:18:59,
3194,2,3194,2023-04-14 19:18:59,2023-11-05 19:18:59,2023-09-05 19:18:59,2023-09-05 19:18:59,
3195,2,3195,2023-01-31 19:18:59,2024-02-13 19:18:59,2023-09-05 19:18:59,2023-09-05 19:18:59,
3196,1,3196,2023-03-02 19:18:59,2024-07-23 19:18:59,2023-09-05 19:18:59,2023-09-05 19:18:59,
3197,2,3197,2023-03-13 19:18:59,2024-05-10 19:18:59,2023-09-05 19:18:59,2023-09-05 19:18:59,
3198,3,3198,2023-03-14 19:18:59,2024-05-10 19:18:59,2023-09-05 19:18:59,2023-09-05 19:18:59,
3199,2,3199,2023-07-30 19:18:59,2024-02-26 19:18:59,2023-09-05 19:18:59,2023-09-05 19:18:59,
3200,2,3200,2023-01-19 19:18:59,2023-11-27 19:18:59,2023-09-05 19:18:59,2023-09-05 19:18:59,
3201,2,3201,2023-07-20 19:18:59,2024-07-28 19:18:59,2023-09-05 19:18:59,2023-09-05 19:18:59,
3202,3,3202,2022-09-08 19:18:59,2024-03-14 19:18:59,2023-09-05 19:18:59,2023-09-05 19:18:59,
3203,3,3203,2023-01-31 19:18:59,2024-06-03 19:18:59,2023-09-05 19:18:59,2023-09-05 19:18:59,
3204,1,3204,2023-03-22 19:18:59,2023-11-24 19:18:59,2023-09-05 19:18:59,2023-09-05 19:18:59,
3205,1,3205,2023-02-08 19:18:59,2024-03-03 19:18:59,2023-09-05 19:18:59,2023-09-05 19:18:59,
3206,2,3206,2023-03-29 19:18:59,2024-07-11 19:18:59,2023-09-05 19:18:59,2023-09-05 19:18:59,
3207,1,3207,2023-04-26 19:18:59,2024-04-10 19:18:59,2023-09-05 19:18:59,2023-09-05 19:18:59,
3208,3,3208,2023-02-15 19:18:59,2023-10-12 19:18:59,2023-09-05 19:18:59,2023-09-05 19:18:59,
3209,1,3209,2023-08-02 19:18:59,2023-11-01 19:18:59,2023-09-05 19:18:59,2023-09-05 19:18:59,
3210,1,3210,2023-01-11 19:18:59,2024-04-24 19:18:59,2023-09-05 19:18:59,2023-09-05 19:18:59,
3211,2,3211,2022-12-05 19:18:59,2024-01-02 19:18:59,2023-09-05 19:18:59,2023-09-05 19:18:59,
3212,1,3212,2023-08-15 19:18:59,2024-07-07 19:18:59,2023-09-05 19:18:59,2023-09-05 19:18:59,
3213,2,3213,2023-07-11 19:18:59,2023-10-13 19:18:59,2023-09-05 19:18:59,2023-09-05 19:18:59,
3214,2,3214,2022-09-14 19:18:59,2024-02-05 19:18:59,2023-09-05 19:18:59,2023-09-05 19:18:59,
3215,3,3215,2022-11-09 19:18:59,2024-06-04 19:18:59,2023-09-05 19:18:59,2023-09-05 19:18:59,
3216,2,3216,2023-06-23 19:18:59,2024-08-12 19:18:59,2023-09-05 19:18:59,2023-09-05 19:18:59,
3217,1,3217,2023-07-08 19:18:59,2024-02-04 19:18:59,2023-09-05 19:18:59,2023-09-05 19:18:59,
3218,1,3218,2023-05-27 19:18:59,2024-06-14 19:18:59,2023-09-05 19:18:59,2023-09-05 19:18:59,
3219,1,3219,2023-07-19 19:18:59,2024-06-26 19:18:59,2023-09-05 19:18:59,2023-09-05 19:18:59,
3220,1,3220,2022-12-22 19:18:59,2024-03-29 19:18:59,2023-09-05 19:18:59,2023-09-05 19:18:59,
3221,3,3221,2022-11-01 19:18:59,2024-08-23 19:18:59,2023-09-05 19:18:59,2023-09-05 19:18:59,
3222,3,3222,2023-03-06 19:18:59,2023-12-21 19:18:59,2023-09-05 19:18:59,2023-09-05 19:18:59,
3223,3,3223,2023-08-07 19:18:59,2023-10-31 19:18:59,2023-09-05 19:18:59,2023-09-05 19:18:59,
3224,2,3224,2022-12-04 19:18:59,2024-04-05 19:18:59,2023-09-05 19:18:59,2023-09-05 19:18:59,
3225,1,3225,2022-12-07 19:18:59,2024-02-29 19:18:59,2023-09-05 19:18:59,2023-09-05 19:18:59,
3226,2,3226,2022-11-01 19:18:59,2024-08-05 19:18:59,2023-09-05 19:18:59,2023-09-05 19:18:59,
3227,3,3227,2023-07-28 19:18:59,2024-06-30 19:18:59,2023-09-05 19:18:59,2023-09-05 19:18:59,
3228,3,3228,2023-04-02 19:18:59,2023-12-24 19:18:59,2023-09-05 19:18:59,2023-09-05 19:18:59,
3229,3,3229,2023-01-14 19:18:59,2023-10-22 19:18:59,2023-09-05 19:18:59,2023-09-05 19:18:59,
3230,1,3230,2023-05-26 19:18:59,2023-11-24 19:18:59,2023-09-05 19:18:59,2023-09-05 19:18:59,
3231,3,3231,2023-05-07 19:18:59,2024-06-10 19:18:59,2023-09-05 19:18:59,2023-09-05 19:18:59,
3232,1,3232,2023-07-25 19:18:59,2024-03-11 19:18:59,2023-09-05 19:18:59,2023-09-05 19:18:59,
3233,1,3233,2022-11-27 19:18:59,2024-05-27 19:18:59,2023-09-05 19:18:59,2023-09-05 19:18:59,
3234,1,3234,2023-05-21 19:18:59,2024-02-02 19:18:59,2023-09-05 19:18:59,2023-09-05 19:18:59,
3235,2,3235,2023-04-21 19:18:59,2024-06-19 19:18:59,2023-09-05 19:18:59,2023-09-05 19:18:59,
3236,1,3236,2023-05-15 19:18:59,2024-06-24 19:18:59,2023-09-05 19:18:59,2023-09-05 19:18:59,
3237,3,3237,2023-04-15 19:18:59,2024-05-05 19:18:59,2023-09-05 19:18:59,2023-09-05 19:18:59,
3238,1,3238,2023-02-06 19:18:59,2024-04-27 19:18:59,2023-09-05 19:18:59,2023-09-05 19:18:59,
3239,2,3239,2023-06-08 19:18:59,2023-10-25 19:18:59,2023-09-05 19:18:59,2023-09-05 19:18:59,
3240,2,3240,2022-11-30 19:18:59,2024-01-22 19:18:59,2023-09-05 19:18:59,2023-09-05 19:18:59,
3241,1,3241,2023-01-05 19:18:59,2024-01-28 19:18:59,2023-09-05 19:18:59,2023-09-05 19:18:59,
3242,1,3242,2022-10-02 19:18:59,2023-12-15 19:18:59,2023-09-05 19:18:59,2023-09-05 19:18:59,
3243,2,3243,2022-11-26 19:18:59,2023-11-20 19:18:59,2023-09-05 19:18:59,2023-09-05 19:18:59,
3244,1,3244,2023-01-25 19:18:59,2023-11-10 19:18:59,2023-09-05 19:18:59,2023-09-05 19:18:59,
3245,2,3245,2023-01-22 19:18:59,2024-04-11 19:18:59,2023-09-05 19:18:59,2023-09-05 19:18:59,
3246,2,3246,2022-12-23 19:18:59,2023-11-02 19:18:59,2023-09-05 19:18:59,2023-09-05 19:18:59,
3247,1,3247,2023-05-02 19:18:59,2024-05-29 19:18:59,2023-09-05 19:18:59,2023-09-05 19:18:59,
3248,1,3248,2023-06-30 19:18:59,2024-08-07 19:18:59,2023-09-05 19:18:59,2023-09-05 19:18:59,
3249,1,3249,2023-01-03 19:18:59,2024-01-21 19:18:59,2023-09-05 19:18:59,2023-09-05 19:18:59,
3250,3,3250,2023-04-29 19:18:59,2024-03-24 19:18:59,2023-09-05 19:18:59,2023-09-05 19:18:59,
3251,2,3251,2023-01-23 19:18:59,2024-04-10 19:18:59,2023-09-05 19:18:59,2023-09-05 19:18:59,
3252,2,3252,2023-02-16 19:18:59,2024-06-02 19:18:59,2023-09-05 19:18:59,2023-09-05 19:18:59,
3253,3,3253,2023-07-29 19:18:59,2024-06-23 19:18:59,2023-09-05 19:18:59,2023-09-05 19:18:59,
3254,1,3254,2022-11-04 19:18:59,2024-01-02 19:18:59,2023-09-05 19:18:59,2023-09-05 19:18:59,
3255,1,3255,2023-02-22 19:18:59,2024-01-25 19:18:59,2023-09-05 19:18:59,2023-09-05 19:18:59,
3256,2,3256,2023-04-26 19:18:59,2024-02-23 19:18:59,2023-09-05 19:18:59,2023-09-05 19:18:59,
3257,1,3257,2023-06-30 19:18:59,2024-01-16 19:18:59,2023-09-05 19:18:59,2023-09-05 19:18:59,
3258,3,3258,2022-09-07 19:18:59,2023-11-03 19:18:59,2023-09-05 19:18:59,2023-09-05 19:18:59,
3259,1,3259,2023-06-14 19:18:59,2024-04-16 19:18:59,2023-09-05 19:18:59,2023-09-05 19:18:59,
3260,3,3260,2023-05-23 19:18:59,2024-06-26 19:18:59,2023-09-05 19:18:59,2023-09-05 19:18:59,
3261,3,3261,2023-01-23 19:18:59,2024-07-09 19:18:59,2023-09-05 19:18:59,2023-09-05 19:18:59,
3262,2,3262,2023-08-04 19:18:59,2024-02-29 19:18:59,2023-09-05 19:18:59,2023-09-05 19:18:59,
3263,1,3263,2023-08-12 19:18:59,2023-11-02 19:18:59,2023-09-05 19:18:59,2023-09-05 19:18:59,
3264,1,3264,2022-12-16 19:18:59,2024-04-24 19:18:59,2023-09-05 19:18:59,2023-09-05 19:18:59,
3265,2,3265,2022-10-24 19:18:59,2024-09-02 19:18:59,2023-09-05 19:18:59,2023-09-05 19:18:59,
3266,3,3266,2023-04-28 19:18:59,2024-07-07 19:18:59,2023-09-05 19:18:59,2023-09-05 19:18:59,
3267,1,3267,2022-10-07 19:18:59,2024-01-12 19:18:59,2023-09-05 19:18:59,2023-09-05 19:18:59,
3268,1,3268,2023-02-22 19:18:59,2024-03-20 19:18:59,2023-09-05 19:18:59,2023-09-05 19:18:59,
3269,1,3269,2023-05-27 19:18:59,2023-11-12 19:18:59,2023-09-05 19:18:59,2023-09-05 19:18:59,
3270,1,3270,2022-12-21 19:18:59,2024-06-16 19:18:59,2023-09-05 19:18:59,2023-09-05 19:18:59,
3271,3,3271,2023-04-10 19:18:59,2024-03-26 19:18:59,2023-09-05 19:18:59,2023-09-05 19:18:59,
3272,2,3272,2023-03-06 19:18:59,2023-12-06 19:18:59,2023-09-05 19:18:59,2023-09-05 19:18:59,
3273,1,3273,2022-10-24 19:18:59,2023-12-01 19:18:59,2023-09-05 19:18:59,2023-09-05 19:18:59,
3274,2,3274,2022-10-20 19:18:59,2024-07-28 19:18:59,2023-09-05 19:18:59,2023-09-05 19:18:59,
3275,3,3275,2022-10-12 19:18:59,2024-05-11 19:18:59,2023-09-05 19:18:59,2023-09-05 19:18:59,
3276,1,3276,2023-07-20 19:18:59,2024-04-25 19:18:59,2023-09-05 19:18:59,2023-09-05 19:18:59,
3277,3,3277,2023-03-19 19:18:59,2024-08-05 19:18:59,2023-09-05 19:18:59,2023-09-05 19:18:59,
3278,3,3278,2022-12-21 19:18:59,2023-10-14 19:18:59,2023-09-05 19:18:59,2023-09-05 19:18:59,
3279,1,3279,2022-09-21 19:18:59,2024-08-11 19:18:59,2023-09-05 19:18:59,2023-09-05 19:18:59,
3280,3,3280,2023-05-07 19:18:59,2024-08-11 19:18:59,2023-09-05 19:18:59,2023-09-05 19:18:59,
3281,2,3281,2022-09-27 19:18:59,2024-02-10 19:18:59,2023-09-05 19:18:59,2023-09-05 19:18:59,
3282,3,3282,2023-01-08 19:18:59,2024-05-16 19:18:59,2023-09-05 19:18:59,2023-09-05 19:18:59,
3283,1,3283,2023-01-18 19:18:59,2024-01-11 19:18:59,2023-09-05 19:18:59,2023-09-05 19:18:59,
3284,1,3284,2022-10-25 19:18:59,2023-10-06 19:18:59,2023-09-05 19:18:59,2023-09-05 19:18:59,
3285,1,3285,2023-03-30 19:18:59,2023-12-31 19:18:59,2023-09-05 19:18:59,2023-09-05 19:18:59,
3286,1,3286,2022-12-11 19:18:59,2024-05-24 19:18:59,2023-09-05 19:18:59,2023-09-05 19:18:59,
3287,2,3287,2023-08-04 19:18:59,2024-03-25 19:18:59,2023-09-05 19:18:59,2023-09-05 19:18:59,
3288,3,3288,2023-08-04 19:18:59,2024-01-29 19:18:59,2023-09-05 19:18:59,2023-09-05 19:18:59,
3289,1,3289,2022-10-09 19:18:59,2024-02-17 19:18:59,2023-09-05 19:18:59,2023-09-05 19:18:59,
3290,2,3290,2022-12-26 19:18:59,2024-03-12 19:18:59,2023-09-05 19:18:59,2023-09-05 19:18:59,
3291,2,3291,2023-02-09 19:18:59,2023-11-01 19:18:59,2023-09-05 19:18:59,2023-09-05 19:18:59,
3292,2,3292,2023-02-25 19:18:59,2024-02-23 19:18:59,2023-09-05 19:18:59,2023-09-05 19:18:59,
3293,3,3293,2023-08-29 19:18:59,2024-02-01 19:18:59,2023-09-05 19:18:59,2023-09-05 19:18:59,
3294,2,3294,2023-03-23 19:18:59,2024-01-10 19:18:59,2023-09-05 19:18:59,2023-09-05 19:18:59,
3295,3,3295,2023-05-14 19:18:59,2023-10-25 19:18:59,2023-09-05 19:18:59,2023-09-05 19:18:59,
3296,2,3296,2022-12-17 19:18:59,2024-06-03 19:18:59,2023-09-05 19:18:59,2023-09-05 19:18:59,
3297,1,3297,2023-01-09 19:18:59,2024-06-05 19:18:59,2023-09-05 19:18:59,2023-09-05 19:18:59,
3298,3,3298,2023-05-20 19:18:59,2023-12-23 19:18:59,2023-09-05 19:18:59,2023-09-05 19:18:59,
3299,3,3299,2023-08-23 19:18:59,2024-06-26 19:18:59,2023-09-05 19:18:59,2023-09-05 19:18:59,
3300,1,3300,2022-11-21 19:18:59,2023-12-14 19:18:59,2023-09-05 19:18:59,2023-09-05 19:18:59,
3301,2,3301,2023-06-23 19:18:59,2023-10-17 19:18:59,2023-09-05 19:18:59,2023-09-05 19:18:59,
3302,3,3302,2023-02-04 19:18:59,2024-06-18 19:18:59,2023-09-05 19:18:59,2023-09-05 19:18:59,
3303,1,3303,2023-07-13 19:18:59,2024-04-08 19:18:59,2023-09-05 19:18:59,2023-09-05 19:18:59,
3304,1,3304,2022-10-06 19:18:59,2024-06-28 19:18:59,2023-09-05 19:18:59,2023-09-05 19:18:59,
3305,2,3305,2022-12-31 19:18:59,2024-04-29 19:18:59,2023-09-05 19:18:59,2023-09-05 19:18:59,
3306,3,3306,2022-12-22 19:18:59,2024-02-28 19:18:59,2023-09-05 19:18:59,2023-09-05 19:18:59,
3307,3,3307,2023-02-14 19:18:59,2024-04-15 19:18:59,2023-09-05 19:18:59,2023-09-05 19:18:59,
3308,1,3308,2023-06-06 19:18:59,2024-08-30 19:18:59,2023-09-05 19:18:59,2023-09-05 19:18:59,
3309,2,3309,2022-11-08 19:18:59,2024-06-16 19:18:59,2023-09-05 19:18:59,2023-09-05 19:18:59,
3310,1,3310,2022-10-09 19:18:59,2024-07-27 19:18:59,2023-09-05 19:18:59,2023-09-05 19:18:59,
3311,3,3311,2023-05-09 19:18:59,2024-06-30 19:18:59,2023-09-05 19:18:59,2023-09-05 19:18:59,
3312,3,3312,2023-06-20 19:18:59,2023-10-10 19:18:59,2023-09-05 19:18:59,2023-09-05 19:18:59,
3313,1,3313,2023-03-15 19:18:59,2023-10-28 19:18:59,2023-09-05 19:18:59,2023-09-05 19:18:59,
3314,2,3314,2023-03-20 19:18:59,2024-06-10 19:18:59,2023-09-05 19:18:59,2023-09-05 19:18:59,
3315,2,3315,2022-12-21 19:18:59,2024-04-02 19:18:59,2023-09-05 19:18:59,2023-09-05 19:18:59,
3316,3,3316,2022-09-05 19:18:59,2023-11-04 19:18:59,2023-09-05 19:18:59,2023-09-05 19:18:59,
3317,3,3317,2023-01-01 19:18:59,2024-05-19 19:18:59,2023-09-05 19:18:59,2023-09-05 19:18:59,
3318,3,3318,2023-01-17 19:18:59,2024-08-06 19:18:59,2023-09-05 19:18:59,2023-09-05 19:18:59,
3319,3,3319,2022-11-21 19:18:59,2024-04-23 19:18:59,2023-09-05 19:18:59,2023-09-05 19:18:59,
3320,1,3320,2022-10-28 19:18:59,2023-11-17 19:18:59,2023-09-05 19:18:59,2023-09-05 19:18:59,
3321,3,3321,2022-09-17 19:18:59,2024-07-07 19:18:59,2023-09-05 19:18:59,2023-09-05 19:18:59,
3322,1,3322,2023-05-18 19:18:59,2024-01-02 19:18:59,2023-09-05 19:18:59,2023-09-05 19:18:59,
3323,3,3323,2022-12-15 19:18:59,2024-02-20 19:18:59,2023-09-05 19:18:59,2023-09-05 19:18:59,
3324,2,3324,2023-01-15 19:18:59,2024-04-09 19:18:59,2023-09-05 19:18:59,2023-09-05 19:18:59,
3325,3,3325,2022-12-15 19:18:59,2024-09-02 19:18:59,2023-09-05 19:18:59,2023-09-05 19:18:59,
3326,2,3326,2023-04-12 19:18:59,2024-02-26 19:18:59,2023-09-05 19:18:59,2023-09-05 19:18:59,
3327,2,3327,2023-07-20 19:18:59,2024-08-16 19:18:59,2023-09-05 19:18:59,2023-09-05 19:18:59,
3328,1,3328,2023-08-06 19:18:59,2024-03-28 19:18:59,2023-09-05 19:18:59,2023-09-05 19:18:59,
3329,3,3329,2022-12-03 19:18:59,2024-03-15 19:18:59,2023-09-05 19:18:59,2023-09-05 19:18:59,
3330,1,3330,2022-09-23 19:18:59,2024-08-11 19:18:59,2023-09-05 19:18:59,2023-09-05 19:18:59,
3331,1,3331,2023-01-13 19:18:59,2024-02-14 19:18:59,2023-09-05 19:18:59,2023-09-05 19:18:59,
3332,2,3332,2023-04-11 19:18:59,2024-08-31 19:18:59,2023-09-05 19:18:59,2023-09-05 19:18:59,
3333,1,3333,2023-06-23 19:18:59,2024-03-06 19:18:59,2023-09-05 19:18:59,2023-09-05 19:18:59,
3334,1,3334,2022-12-27 19:18:59,2024-03-21 19:18:59,2023-09-05 19:18:59,2023-09-05 19:18:59,
3335,3,3335,2023-06-07 19:18:59,2024-04-27 19:18:59,2023-09-05 19:18:59,2023-09-05 19:18:59,
3336,1,3336,2023-08-20 19:18:59,2024-06-09 19:18:59,2023-09-05 19:18:59,2023-09-05 19:18:59,
3337,1,3337,2023-02-20 19:18:59,2023-12-12 19:18:59,2023-09-05 19:18:59,2023-09-05 19:18:59,
3338,2,3338,2023-08-13 19:18:59,2023-10-25 19:18:59,2023-09-05 19:18:59,2023-09-05 19:18:59,
3339,1,3339,2023-03-11 19:18:59,2023-12-05 19:18:59,2023-09-05 19:18:59,2023-09-05 19:18:59,
3340,1,3340,2023-01-31 19:18:59,2024-03-07 19:18:59,2023-09-05 19:18:59,2023-09-05 19:18:59,
3341,1,3341,2023-06-30 19:18:59,2024-08-21 19:18:59,2023-09-05 19:18:59,2023-09-05 19:18:59,
3342,2,3342,2022-11-15 19:18:59,2024-08-10 19:18:59,2023-09-05 19:18:59,2023-09-05 19:18:59,
3343,2,3343,2023-01-30 19:18:59,2024-02-12 19:18:59,2023-09-05 19:18:59,2023-09-05 19:18:59,
3344,3,3344,2023-02-13 19:18:59,2024-05-19 19:18:59,2023-09-05 19:18:59,2023-09-05 19:18:59,
3345,1,3345,2023-03-09 19:18:59,2023-10-19 19:18:59,2023-09-05 19:18:59,2023-09-05 19:18:59,
3346,3,3346,2022-11-01 19:18:59,2023-11-26 19:18:59,2023-09-05 19:18:59,2023-09-05 19:18:59,
3347,1,3347,2023-01-14 19:18:59,2023-10-07 19:18:59,2023-09-05 19:18:59,2023-09-05 19:18:59,
3348,3,3348,2022-11-08 19:18:59,2024-02-17 19:18:59,2023-09-05 19:18:59,2023-09-05 19:18:59,
3349,1,3349,2023-01-28 19:18:59,2024-03-13 19:18:59,2023-09-05 19:18:59,2023-09-05 19:18:59,
3350,3,3350,2022-11-10 19:18:59,2024-05-16 19:18:59,2023-09-05 19:18:59,2023-09-05 19:18:59,
3351,2,3351,2023-08-31 19:18:59,2024-06-11 19:18:59,2023-09-05 19:18:59,2023-09-05 19:18:59,
3352,2,3352,2023-03-22 19:18:59,2023-11-20 19:18:59,2023-09-05 19:18:59,2023-09-05 19:18:59,
3353,2,3353,2022-09-18 19:18:59,2024-08-24 19:18:59,2023-09-05 19:18:59,2023-09-05 19:18:59,
3354,3,3354,2022-10-03 19:18:59,2024-08-18 19:18:59,2023-09-05 19:18:59,2023-09-05 19:18:59,
3355,2,3355,2023-01-29 19:18:59,2024-07-13 19:18:59,2023-09-05 19:18:59,2023-09-05 19:18:59,
3356,2,3356,2022-09-25 19:18:59,2023-12-31 19:18:59,2023-09-05 19:18:59,2023-09-05 19:18:59,
3357,3,3357,2023-03-10 19:18:59,2024-04-24 19:18:59,2023-09-05 19:18:59,2023-09-05 19:18:59,
3358,2,3358,2023-07-28 19:18:59,2024-04-20 19:18:59,2023-09-05 19:18:59,2023-09-05 19:18:59,
3359,3,3359,2023-02-21 19:18:59,2023-12-13 19:18:59,2023-09-05 19:18:59,2023-09-05 19:18:59,
3360,2,3360,2023-03-10 19:18:59,2024-07-22 19:18:59,2023-09-05 19:18:59,2023-09-05 19:18:59,
3361,3,3361,2023-06-15 19:18:59,2024-04-26 19:18:59,2023-09-05 19:18:59,2023-09-05 19:18:59,
3362,3,3362,2023-05-05 19:18:59,2024-05-24 19:18:59,2023-09-05 19:18:59,2023-09-05 19:18:59,
3363,3,3363,2022-09-23 19:18:59,2024-06-03 19:18:59,2023-09-05 19:18:59,2023-09-05 19:18:59,
3364,3,3364,2022-10-01 19:18:59,2024-05-16 19:18:59,2023-09-05 19:18:59,2023-09-05 19:18:59,
3365,1,3365,2022-09-14 19:18:59,2024-06-18 19:18:59,2023-09-05 19:18:59,2023-09-05 19:18:59,
3366,1,3366,2023-07-15 19:18:59,2024-07-26 19:18:59,2023-09-05 19:18:59,2023-09-05 19:18:59,
3367,2,3367,2023-04-26 19:18:59,2024-05-04 19:18:59,2023-09-05 19:18:59,2023-09-05 19:18:59,
3368,3,3368,2023-01-10 19:18:59,2024-04-05 19:18:59,2023-09-05 19:18:59,2023-09-05 19:18:59,
3369,1,3369,2023-08-10 19:18:59,2024-04-16 19:18:59,2023-09-05 19:18:59,2023-09-05 19:18:59,
3370,2,3370,2022-12-17 19:18:59,2024-05-10 19:18:59,2023-09-05 19:18:59,2023-09-05 19:18:59,
3371,1,3371,2023-05-20 19:18:59,2024-06-17 19:18:59,2023-09-05 19:18:59,2023-09-05 19:18:59,
3372,3,3372,2023-05-28 19:18:59,2023-10-05 19:18:59,2023-09-05 19:18:59,2023-09-05 19:18:59,
3373,3,3373,2023-08-19 19:18:59,2023-11-25 19:18:59,2023-09-05 19:18:59,2023-09-05 19:18:59,
3374,1,3374,2023-03-26 19:18:59,2024-07-18 19:18:59,2023-09-05 19:18:59,2023-09-05 19:18:59,
3375,3,3375,2023-02-01 19:18:59,2024-01-08 19:18:59,2023-09-05 19:18:59,2023-09-05 19:18:59,
3376,1,3376,2023-01-18 19:18:59,2024-03-24 19:18:59,2023-09-05 19:18:59,2023-09-05 19:18:59,
3377,3,3377,2023-01-02 19:18:59,2024-06-24 19:18:59,2023-09-05 19:18:59,2023-09-05 19:18:59,
3378,1,3378,2022-10-07 19:18:59,2023-12-15 19:18:59,2023-09-05 19:18:59,2023-09-05 19:18:59,
3379,1,3379,2022-09-26 19:18:59,2024-04-11 19:18:59,2023-09-05 19:18:59,2023-09-05 19:18:59,
3380,2,3380,2023-06-28 19:18:59,2024-07-19 19:18:59,2023-09-05 19:18:59,2023-09-05 19:18:59,
3381,3,3381,2023-01-20 19:18:59,2023-11-13 19:18:59,2023-09-05 19:18:59,2023-09-05 19:18:59,
3382,2,3382,2022-12-12 19:18:59,2024-05-14 19:18:59,2023-09-05 19:18:59,2023-09-05 19:18:59,
3383,1,3383,2022-12-26 19:18:59,2023-11-11 19:18:59,2023-09-05 19:18:59,2023-09-05 19:18:59,
3384,1,3384,2023-07-15 19:18:59,2024-02-29 19:18:59,2023-09-05 19:18:59,2023-09-05 19:18:59,
3385,1,3385,2023-03-12 19:18:59,2024-02-27 19:18:59,2023-09-05 19:18:59,2023-09-05 19:18:59,
3386,3,3386,2023-09-04 19:18:59,2024-07-02 19:18:59,2023-09-05 19:18:59,2023-09-05 19:18:59,
3387,3,3387,2022-11-30 19:18:59,2024-02-27 19:18:59,2023-09-05 19:18:59,2023-09-05 19:18:59,
3388,2,3388,2023-02-03 19:18:59,2023-12-19 19:18:59,2023-09-05 19:18:59,2023-09-05 19:18:59,
3389,1,3389,2022-10-11 19:18:59,2024-02-27 19:18:59,2023-09-05 19:18:59,2023-09-05 19:18:59,
3390,2,3390,2023-04-10 19:18:59,2023-12-26 19:18:59,2023-09-05 19:18:59,2023-09-05 19:18:59,
3391,1,3391,2023-06-02 19:18:59,2023-12-07 19:18:59,2023-09-05 19:18:59,2023-09-05 19:18:59,
3392,1,3392,2022-11-15 19:18:59,2024-06-05 19:18:59,2023-09-05 19:18:59,2023-09-05 19:18:59,
3393,3,3393,2023-06-29 19:18:59,2024-05-06 19:18:59,2023-09-05 19:18:59,2023-09-05 19:18:59,
3394,1,3394,2022-11-18 19:18:59,2024-05-24 19:18:59,2023-09-05 19:18:59,2023-09-05 19:18:59,
3395,3,3395,2022-12-31 19:18:59,2024-07-13 19:18:59,2023-09-05 19:18:59,2023-09-05 19:18:59,
3396,3,3396,2022-12-13 19:18:59,2024-07-08 19:18:59,2023-09-05 19:18:59,2023-09-05 19:18:59,
3397,2,3397,2022-12-25 19:18:59,2024-01-06 19:18:59,2023-09-05 19:18:59,2023-09-05 19:18:59,
3398,3,3398,2022-11-10 19:18:59,2024-05-08 19:18:59,2023-09-05 19:18:59,2023-09-05 19:18:59,
3399,1,3399,2023-02-21 19:18:59,2024-07-09 19:18:59,2023-09-05 19:18:59,2023-09-05 19:18:59,
3400,3,3400,2022-12-22 19:18:59,2024-01-21 19:18:59,2023-09-05 19:18:59,2023-09-05 19:18:59,
3401,1,3401,2023-07-25 19:18:59,2024-04-21 19:18:59,2023-09-05 19:18:59,2023-09-05 19:18:59,
3402,1,3402,2023-08-25 19:18:59,2024-03-09 19:18:59,2023-09-05 19:18:59,2023-09-05 19:18:59,
3403,3,3403,2023-08-14 19:18:59,2023-12-04 19:18:59,2023-09-05 19:18:59,2023-09-05 19:18:59,
3404,2,3404,2022-10-19 19:18:59,2023-11-17 19:18:59,2023-09-05 19:18:59,2023-09-05 19:18:59,
3405,2,3405,2022-12-08 19:18:59,2024-04-05 19:18:59,2023-09-05 19:18:59,2023-09-05 19:18:59,
3406,2,3406,2023-04-26 19:18:59,2024-02-24 19:18:59,2023-09-05 19:18:59,2023-09-05 19:18:59,
3407,2,3407,2023-01-27 19:18:59,2024-07-23 19:18:59,2023-09-05 19:18:59,2023-09-05 19:18:59,
3408,2,3408,2023-05-24 19:18:59,2024-01-22 19:18:59,2023-09-05 19:18:59,2023-09-05 19:18:59,
3409,3,3409,2023-06-03 19:18:59,2024-08-07 19:18:59,2023-09-05 19:18:59,2023-09-05 19:18:59,
3410,3,3410,2022-12-17 19:18:59,2024-07-03 19:18:59,2023-09-05 19:18:59,2023-09-05 19:18:59,
3411,3,3411,2023-08-14 19:18:59,2024-06-24 19:18:59,2023-09-05 19:18:59,2023-09-05 19:18:59,
3412,2,3412,2023-02-16 19:18:59,2024-02-05 19:18:59,2023-09-05 19:18:59,2023-09-05 19:18:59,
3413,1,3413,2023-01-22 19:18:59,2024-02-01 19:18:59,2023-09-05 19:18:59,2023-09-05 19:18:59,
3414,3,3414,2023-02-28 19:18:59,2024-02-14 19:18:59,2023-09-05 19:18:59,2023-09-05 19:18:59,
3415,1,3415,2023-03-13 19:18:59,2024-05-29 19:18:59,2023-09-05 19:18:59,2023-09-05 19:18:59,
3416,3,3416,2023-02-02 19:18:59,2024-04-02 19:18:59,2023-09-05 19:18:59,2023-09-05 19:18:59,
3417,3,3417,2023-06-29 19:18:59,2024-01-27 19:18:59,2023-09-05 19:18:59,2023-09-05 19:18:59,
3418,1,3418,2023-01-07 19:18:59,2024-05-31 19:18:59,2023-09-05 19:18:59,2023-09-05 19:18:59,
3419,3,3419,2022-11-18 19:18:59,2024-03-20 19:18:59,2023-09-05 19:18:59,2023-09-05 19:18:59,
3420,2,3420,2023-05-05 19:18:59,2023-12-28 19:18:59,2023-09-05 19:18:59,2023-09-05 19:18:59,
3421,2,3421,2023-05-06 19:18:59,2024-01-01 19:18:59,2023-09-05 19:18:59,2023-09-05 19:18:59,
3422,2,3422,2023-08-06 19:18:59,2024-02-18 19:18:59,2023-09-05 19:18:59,2023-09-05 19:18:59,
3423,1,3423,2023-01-09 19:18:59,2024-01-15 19:18:59,2023-09-05 19:18:59,2023-09-05 19:18:59,
3424,1,3424,2022-10-14 19:18:59,2023-12-03 19:18:59,2023-09-05 19:18:59,2023-09-05 19:18:59,
3425,1,3425,2023-04-11 19:18:59,2024-03-23 19:18:59,2023-09-05 19:18:59,2023-09-05 19:18:59,
3426,2,3426,2023-02-18 19:18:59,2024-01-02 19:18:59,2023-09-05 19:18:59,2023-09-05 19:18:59,
3427,2,3427,2023-08-26 19:18:59,2024-03-29 19:18:59,2023-09-05 19:18:59,2023-09-05 19:18:59,
3428,3,3428,2023-02-12 19:18:59,2024-07-15 19:18:59,2023-09-05 19:18:59,2023-09-05 19:18:59,
3429,1,3429,2022-09-24 19:18:59,2024-04-02 19:18:59,2023-09-05 19:18:59,2023-09-05 19:18:59,
3430,1,3430,2023-09-02 19:18:59,2024-04-10 19:18:59,2023-09-05 19:18:59,2023-09-05 19:18:59,
3431,2,3431,2023-04-04 19:18:59,2024-04-20 19:18:59,2023-09-05 19:18:59,2023-09-05 19:18:59,
3432,1,3432,2023-02-21 19:18:59,2024-07-05 19:18:59,2023-09-05 19:18:59,2023-09-05 19:18:59,
3433,3,3433,2023-03-26 19:18:59,2024-08-29 19:18:59,2023-09-05 19:18:59,2023-09-05 19:18:59,
3434,1,3434,2023-05-10 19:18:59,2024-02-24 19:18:59,2023-09-05 19:18:59,2023-09-05 19:18:59,
3435,3,3435,2023-02-08 19:18:59,2024-01-20 19:18:59,2023-09-05 19:18:59,2023-09-05 19:18:59,
3436,2,3436,2023-02-28 19:18:59,2024-06-12 19:18:59,2023-09-05 19:18:59,2023-09-05 19:18:59,
3437,1,3437,2023-07-18 19:18:59,2024-05-29 19:18:59,2023-09-05 19:18:59,2023-09-05 19:18:59,
3438,2,3438,2023-08-26 19:18:59,2024-01-03 19:18:59,2023-09-05 19:18:59,2023-09-05 19:18:59,
3439,1,3439,2022-11-01 19:18:59,2024-05-06 19:18:59,2023-09-05 19:18:59,2023-09-05 19:18:59,
3440,2,3440,2023-03-15 19:18:59,2024-08-30 19:18:59,2023-09-05 19:18:59,2023-09-05 19:18:59,
3441,3,3441,2023-02-03 19:18:59,2024-02-23 19:18:59,2023-09-05 19:18:59,2023-09-05 19:18:59,
3442,1,3442,2023-01-07 19:18:59,2024-05-30 19:18:59,2023-09-05 19:18:59,2023-09-05 19:18:59,
3443,2,3443,2023-07-31 19:18:59,2024-07-10 19:18:59,2023-09-05 19:18:59,2023-09-05 19:18:59,
3444,1,3444,2022-12-01 19:18:59,2024-02-03 19:18:59,2023-09-05 19:18:59,2023-09-05 19:18:59,
3445,3,3445,2023-08-11 19:18:59,2024-08-29 19:18:59,2023-09-05 19:18:59,2023-09-05 19:18:59,
3446,2,3446,2023-04-17 19:18:59,2024-08-20 19:18:59,2023-09-05 19:18:59,2023-09-05 19:18:59,
3447,2,3447,2022-11-30 19:18:59,2024-08-28 19:18:59,2023-09-05 19:18:59,2023-09-05 19:18:59,
3448,3,3448,2023-01-25 19:18:59,2024-01-01 19:18:59,2023-09-05 19:18:59,2023-09-05 19:18:59,
3449,3,3449,2023-01-02 19:18:59,2024-01-11 19:18:59,2023-09-05 19:18:59,2023-09-05 19:18:59,
3450,2,3450,2022-09-26 19:18:59,2024-07-22 19:18:59,2023-09-05 19:18:59,2023-09-05 19:18:59,
3451,2,3451,2023-07-17 19:18:59,2024-08-25 19:18:59,2023-09-05 19:18:59,2023-09-05 19:18:59,
3452,1,3452,2022-12-10 19:18:59,2024-07-11 19:18:59,2023-09-05 19:18:59,2023-09-05 19:18:59,
3453,1,3453,2023-04-21 19:18:59,2023-10-21 19:18:59,2023-09-05 19:18:59,2023-09-05 19:18:59,
3454,1,3454,2022-09-25 19:18:59,2024-06-09 19:18:59,2023-09-05 19:18:59,2023-09-05 19:18:59,
3455,2,3455,2022-09-30 19:18:59,2023-10-29 19:18:59,2023-09-05 19:18:59,2023-09-05 19:18:59,
3456,2,3456,2023-08-13 19:18:59,2024-08-17 19:18:59,2023-09-05 19:18:59,2023-09-05 19:18:59,
3457,3,3457,2022-12-08 19:18:59,2024-02-09 19:18:59,2023-09-05 19:18:59,2023-09-05 19:18:59,
3458,2,3458,2023-04-15 19:18:59,2024-04-22 19:18:59,2023-09-05 19:18:59,2023-09-05 19:18:59,
3459,3,3459,2023-06-18 19:18:59,2023-10-26 19:18:59,2023-09-05 19:18:59,2023-09-05 19:18:59,
3460,1,3460,2023-03-20 19:18:59,2024-05-03 19:18:59,2023-09-05 19:18:59,2023-09-05 19:18:59,
3461,3,3461,2022-11-29 19:18:59,2024-08-30 19:18:59,2023-09-05 19:18:59,2023-09-05 19:18:59,
3462,3,3462,2022-12-22 19:18:59,2024-08-09 19:18:59,2023-09-05 19:18:59,2023-09-05 19:18:59,
3463,2,3463,2023-02-27 19:18:59,2023-12-28 19:18:59,2023-09-05 19:18:59,2023-09-05 19:18:59,
3464,3,3464,2023-02-26 19:18:59,2024-07-07 19:18:59,2023-09-05 19:18:59,2023-09-05 19:18:59,
3465,1,3465,2023-07-12 19:18:59,2024-02-17 19:18:59,2023-09-05 19:18:59,2023-09-05 19:18:59,
3466,3,3466,2023-08-21 19:18:59,2024-06-09 19:18:59,2023-09-05 19:18:59,2023-09-05 19:18:59,
3467,1,3467,2023-06-07 19:18:59,2023-12-30 19:18:59,2023-09-05 19:18:59,2023-09-05 19:18:59,
3468,2,3468,2022-11-11 19:18:59,2024-01-26 19:18:59,2023-09-05 19:18:59,2023-09-05 19:18:59,
3469,1,3469,2022-12-21 19:18:59,2024-07-01 19:18:59,2023-09-05 19:18:59,2023-09-05 19:18:59,
3470,1,3470,2023-04-13 19:18:59,2024-05-16 19:18:59,2023-09-05 19:18:59,2023-09-05 19:18:59,
3471,2,3471,2022-11-01 19:18:59,2024-01-30 19:18:59,2023-09-05 19:18:59,2023-09-05 19:18:59,
3472,2,3472,2022-11-04 19:18:59,2023-12-06 19:18:59,2023-09-05 19:18:59,2023-09-05 19:18:59,
3473,2,3473,2023-07-29 19:18:59,2024-07-09 19:18:59,2023-09-05 19:18:59,2023-09-05 19:18:59,
3474,2,3474,2023-05-22 19:18:59,2024-03-03 19:18:59,2023-09-05 19:18:59,2023-09-05 19:18:59,
3475,2,3475,2023-01-17 19:18:59,2024-08-18 19:18:59,2023-09-05 19:18:59,2023-09-05 19:18:59,
3476,3,3476,2023-05-17 19:18:59,2024-06-16 19:18:59,2023-09-05 19:18:59,2023-09-05 19:18:59,
3477,2,3477,2023-01-06 19:18:59,2024-01-22 19:18:59,2023-09-05 19:18:59,2023-09-05 19:18:59,
3478,2,3478,2023-06-13 19:18:59,2024-03-10 19:18:59,2023-09-05 19:18:59,2023-09-05 19:18:59,
3479,2,3479,2023-01-08 19:18:59,2023-10-05 19:18:59,2023-09-05 19:18:59,2023-09-05 19:18:59,
3480,3,3480,2023-07-25 19:18:59,2024-01-21 19:18:59,2023-09-05 19:18:59,2023-09-05 19:18:59,
3481,1,3481,2023-06-05 19:18:59,2024-07-03 19:18:59,2023-09-05 19:18:59,2023-09-05 19:18:59,
3482,3,3482,2022-12-30 19:18:59,2023-11-06 19:18:59,2023-09-05 19:18:59,2023-09-05 19:18:59,
3483,1,3483,2023-07-05 19:18:59,2024-02-27 19:18:59,2023-09-05 19:18:59,2023-09-05 19:18:59,
3484,2,3484,2023-03-07 19:18:59,2024-06-16 19:18:59,2023-09-05 19:18:59,2023-09-05 19:18:59,
3485,2,3485,2023-02-08 19:18:59,2024-01-22 19:18:59,2023-09-05 19:18:59,2023-09-05 19:18:59,
3486,2,3486,2022-12-15 19:18:59,2024-06-22 19:18:59,2023-09-05 19:18:59,2023-09-05 19:18:59,
3487,3,3487,2023-08-14 19:18:59,2024-07-12 19:18:59,2023-09-05 19:18:59,2023-09-05 19:18:59,
3488,2,3488,2023-07-10 19:18:59,2024-01-07 19:18:59,2023-09-05 19:18:59,2023-09-05 19:18:59,
3489,3,3489,2022-09-11 19:18:59,2023-12-04 19:18:59,2023-09-05 19:18:59,2023-09-05 19:18:59,
3490,2,3490,2023-08-26 19:18:59,2024-04-03 19:18:59,2023-09-05 19:18:59,2023-09-05 19:18:59,
3491,1,3491,2023-02-05 19:18:59,2024-03-06 19:18:59,2023-09-05 19:18:59,2023-09-05 19:18:59,
3492,3,3492,2022-09-30 19:18:59,2024-04-22 19:18:59,2023-09-05 19:18:59,2023-09-05 19:18:59,
3493,1,3493,2023-08-16 19:18:59,2023-12-13 19:18:59,2023-09-05 19:18:59,2023-09-05 19:18:59,
3494,1,3494,2023-08-28 19:18:59,2024-01-17 19:18:59,2023-09-05 19:18:59,2023-09-05 19:18:59,
3495,2,3495,2022-11-30 19:18:59,2023-12-29 19:18:59,2023-09-05 19:18:59,2023-09-05 19:18:59,
3496,1,3496,2023-01-08 19:18:59,2024-05-02 19:18:59,2023-09-05 19:18:59,2023-09-05 19:18:59,
3497,1,3497,2023-03-28 19:18:59,2024-07-15 19:18:59,2023-09-05 19:18:59,2023-09-05 19:18:59,
3498,1,3498,2023-04-01 19:18:59,2024-01-07 19:18:59,2023-09-05 19:18:59,2023-09-05 19:18:59,
3499,3,3499,2023-01-25 19:18:59,2023-10-16 19:18:59,2023-09-05 19:18:59,2023-09-05 19:18:59,
3500,1,3500,2023-06-23 19:18:59,2024-02-05 19:18:59,2023-09-05 19:18:59,2023-09-05 19:18:59,
3501,1,3501,2022-12-26 19:18:59,2024-02-02 19:18:59,2023-09-05 19:18:59,2023-09-05 19:18:59,
3502,2,3502,2023-04-25 19:18:59,2023-11-12 19:18:59,2023-09-05 19:18:59,2023-09-05 19:18:59,
3503,3,3503,2023-04-16 19:18:59,2024-02-19 19:18:59,2023-09-05 19:18:59,2023-09-05 19:18:59,
3504,2,3504,2023-08-17 19:18:59,2023-12-18 19:18:59,2023-09-05 19:18:59,2023-09-05 19:18:59,
3505,1,3505,2023-08-19 19:18:59,2023-11-09 19:18:59,2023-09-05 19:18:59,2023-09-05 19:18:59,
3506,3,3506,2023-03-19 19:18:59,2024-06-25 19:18:59,2023-09-05 19:18:59,2023-09-05 19:18:59,
3507,2,3507,2023-07-01 19:18:59,2024-06-22 19:18:59,2023-09-05 19:18:59,2023-09-05 19:18:59,
3508,1,3508,2022-12-03 19:18:59,2024-03-12 19:18:59,2023-09-05 19:18:59,2023-09-05 19:18:59,
3509,1,3509,2023-04-10 19:18:59,2024-04-06 19:18:59,2023-09-05 19:18:59,2023-09-05 19:18:59,
3510,1,3510,2023-01-22 19:18:59,2023-11-03 19:18:59,2023-09-05 19:18:59,2023-09-05 19:18:59,
3511,2,3511,2022-12-17 19:18:59,2023-10-31 19:18:59,2023-09-05 19:18:59,2023-09-05 19:18:59,
3512,2,3512,2023-08-06 19:18:59,2023-12-27 19:18:59,2023-09-05 19:18:59,2023-09-05 19:18:59,
3513,1,3513,2022-11-29 19:18:59,2024-01-29 19:18:59,2023-09-05 19:18:59,2023-09-05 19:18:59,
3514,1,3514,2023-09-05 19:18:59,2024-04-11 19:18:59,2023-09-05 19:18:59,2023-09-05 19:18:59,
3515,3,3515,2023-05-12 19:18:59,2024-01-18 19:18:59,2023-09-05 19:18:59,2023-09-05 19:18:59,
3516,3,3516,2022-10-05 19:18:59,2024-01-22 19:18:59,2023-09-05 19:18:59,2023-09-05 19:18:59,
3517,2,3517,2023-06-06 19:18:59,2024-06-23 19:18:59,2023-09-05 19:18:59,2023-09-05 19:18:59,
3518,3,3518,2022-10-17 19:18:59,2024-04-05 19:18:59,2023-09-05 19:18:59,2023-09-05 19:18:59,
3519,2,3519,2023-01-27 19:18:59,2023-11-16 19:18:59,2023-09-05 19:18:59,2023-09-05 19:18:59,
3520,1,3520,2022-12-01 19:18:59,2024-05-19 19:18:59,2023-09-05 19:18:59,2023-09-05 19:18:59,
3521,1,3521,2023-01-02 19:18:59,2024-04-25 19:18:59,2023-09-05 19:18:59,2023-09-05 19:18:59,
3522,1,3522,2022-12-23 19:18:59,2024-01-30 19:18:59,2023-09-05 19:18:59,2023-09-05 19:18:59,
3523,2,3523,2022-10-28 19:18:59,2023-12-25 19:18:59,2023-09-05 19:18:59,2023-09-05 19:18:59,
3524,1,3524,2022-09-15 19:18:59,2024-01-11 19:18:59,2023-09-05 19:18:59,2023-09-05 19:18:59,
3525,2,3525,2022-12-02 19:18:59,2024-02-11 19:18:59,2023-09-05 19:18:59,2023-09-05 19:18:59,
3526,3,3526,2023-07-13 19:18:59,2024-05-24 19:18:59,2023-09-05 19:18:59,2023-09-05 19:18:59,
3527,1,3527,2023-03-06 19:18:59,2024-06-17 19:18:59,2023-09-05 19:18:59,2023-09-05 19:18:59,
3528,3,3528,2023-01-06 19:18:59,2024-08-14 19:18:59,2023-09-05 19:18:59,2023-09-05 19:18:59,
3529,2,3529,2023-03-14 19:18:59,2024-06-19 19:18:59,2023-09-05 19:18:59,2023-09-05 19:18:59,
3530,1,3530,2023-01-08 19:18:59,2024-04-12 19:18:59,2023-09-05 19:18:59,2023-09-05 19:18:59,
3531,1,3531,2023-05-22 19:18:59,2024-03-12 19:18:59,2023-09-05 19:18:59,2023-09-05 19:18:59,
3532,1,3532,2023-04-05 19:18:59,2024-02-23 19:18:59,2023-09-05 19:18:59,2023-09-05 19:18:59,
3533,1,3533,2023-07-09 19:18:59,2023-10-06 19:18:59,2023-09-05 19:18:59,2023-09-05 19:18:59,
3534,1,3534,2022-12-05 19:18:59,2024-07-25 19:18:59,2023-09-05 19:18:59,2023-09-05 19:18:59,
3535,1,3535,2023-06-23 19:18:59,2024-02-06 19:18:59,2023-09-05 19:18:59,2023-09-05 19:18:59,
3536,3,3536,2023-08-13 19:18:59,2024-05-05 19:18:59,2023-09-05 19:18:59,2023-09-05 19:18:59,
3537,3,3537,2023-08-29 19:18:59,2024-02-11 19:18:59,2023-09-05 19:18:59,2023-09-05 19:18:59,
3538,1,3538,2022-12-25 19:18:59,2024-08-11 19:18:59,2023-09-05 19:18:59,2023-09-05 19:18:59,
3539,3,3539,2023-01-25 19:18:59,2024-01-20 19:18:59,2023-09-05 19:18:59,2023-09-05 19:18:59,
3540,1,3540,2022-10-16 19:18:59,2024-08-15 19:18:59,2023-09-05 19:18:59,2023-09-05 19:18:59,
3541,2,3541,2023-08-17 19:18:59,2024-02-07 19:18:59,2023-09-05 19:18:59,2023-09-05 19:18:59,
3542,3,3542,2023-04-20 19:18:59,2023-12-05 19:18:59,2023-09-05 19:18:59,2023-09-05 19:18:59,
3543,1,3543,2023-03-30 19:18:59,2024-01-12 19:18:59,2023-09-05 19:18:59,2023-09-05 19:18:59,
3544,3,3544,2023-02-16 19:18:59,2023-10-19 19:18:59,2023-09-05 19:18:59,2023-09-05 19:18:59,
3545,1,3545,2023-01-05 19:18:59,2024-04-20 19:18:59,2023-09-05 19:18:59,2023-09-05 19:18:59,
3546,3,3546,2023-08-17 19:18:59,2023-11-26 19:18:59,2023-09-05 19:18:59,2023-09-05 19:18:59,
3547,3,3547,2023-07-31 19:18:59,2024-06-07 19:18:59,2023-09-05 19:18:59,2023-09-05 19:18:59,
3548,3,3548,2023-05-29 19:18:59,2024-08-23 19:18:59,2023-09-05 19:18:59,2023-09-05 19:18:59,
3549,3,3549,2023-09-02 19:18:59,2024-05-12 19:18:59,2023-09-05 19:18:59,2023-09-05 19:18:59,
3550,1,3550,2022-10-19 19:18:59,2024-05-19 19:18:59,2023-09-05 19:18:59,2023-09-05 19:18:59,
3551,1,3551,2023-07-15 19:18:59,2024-01-16 19:18:59,2023-09-05 19:18:59,2023-09-05 19:18:59,
3552,2,3552,2023-03-24 19:18:59,2024-05-02 19:18:59,2023-09-05 19:18:59,2023-09-05 19:18:59,
3553,3,3553,2022-10-06 19:18:59,2024-01-27 19:18:59,2023-09-05 19:18:59,2023-09-05 19:18:59,
3554,1,3554,2023-01-02 19:18:59,2024-03-04 19:18:59,2023-09-05 19:18:59,2023-09-05 19:18:59,
3555,2,3555,2023-06-13 19:18:59,2024-02-27 19:18:59,2023-09-05 19:18:59,2023-09-05 19:18:59,
3556,3,3556,2023-07-17 19:18:59,2023-10-23 19:18:59,2023-09-05 19:18:59,2023-09-05 19:18:59,
3557,2,3557,2023-07-31 19:18:59,2024-04-28 19:18:59,2023-09-05 19:18:59,2023-09-05 19:18:59,
3558,1,3558,2022-12-18 19:18:59,2023-11-01 19:18:59,2023-09-05 19:18:59,2023-09-05 19:18:59,
3559,3,3559,2022-11-05 19:18:59,2024-01-07 19:18:59,2023-09-05 19:18:59,2023-09-05 19:18:59,
3560,1,3560,2023-02-25 19:18:59,2024-02-08 19:18:59,2023-09-05 19:18:59,2023-09-05 19:18:59,
3561,1,3561,2023-07-04 19:18:59,2024-05-16 19:18:59,2023-09-05 19:18:59,2023-09-05 19:18:59,
3562,1,3562,2022-10-03 19:18:59,2023-10-09 19:18:59,2023-09-05 19:18:59,2023-09-05 19:18:59,
3563,1,3563,2023-04-30 19:18:59,2024-05-09 19:18:59,2023-09-05 19:18:59,2023-09-05 19:18:59,
3564,1,3564,2023-01-09 19:18:59,2024-06-26 19:18:59,2023-09-05 19:18:59,2023-09-05 19:18:59,
3565,2,3565,2023-07-04 19:18:59,2024-07-08 19:18:59,2023-09-05 19:18:59,2023-09-05 19:18:59,
3566,3,3566,2023-04-18 19:18:59,2024-01-23 19:18:59,2023-09-05 19:18:59,2023-09-05 19:18:59,
3567,3,3567,2023-02-16 19:18:59,2024-02-18 19:18:59,2023-09-05 19:18:59,2023-09-05 19:18:59,
3568,1,3568,2023-08-07 19:18:59,2023-11-13 19:18:59,2023-09-05 19:18:59,2023-09-05 19:18:59,
3569,1,3569,2023-03-15 19:18:59,2024-08-31 19:18:59,2023-09-05 19:18:59,2023-09-05 19:18:59,
3570,1,3570,2022-11-16 19:18:59,2024-02-20 19:18:59,2023-09-05 19:18:59,2023-09-05 19:18:59,
3571,1,3571,2022-09-21 19:18:59,2024-01-11 19:18:59,2023-09-05 19:18:59,2023-09-05 19:18:59,
3572,3,3572,2022-10-02 19:18:59,2023-11-28 19:18:59,2023-09-05 19:18:59,2023-09-05 19:18:59,
3573,2,3573,2023-01-05 19:18:59,2024-02-24 19:18:59,2023-09-05 19:18:59,2023-09-05 19:18:59,
3574,1,3574,2023-03-01 19:18:59,2023-11-16 19:18:59,2023-09-05 19:18:59,2023-09-05 19:18:59,
3575,2,3575,2022-10-21 19:18:59,2023-12-24 19:18:59,2023-09-05 19:18:59,2023-09-05 19:18:59,
3576,1,3576,2023-07-10 19:18:59,2024-03-16 19:18:59,2023-09-05 19:18:59,2023-09-05 19:18:59,
3577,1,3577,2023-05-19 19:18:59,2024-01-21 19:18:59,2023-09-05 19:18:59,2023-09-05 19:18:59,
3578,1,3578,2023-03-28 19:18:59,2023-10-23 19:18:59,2023-09-05 19:18:59,2023-09-05 19:18:59,
3579,3,3579,2023-04-24 19:18:59,2024-06-01 19:18:59,2023-09-05 19:18:59,2023-09-05 19:18:59,
3580,1,3580,2023-04-17 19:18:59,2024-04-08 19:18:59,2023-09-05 19:18:59,2023-09-05 19:18:59,
3581,1,3581,2023-03-09 19:18:59,2024-01-28 19:18:59,2023-09-05 19:18:59,2023-09-05 19:18:59,
3582,2,3582,2022-11-24 19:18:59,2024-07-27 19:18:59,2023-09-05 19:18:59,2023-09-05 19:18:59,
3583,1,3583,2023-07-17 19:18:59,2024-03-05 19:18:59,2023-09-05 19:18:59,2023-09-05 19:18:59,
3584,3,3584,2022-12-09 19:18:59,2024-03-24 19:18:59,2023-09-05 19:18:59,2023-09-05 19:18:59,
3585,1,3585,2022-11-30 19:18:59,2024-04-14 19:18:59,2023-09-05 19:18:59,2023-09-05 19:18:59,
3586,2,3586,2023-08-23 19:18:59,2024-08-24 19:18:59,2023-09-05 19:18:59,2023-09-05 19:18:59,
3587,1,3587,2023-07-19 19:18:59,2024-01-10 19:18:59,2023-09-05 19:18:59,2023-09-05 19:18:59,
3588,3,3588,2023-08-23 19:18:59,2024-02-14 19:18:59,2023-09-05 19:18:59,2023-09-05 19:18:59,
3589,1,3589,2023-07-08 19:18:59,2024-06-17 19:18:59,2023-09-05 19:18:59,2023-09-05 19:18:59,
3590,1,3590,2023-08-27 19:18:59,2024-03-01 19:18:59,2023-09-05 19:18:59,2023-09-05 19:18:59,
3591,2,3591,2023-05-04 19:18:59,2024-03-16 19:18:59,2023-09-05 19:18:59,2023-09-05 19:18:59,
3592,1,3592,2022-09-05 19:18:59,2023-11-18 19:18:59,2023-09-05 19:18:59,2023-09-05 19:18:59,
3593,1,3593,2022-11-12 19:18:59,2024-08-16 19:18:59,2023-09-05 19:18:59,2023-09-05 19:18:59,
3594,1,3594,2022-09-16 19:18:59,2024-08-28 19:18:59,2023-09-05 19:18:59,2023-09-05 19:18:59,
3595,1,3595,2022-11-16 19:18:59,2024-06-10 19:18:59,2023-09-05 19:18:59,2023-09-05 19:18:59,
3596,2,3596,2022-10-05 19:18:59,2023-12-05 19:18:59,2023-09-05 19:18:59,2023-09-05 19:18:59,
3597,3,3597,2023-06-28 19:18:59,2024-05-13 19:18:59,2023-09-05 19:18:59,2023-09-05 19:18:59,
3598,3,3598,2023-06-25 19:18:59,2024-01-12 19:18:59,2023-09-05 19:18:59,2023-09-05 19:18:59,
3599,2,3599,2023-03-02 19:18:59,2024-08-02 19:18:59,2023-09-05 19:18:59,2023-09-05 19:18:59,
3600,1,3600,2023-05-05 19:18:59,2024-06-23 19:18:59,2023-09-05 19:18:59,2023-09-05 19:18:59,
3601,3,3601,2023-02-13 19:18:59,2024-02-08 19:18:59,2023-09-05 19:18:59,2023-09-05 19:18:59,
3602,2,3602,2023-05-17 19:18:59,2024-04-22 19:18:59,2023-09-05 19:18:59,2023-09-05 19:18:59,
3603,2,3603,2023-01-27 19:18:59,2024-07-24 19:18:59,2023-09-05 19:18:59,2023-09-05 19:18:59,
3604,1,3604,2023-04-27 19:18:59,2024-07-12 19:18:59,2023-09-05 19:18:59,2023-09-05 19:18:59,
3605,2,3605,2023-06-02 19:18:59,2024-07-03 19:18:59,2023-09-05 19:18:59,2023-09-05 19:18:59,
3606,3,3606,2022-12-22 19:18:59,2024-04-25 19:18:59,2023-09-05 19:18:59,2023-09-05 19:18:59,
3607,2,3607,2023-04-21 19:18:59,2024-02-29 19:18:59,2023-09-05 19:18:59,2023-09-05 19:18:59,
3608,3,3608,2023-06-02 19:18:59,2024-01-31 19:18:59,2023-09-05 19:18:59,2023-09-05 19:18:59,
3609,3,3609,2023-05-13 19:18:59,2023-10-27 19:18:59,2023-09-05 19:18:59,2023-09-05 19:18:59,
3610,3,3610,2023-05-01 19:18:59,2024-06-17 19:18:59,2023-09-05 19:18:59,2023-09-05 19:18:59,
3611,2,3611,2023-06-10 19:18:59,2024-06-27 19:18:59,2023-09-05 19:18:59,2023-09-05 19:18:59,
3612,1,3612,2023-08-15 19:18:59,2024-08-06 19:18:59,2023-09-05 19:18:59,2023-09-05 19:18:59,
3613,3,3613,2023-02-24 19:18:59,2024-02-21 19:18:59,2023-09-05 19:18:59,2023-09-05 19:18:59,
3614,2,3614,2023-07-15 19:18:59,2023-10-13 19:18:59,2023-09-05 19:18:59,2023-09-05 19:18:59,
3615,1,3615,2023-06-20 19:18:59,2024-07-12 19:18:59,2023-09-05 19:18:59,2023-09-05 19:18:59,
3616,2,3616,2023-04-09 19:18:59,2024-01-11 19:18:59,2023-09-05 19:18:59,2023-09-05 19:18:59,
3617,1,3617,2023-02-04 19:18:59,2024-05-01 19:18:59,2023-09-05 19:18:59,2023-09-05 19:18:59,
3618,2,3618,2023-08-21 19:18:59,2024-05-24 19:18:59,2023-09-05 19:18:59,2023-09-05 19:18:59,
3619,3,3619,2023-06-22 19:18:59,2024-02-12 19:18:59,2023-09-05 19:18:59,2023-09-05 19:18:59,
3620,2,3620,2023-07-15 19:18:59,2024-05-11 19:18:59,2023-09-05 19:18:59,2023-09-05 19:18:59,
3621,1,3621,2023-03-16 19:18:59,2024-03-23 19:18:59,2023-09-05 19:18:59,2023-09-05 19:18:59,
3622,1,3622,2023-06-05 19:18:59,2024-06-16 19:18:59,2023-09-05 19:18:59,2023-09-05 19:18:59,
3623,2,3623,2023-05-26 19:18:59,2024-07-28 19:18:59,2023-09-05 19:18:59,2023-09-05 19:18:59,
3624,2,3624,2023-08-26 19:18:59,2023-10-13 19:18:59,2023-09-05 19:18:59,2023-09-05 19:18:59,
3625,3,3625,2023-01-01 19:18:59,2024-06-01 19:18:59,2023-09-05 19:18:59,2023-09-05 19:18:59,
3626,2,3626,2023-03-09 19:18:59,2024-05-29 19:18:59,2023-09-05 19:18:59,2023-09-05 19:18:59,
3627,1,3627,2022-12-10 19:18:59,2024-06-30 19:18:59,2023-09-05 19:18:59,2023-09-05 19:18:59,
3628,2,3628,2023-02-19 19:18:59,2024-05-16 19:18:59,2023-09-05 19:18:59,2023-09-05 19:18:59,
3629,2,3629,2023-01-27 19:18:59,2024-04-15 19:18:59,2023-09-05 19:18:59,2023-09-05 19:18:59,
3630,1,3630,2022-12-29 19:18:59,2024-05-03 19:18:59,2023-09-05 19:18:59,2023-09-05 19:18:59,
3631,2,3631,2022-12-03 19:18:59,2024-03-01 19:18:59,2023-09-05 19:18:59,2023-09-05 19:18:59,
3632,1,3632,2022-11-17 19:18:59,2024-07-11 19:18:59,2023-09-05 19:18:59,2023-09-05 19:18:59,
3633,1,3633,2023-01-03 19:18:59,2023-11-30 19:18:59,2023-09-05 19:18:59,2023-09-05 19:18:59,
3634,1,3634,2022-12-13 19:18:59,2024-04-03 19:18:59,2023-09-05 19:18:59,2023-09-05 19:18:59,
3635,1,3635,2023-02-13 19:18:59,2024-06-09 19:18:59,2023-09-05 19:18:59,2023-09-05 19:18:59,
3636,2,3636,2022-12-07 19:18:59,2024-06-08 19:18:59,2023-09-05 19:18:59,2023-09-05 19:18:59,
3637,3,3637,2023-07-23 19:18:59,2024-03-15 19:18:59,2023-09-05 19:18:59,2023-09-05 19:18:59,
3638,3,3638,2023-04-05 19:18:59,2024-02-08 19:18:59,2023-09-05 19:18:59,2023-09-05 19:18:59,
3639,1,3639,2023-02-22 19:18:59,2024-05-18 19:18:59,2023-09-05 19:18:59,2023-09-05 19:18:59,
3640,3,3640,2023-02-13 19:18:59,2023-11-10 19:18:59,2023-09-05 19:18:59,2023-09-05 19:18:59,
3641,1,3641,2023-02-18 19:18:59,2024-03-28 19:18:59,2023-09-05 19:18:59,2023-09-05 19:18:59,
3642,1,3642,2023-03-27 19:18:59,2024-07-25 19:18:59,2023-09-05 19:18:59,2023-09-05 19:18:59,
3643,1,3643,2022-12-01 19:18:59,2024-04-20 19:18:59,2023-09-05 19:18:59,2023-09-05 19:18:59,
3644,2,3644,2022-11-07 19:18:59,2024-09-04 19:18:59,2023-09-05 19:18:59,2023-09-05 19:18:59,
3645,2,3645,2022-12-19 19:18:59,2024-08-12 19:18:59,2023-09-05 19:18:59,2023-09-05 19:18:59,
3646,3,3646,2022-10-29 19:18:59,2024-03-01 19:18:59,2023-09-05 19:18:59,2023-09-05 19:18:59,
3647,3,3647,2023-08-22 19:18:59,2024-06-20 19:18:59,2023-09-05 19:18:59,2023-09-05 19:18:59,
3648,2,3648,2023-06-29 19:18:59,2024-02-28 19:18:59,2023-09-05 19:18:59,2023-09-05 19:18:59,
3649,1,3649,2023-05-22 19:18:59,2024-07-17 19:18:59,2023-09-05 19:18:59,2023-09-05 19:18:59,
3650,1,3650,2023-05-12 19:18:59,2024-03-13 19:18:59,2023-09-05 19:18:59,2023-09-05 19:18:59,
3651,2,3651,2023-02-15 19:18:59,2023-11-17 19:18:59,2023-09-05 19:18:59,2023-09-05 19:18:59,
3652,2,3652,2022-09-05 19:18:59,2024-01-29 19:18:59,2023-09-05 19:18:59,2023-09-05 19:18:59,
3653,3,3653,2022-09-19 19:18:59,2024-05-26 19:18:59,2023-09-05 19:18:59,2023-09-05 19:18:59,
3654,3,3654,2023-02-08 19:18:59,2024-06-12 19:18:59,2023-09-05 19:18:59,2023-09-05 19:18:59,
3655,1,3655,2023-06-08 19:18:59,2024-03-12 19:18:59,2023-09-05 19:18:59,2023-09-05 19:18:59,
3656,3,3656,2023-02-26 19:18:59,2024-02-21 19:18:59,2023-09-05 19:18:59,2023-09-05 19:18:59,
3657,1,3657,2022-11-27 19:18:59,2023-10-08 19:18:59,2023-09-05 19:18:59,2023-09-05 19:18:59,
3658,3,3658,2023-03-11 19:18:59,2024-08-02 19:18:59,2023-09-05 19:18:59,2023-09-05 19:18:59,
3659,2,3659,2023-06-01 19:18:59,2024-01-10 19:18:59,2023-09-05 19:18:59,2023-09-05 19:18:59,
3660,2,3660,2022-12-10 19:18:59,2023-11-22 19:18:59,2023-09-05 19:18:59,2023-09-05 19:18:59,
3661,1,3661,2023-06-22 19:18:59,2024-08-29 19:18:59,2023-09-05 19:18:59,2023-09-05 19:18:59,
3662,2,3662,2023-01-30 19:18:59,2024-05-31 19:18:59,2023-09-05 19:18:59,2023-09-05 19:18:59,
3663,2,3663,2023-01-05 19:18:59,2024-08-16 19:18:59,2023-09-05 19:18:59,2023-09-05 19:18:59,
3664,2,3664,2023-04-05 19:18:59,2024-03-13 19:18:59,2023-09-05 19:18:59,2023-09-05 19:18:59,
3665,1,3665,2023-02-09 19:18:59,2023-10-20 19:18:59,2023-09-05 19:18:59,2023-09-05 19:18:59,
3666,1,3666,2023-02-13 19:18:59,2024-02-21 19:18:59,2023-09-05 19:18:59,2023-09-05 19:18:59,
3667,2,3667,2022-11-11 19:18:59,2023-10-24 19:18:59,2023-09-05 19:18:59,2023-09-05 19:18:59,
3668,1,3668,2023-02-06 19:18:59,2024-03-24 19:18:59,2023-09-05 19:18:59,2023-09-05 19:18:59,
3669,3,3669,2023-06-09 19:18:59,2024-09-01 19:18:59,2023-09-05 19:18:59,2023-09-05 19:18:59,
3670,2,3670,2023-04-14 19:18:59,2024-01-24 19:18:59,2023-09-05 19:18:59,2023-09-05 19:18:59,
3671,2,3671,2023-04-16 19:18:59,2024-05-10 19:18:59,2023-09-05 19:18:59,2023-09-05 19:18:59,
3672,3,3672,2022-11-21 19:18:59,2024-09-02 19:18:59,2023-09-05 19:18:59,2023-09-05 19:18:59,
3673,2,3673,2022-12-19 19:18:59,2024-01-29 19:18:59,2023-09-05 19:18:59,2023-09-05 19:18:59,
3674,2,3674,2023-04-17 19:18:59,2024-02-24 19:18:59,2023-09-05 19:18:59,2023-09-05 19:18:59,
3675,3,3675,2022-10-26 19:18:59,2024-03-20 19:18:59,2023-09-05 19:18:59,2023-09-05 19:18:59,
3676,2,3676,2022-11-26 19:18:59,2024-03-05 19:18:59,2023-09-05 19:18:59,2023-09-05 19:18:59,
3677,1,3677,2023-04-01 19:18:59,2023-12-08 19:18:59,2023-09-05 19:18:59,2023-09-05 19:18:59,
3678,2,3678,2023-01-22 19:18:59,2024-05-13 19:18:59,2023-09-05 19:18:59,2023-09-05 19:18:59,
3679,3,3679,2023-03-04 19:18:59,2024-07-08 19:18:59,2023-09-05 19:18:59,2023-09-05 19:18:59,
3680,2,3680,2022-11-08 19:18:59,2024-03-07 19:18:59,2023-09-05 19:18:59,2023-09-05 19:18:59,
3681,2,3681,2023-07-20 19:18:59,2024-06-25 19:18:59,2023-09-05 19:18:59,2023-09-05 19:18:59,
3682,1,3682,2023-02-14 19:18:59,2024-05-12 19:18:59,2023-09-05 19:18:59,2023-09-05 19:18:59,
3683,2,3683,2023-08-02 19:18:59,2024-03-26 19:18:59,2023-09-05 19:18:59,2023-09-05 19:18:59,
3684,1,3684,2023-03-29 19:18:59,2024-08-11 19:18:59,2023-09-05 19:18:59,2023-09-05 19:18:59,
3685,1,3685,2022-09-23 19:18:59,2023-12-07 19:18:59,2023-09-05 19:18:59,2023-09-05 19:18:59,
3686,1,3686,2023-08-27 19:18:59,2024-06-07 19:18:59,2023-09-05 19:18:59,2023-09-05 19:18:59,
3687,3,3687,2022-10-27 19:18:59,2024-04-07 19:18:59,2023-09-05 19:18:59,2023-09-05 19:18:59,
3688,3,3688,2023-04-12 19:18:59,2024-05-17 19:18:59,2023-09-05 19:18:59,2023-09-05 19:18:59,
3689,2,3689,2023-05-03 19:18:59,2024-09-03 19:18:59,2023-09-05 19:18:59,2023-09-05 19:18:59,
3690,1,3690,2022-12-10 19:18:59,2024-03-31 19:18:59,2023-09-05 19:18:59,2023-09-05 19:18:59,
3691,1,3691,2023-04-13 19:18:59,2024-07-08 19:18:59,2023-09-05 19:18:59,2023-09-05 19:18:59,
3692,1,3692,2023-05-04 19:18:59,2024-01-28 19:18:59,2023-09-05 19:18:59,2023-09-05 19:18:59,
3693,2,3693,2023-01-02 19:18:59,2024-05-17 19:18:59,2023-09-05 19:18:59,2023-09-05 19:18:59,
3694,3,3694,2023-02-19 19:18:59,2024-07-17 19:18:59,2023-09-05 19:18:59,2023-09-05 19:18:59,
3695,1,3695,2023-03-11 19:18:59,2024-04-09 19:18:59,2023-09-05 19:18:59,2023-09-05 19:18:59,
3696,2,3696,2023-02-19 19:18:59,2024-08-14 19:18:59,2023-09-05 19:18:59,2023-09-05 19:18:59,
3697,2,3697,2022-10-13 19:18:59,2023-10-15 19:18:59,2023-09-05 19:18:59,2023-09-05 19:18:59,
3698,1,3698,2023-03-06 19:18:59,2023-10-25 19:18:59,2023-09-05 19:18:59,2023-09-05 19:18:59,
3699,1,3699,2023-01-12 19:18:59,2024-07-01 19:18:59,2023-09-05 19:18:59,2023-09-05 19:18:59,
3700,3,3700,2023-08-23 19:18:59,2024-06-28 19:18:59,2023-09-05 19:18:59,2023-09-05 19:18:59,
3701,3,3701,2023-06-04 19:18:59,2024-03-11 19:18:59,2023-09-05 19:18:59,2023-09-05 19:18:59,
3702,2,3702,2022-11-26 19:18:59,2024-05-25 19:18:59,2023-09-05 19:18:59,2023-09-05 19:18:59,
3703,1,3703,2023-07-30 19:18:59,2024-05-03 19:18:59,2023-09-05 19:18:59,2023-09-05 19:18:59,
3704,1,3704,2023-05-28 19:18:59,2024-03-24 19:18:59,2023-09-05 19:18:59,2023-09-05 19:18:59,
3705,1,3705,2022-09-06 19:18:59,2023-11-14 19:18:59,2023-09-05 19:18:59,2023-09-05 19:18:59,
3706,3,3706,2022-10-30 19:18:59,2024-05-17 19:18:59,2023-09-05 19:18:59,2023-09-05 19:18:59,
3707,2,3707,2023-01-30 19:18:59,2024-06-27 19:18:59,2023-09-05 19:18:59,2023-09-05 19:18:59,
3708,2,3708,2023-03-07 19:18:59,2023-10-30 19:18:59,2023-09-05 19:18:59,2023-09-05 19:18:59,
3709,3,3709,2023-07-23 19:18:59,2024-02-02 19:18:59,2023-09-05 19:18:59,2023-09-05 19:18:59,
3710,1,3710,2023-06-07 19:18:59,2023-12-21 19:18:59,2023-09-05 19:18:59,2023-09-05 19:18:59,
3711,1,3711,2023-06-27 19:18:59,2023-11-09 19:18:59,2023-09-05 19:18:59,2023-09-05 19:18:59,
3712,3,3712,2023-05-10 19:18:59,2023-12-03 19:18:59,2023-09-05 19:18:59,2023-09-05 19:18:59,
3713,2,3713,2023-04-01 19:18:59,2023-10-09 19:18:59,2023-09-05 19:18:59,2023-09-05 19:18:59,
3714,3,3714,2022-12-04 19:18:59,2024-03-24 19:18:59,2023-09-05 19:18:59,2023-09-05 19:18:59,
3715,1,3715,2023-04-28 19:18:59,2024-04-29 19:18:59,2023-09-05 19:18:59,2023-09-05 19:18:59,
3716,3,3716,2023-05-10 19:18:59,2024-03-17 19:18:59,2023-09-05 19:18:59,2023-09-05 19:18:59,
3717,2,3717,2023-08-06 19:18:59,2023-10-16 19:18:59,2023-09-05 19:18:59,2023-09-05 19:18:59,
3718,2,3718,2023-01-06 19:18:59,2024-08-21 19:18:59,2023-09-05 19:18:59,2023-09-05 19:18:59,
3719,1,3719,2022-10-30 19:18:59,2024-01-03 19:18:59,2023-09-05 19:18:59,2023-09-05 19:18:59,
3720,2,3720,2023-07-30 19:18:59,2023-10-07 19:18:59,2023-09-05 19:18:59,2023-09-05 19:18:59,
3721,1,3721,2023-02-12 19:18:59,2024-07-12 19:18:59,2023-09-05 19:18:59,2023-09-05 19:18:59,
3722,1,3722,2023-08-27 19:18:59,2024-07-04 19:18:59,2023-09-05 19:18:59,2023-09-05 19:18:59,
3723,1,3723,2023-05-10 19:18:59,2024-05-15 19:18:59,2023-09-05 19:18:59,2023-09-05 19:18:59,
3724,2,3724,2023-07-07 19:18:59,2024-04-26 19:18:59,2023-09-05 19:18:59,2023-09-05 19:18:59,
3725,2,3725,2023-07-24 19:18:59,2023-12-12 19:18:59,2023-09-05 19:18:59,2023-09-05 19:18:59,
3726,1,3726,2022-10-17 19:18:59,2024-01-17 19:18:59,2023-09-05 19:18:59,2023-09-05 19:18:59,
3727,2,3727,2023-03-07 19:18:59,2024-07-25 19:18:59,2023-09-05 19:18:59,2023-09-05 19:18:59,
3728,2,3728,2023-06-02 19:18:59,2024-03-08 19:18:59,2023-09-05 19:18:59,2023-09-05 19:18:59,
3729,2,3729,2022-12-16 19:18:59,2024-06-22 19:18:59,2023-09-05 19:18:59,2023-09-05 19:18:59,
3730,3,3730,2023-08-24 19:18:59,2024-03-16 19:18:59,2023-09-05 19:18:59,2023-09-05 19:18:59,
3731,3,3731,2023-06-18 19:18:59,2024-07-19 19:18:59,2023-09-05 19:18:59,2023-09-05 19:18:59,
3732,2,3732,2023-06-28 19:18:59,2024-06-20 19:18:59,2023-09-05 19:18:59,2023-09-05 19:18:59,
3733,3,3733,2022-10-27 19:18:59,2024-03-11 19:18:59,2023-09-05 19:18:59,2023-09-05 19:18:59,
3734,2,3734,2022-10-08 19:18:59,2023-10-10 19:18:59,2023-09-05 19:18:59,2023-09-05 19:18:59,
3735,1,3735,2023-02-06 19:18:59,2024-03-10 19:18:59,2023-09-05 19:18:59,2023-09-05 19:18:59,
3736,1,3736,2023-02-07 19:18:59,2024-08-24 19:18:59,2023-09-05 19:18:59,2023-09-05 19:18:59,
3737,2,3737,2023-08-15 19:18:59,2024-06-28 19:18:59,2023-09-05 19:18:59,2023-09-05 19:18:59,
3738,2,3738,2023-01-07 19:18:59,2024-01-18 19:18:59,2023-09-05 19:18:59,2023-09-05 19:18:59,
3739,2,3739,2023-03-02 19:18:59,2023-12-10 19:18:59,2023-09-05 19:18:59,2023-09-05 19:18:59,
3740,3,3740,2023-09-01 19:18:59,2024-04-19 19:18:59,2023-09-05 19:18:59,2023-09-05 19:18:59,
3741,1,3741,2022-11-24 19:18:59,2023-10-11 19:18:59,2023-09-05 19:18:59,2023-09-05 19:18:59,
3742,3,3742,2022-09-05 19:18:59,2024-03-03 19:18:59,2023-09-05 19:18:59,2023-09-05 19:18:59,
3743,3,3743,2023-05-20 19:18:59,2024-05-14 19:18:59,2023-09-05 19:18:59,2023-09-05 19:18:59,
3744,1,3744,2023-04-22 19:18:59,2024-08-24 19:18:59,2023-09-05 19:18:59,2023-09-05 19:18:59,
3745,3,3745,2022-11-08 19:18:59,2024-05-30 19:18:59,2023-09-05 19:18:59,2023-09-05 19:18:59,
3746,1,3746,2023-06-03 19:18:59,2024-01-04 19:18:59,2023-09-05 19:18:59,2023-09-05 19:18:59,
3747,1,3747,2022-09-13 19:18:59,2023-10-25 19:18:59,2023-09-05 19:18:59,2023-09-05 19:18:59,
3748,1,3748,2023-06-05 19:18:59,2024-02-28 19:18:59,2023-09-05 19:18:59,2023-09-05 19:18:59,
3749,1,3749,2022-10-02 19:18:59,2023-12-13 19:18:59,2023-09-05 19:18:59,2023-09-05 19:18:59,
3750,3,3750,2023-01-25 19:18:59,2024-07-29 19:18:59,2023-09-05 19:18:59,2023-09-05 19:18:59,
3751,2,3751,2022-09-11 19:18:59,2023-11-17 19:18:59,2023-09-05 19:18:59,2023-09-05 19:18:59,
3752,1,3752,2022-12-26 19:18:59,2023-11-28 19:18:59,2023-09-05 19:18:59,2023-09-05 19:18:59,
3753,2,3753,2023-01-31 19:18:59,2023-10-10 19:18:59,2023-09-05 19:18:59,2023-09-05 19:18:59,
3754,3,3754,2023-07-11 19:18:59,2023-10-22 19:18:59,2023-09-05 19:18:59,2023-09-05 19:18:59,
3755,2,3755,2022-12-02 19:18:59,2024-04-23 19:18:59,2023-09-05 19:18:59,2023-09-05 19:18:59,
3756,1,3756,2023-06-11 19:18:59,2024-08-28 19:18:59,2023-09-05 19:18:59,2023-09-05 19:18:59,
3757,2,3757,2022-10-12 19:18:59,2024-05-27 19:18:59,2023-09-05 19:18:59,2023-09-05 19:18:59,
3758,3,3758,2023-02-16 19:18:59,2024-04-06 19:18:59,2023-09-05 19:18:59,2023-09-05 19:18:59,
3759,2,3759,2023-07-03 19:18:59,2024-03-22 19:18:59,2023-09-05 19:18:59,2023-09-05 19:18:59,
3760,2,3760,2023-06-19 19:18:59,2024-06-09 19:18:59,2023-09-05 19:18:59,2023-09-05 19:18:59,
3761,1,3761,2023-06-30 19:18:59,2024-05-10 19:18:59,2023-09-05 19:18:59,2023-09-05 19:18:59,
3762,3,3762,2023-05-31 19:18:59,2024-02-13 19:18:59,2023-09-05 19:18:59,2023-09-05 19:18:59,
3763,3,3763,2022-12-27 19:18:59,2024-07-29 19:18:59,2023-09-05 19:18:59,2023-09-05 19:18:59,
3764,2,3764,2022-09-26 19:18:59,2024-06-30 19:18:59,2023-09-05 19:18:59,2023-09-05 19:18:59,
3765,3,3765,2023-03-09 19:18:59,2024-06-05 19:18:59,2023-09-05 19:18:59,2023-09-05 19:18:59,
3766,3,3766,2023-03-15 19:18:59,2024-04-15 19:18:59,2023-09-05 19:18:59,2023-09-05 19:18:59,
3767,2,3767,2023-08-05 19:18:59,2024-03-22 19:18:59,2023-09-05 19:18:59,2023-09-05 19:18:59,
3768,1,3768,2023-06-03 19:18:59,2024-01-13 19:18:59,2023-09-05 19:18:59,2023-09-05 19:18:59,
3769,1,3769,2022-11-02 19:18:59,2024-03-22 19:18:59,2023-09-05 19:18:59,2023-09-05 19:18:59,
3770,1,3770,2023-03-10 19:18:59,2024-01-14 19:18:59,2023-09-05 19:18:59,2023-09-05 19:18:59,
3771,3,3771,2022-10-13 19:18:59,2024-07-24 19:18:59,2023-09-05 19:18:59,2023-09-05 19:18:59,
3772,1,3772,2023-05-11 19:18:59,2023-11-13 19:18:59,2023-09-05 19:18:59,2023-09-05 19:18:59,
3773,3,3773,2023-03-04 19:18:59,2024-08-31 19:18:59,2023-09-05 19:18:59,2023-09-05 19:18:59,
3774,2,3774,2023-04-26 19:18:59,2024-06-08 19:18:59,2023-09-05 19:18:59,2023-09-05 19:18:59,
3775,1,3775,2022-10-15 19:18:59,2024-06-13 19:18:59,2023-09-05 19:18:59,2023-09-05 19:18:59,
3776,2,3776,2023-04-10 19:18:59,2023-12-11 19:18:59,2023-09-05 19:18:59,2023-09-05 19:18:59,
3777,1,3777,2023-08-26 19:18:59,2024-05-29 19:18:59,2023-09-05 19:18:59,2023-09-05 19:18:59,
3778,3,3778,2022-12-09 19:18:59,2023-11-18 19:18:59,2023-09-05 19:18:59,2023-09-05 19:18:59,
3779,2,3779,2022-09-30 19:18:59,2024-02-27 19:18:59,2023-09-05 19:18:59,2023-09-05 19:18:59,
3780,2,3780,2023-01-30 19:18:59,2024-07-30 19:18:59,2023-09-05 19:18:59,2023-09-05 19:18:59,
3781,2,3781,2023-07-05 19:18:59,2023-11-03 19:18:59,2023-09-05 19:18:59,2023-09-05 19:18:59,
3782,1,3782,2022-12-30 19:18:59,2024-05-20 19:18:59,2023-09-05 19:18:59,2023-09-05 19:18:59,
3783,2,3783,2022-10-14 19:18:59,2024-03-01 19:18:59,2023-09-05 19:18:59,2023-09-05 19:18:59,
3784,3,3784,2023-01-16 19:18:59,2024-06-05 19:18:59,2023-09-05 19:18:59,2023-09-05 19:18:59,
3785,3,3785,2022-12-29 19:18:59,2024-01-26 19:18:59,2023-09-05 19:18:59,2023-09-05 19:18:59,
3786,2,3786,2022-11-23 19:18:59,2023-10-05 19:18:59,2023-09-05 19:18:59,2023-09-05 19:18:59,
3787,1,3787,2022-12-21 19:18:59,2024-03-03 19:18:59,2023-09-05 19:18:59,2023-09-05 19:18:59,
3788,2,3788,2023-05-09 19:18:59,2024-03-09 19:18:59,2023-09-05 19:18:59,2023-09-05 19:18:59,
3789,2,3789,2023-02-13 19:18:59,2024-03-16 19:18:59,2023-09-05 19:18:59,2023-09-05 19:18:59,
3790,2,3790,2023-01-11 19:18:59,2023-10-27 19:18:59,2023-09-05 19:18:59,2023-09-05 19:18:59,
3791,2,3791,2023-01-20 19:18:59,2023-10-06 19:18:59,2023-09-05 19:18:59,2023-09-05 19:18:59,
3792,2,3792,2023-07-08 19:18:59,2024-05-11 19:18:59,2023-09-05 19:18:59,2023-09-05 19:18:59,
3793,3,3793,2023-04-25 19:18:59,2024-05-29 19:18:59,2023-09-05 19:18:59,2023-09-05 19:18:59,
3794,1,3794,2023-01-13 19:18:59,2023-12-16 19:18:59,2023-09-05 19:18:59,2023-09-05 19:18:59,
3795,1,3795,2023-06-23 19:18:59,2023-12-19 19:18:59,2023-09-05 19:18:59,2023-09-05 19:18:59,
3796,1,3796,2023-06-03 19:18:59,2023-10-24 19:18:59,2023-09-05 19:18:59,2023-09-05 19:18:59,
3797,2,3797,2022-10-13 19:18:59,2024-04-25 19:18:59,2023-09-05 19:18:59,2023-09-05 19:18:59,
3798,3,3798,2023-08-09 19:18:59,2024-02-29 19:18:59,2023-09-05 19:18:59,2023-09-05 19:18:59,
3799,1,3799,2023-02-13 19:18:59,2024-08-31 19:18:59,2023-09-05 19:18:59,2023-09-05 19:18:59,
3800,2,3800,2023-06-03 19:18:59,2024-08-23 19:18:59,2023-09-05 19:18:59,2023-09-05 19:18:59,
3801,2,3801,2022-11-23 19:18:59,2023-10-31 19:18:59,2023-09-05 19:18:59,2023-09-05 19:18:59,
3802,2,3802,2022-12-06 19:18:59,2023-12-02 19:18:59,2023-09-05 19:18:59,2023-09-05 19:18:59,
3803,1,3803,2022-09-22 19:18:59,2024-04-18 19:18:59,2023-09-05 19:18:59,2023-09-05 19:18:59,
3804,3,3804,2023-01-31 19:18:59,2024-01-19 19:18:59,2023-09-05 19:18:59,2023-09-05 19:18:59,
3805,2,3805,2023-06-17 19:18:59,2024-08-31 19:18:59,2023-09-05 19:18:59,2023-09-05 19:18:59,
3806,3,3806,2023-01-10 19:18:59,2024-07-05 19:18:59,2023-09-05 19:18:59,2023-09-05 19:18:59,
3807,3,3807,2023-03-25 19:18:59,2024-08-11 19:18:59,2023-09-05 19:18:59,2023-09-05 19:18:59,
3808,3,3808,2023-03-28 19:18:59,2023-12-24 19:18:59,2023-09-05 19:18:59,2023-09-05 19:18:59,
3809,2,3809,2023-08-12 19:18:59,2023-12-11 19:18:59,2023-09-05 19:18:59,2023-09-05 19:18:59,
3810,3,3810,2023-03-26 19:18:59,2024-05-21 19:18:59,2023-09-05 19:18:59,2023-09-05 19:18:59,
3811,2,3811,2023-04-30 19:18:59,2024-02-19 19:18:59,2023-09-05 19:18:59,2023-09-05 19:18:59,
3812,3,3812,2023-01-27 19:18:59,2024-03-08 19:18:59,2023-09-05 19:18:59,2023-09-05 19:18:59,
3813,2,3813,2023-02-15 19:18:59,2024-02-15 19:18:59,2023-09-05 19:18:59,2023-09-05 19:18:59,
3814,2,3814,2023-02-03 19:18:59,2023-12-23 19:18:59,2023-09-05 19:18:59,2023-09-05 19:18:59,
3815,2,3815,2023-05-23 19:18:59,2023-10-16 19:18:59,2023-09-05 19:18:59,2023-09-05 19:18:59,
3816,2,3816,2022-10-02 19:18:59,2024-05-16 19:18:59,2023-09-05 19:18:59,2023-09-05 19:18:59,
3817,2,3817,2022-11-22 19:18:59,2023-12-25 19:18:59,2023-09-05 19:18:59,2023-09-05 19:18:59,
3818,3,3818,2023-02-01 19:18:59,2024-04-19 19:18:59,2023-09-05 19:18:59,2023-09-05 19:18:59,
3819,2,3819,2022-10-11 19:18:59,2024-06-03 19:18:59,2023-09-05 19:18:59,2023-09-05 19:18:59,
3820,1,3820,2023-04-07 19:18:59,2024-02-03 19:18:59,2023-09-05 19:18:59,2023-09-05 19:18:59,
3821,2,3821,2023-05-28 19:18:59,2024-08-01 19:18:59,2023-09-05 19:18:59,2023-09-05 19:18:59,
3822,2,3822,2023-06-26 19:18:59,2024-07-09 19:18:59,2023-09-05 19:18:59,2023-09-05 19:18:59,
3823,3,3823,2022-09-24 19:18:59,2024-06-05 19:18:59,2023-09-05 19:18:59,2023-09-05 19:18:59,
3824,2,3824,2022-11-14 19:18:59,2024-08-18 19:18:59,2023-09-05 19:18:59,2023-09-05 19:18:59,
3825,2,3825,2022-11-12 19:18:59,2023-10-06 19:18:59,2023-09-05 19:18:59,2023-09-05 19:18:59,
3826,1,3826,2022-09-23 19:18:59,2024-01-17 19:18:59,2023-09-05 19:18:59,2023-09-05 19:18:59,
3827,2,3827,2023-08-28 19:18:59,2024-02-09 19:18:59,2023-09-05 19:18:59,2023-09-05 19:18:59,
3828,2,3828,2023-01-09 19:18:59,2024-07-21 19:18:59,2023-09-05 19:18:59,2023-09-05 19:18:59,
3829,1,3829,2022-09-14 19:18:59,2024-04-08 19:18:59,2023-09-05 19:18:59,2023-09-05 19:18:59,
3830,1,3830,2023-02-22 19:18:59,2023-12-29 19:18:59,2023-09-05 19:18:59,2023-09-05 19:18:59,
3831,3,3831,2022-12-28 19:18:59,2024-03-26 19:18:59,2023-09-05 19:18:59,2023-09-05 19:18:59,
3832,1,3832,2023-07-12 19:18:59,2024-07-25 19:18:59,2023-09-05 19:18:59,2023-09-05 19:18:59,
3833,1,3833,2022-10-23 19:18:59,2024-01-21 19:18:59,2023-09-05 19:18:59,2023-09-05 19:18:59,
3834,2,3834,2023-01-01 19:18:59,2024-02-12 19:18:59,2023-09-05 19:18:59,2023-09-05 19:18:59,
3835,1,3835,2022-12-15 19:18:59,2024-08-22 19:18:59,2023-09-05 19:18:59,2023-09-05 19:18:59,
3836,2,3836,2022-09-13 19:18:59,2023-10-26 19:18:59,2023-09-05 19:18:59,2023-09-05 19:18:59,
3837,1,3837,2023-02-23 19:18:59,2024-05-13 19:18:59,2023-09-05 19:18:59,2023-09-05 19:18:59,
3838,1,3838,2023-05-21 19:18:59,2024-01-11 19:18:59,2023-09-05 19:18:59,2023-09-05 19:18:59,
3839,2,3839,2023-02-24 19:18:59,2024-01-25 19:18:59,2023-09-05 19:18:59,2023-09-05 19:18:59,
3840,2,3840,2022-10-21 19:18:59,2024-01-12 19:18:59,2023-09-05 19:18:59,2023-09-05 19:18:59,
3841,2,3841,2023-04-14 19:18:59,2023-12-03 19:18:59,2023-09-05 19:18:59,2023-09-05 19:18:59,
3842,3,3842,2023-03-27 19:18:59,2024-02-22 19:18:59,2023-09-05 19:18:59,2023-09-05 19:18:59,
3843,2,3843,2023-05-26 19:18:59,2023-12-07 19:18:59,2023-09-05 19:18:59,2023-09-05 19:18:59,
3844,2,3844,2022-09-24 19:18:59,2023-10-16 19:18:59,2023-09-05 19:18:59,2023-09-05 19:18:59,
3845,2,3845,2023-03-25 19:18:59,2023-12-11 19:18:59,2023-09-05 19:18:59,2023-09-05 19:18:59,
3846,3,3846,2023-01-06 19:18:59,2024-05-09 19:18:59,2023-09-05 19:18:59,2023-09-05 19:18:59,
3847,3,3847,2023-08-27 19:18:59,2024-06-28 19:18:59,2023-09-05 19:18:59,2023-09-05 19:18:59,
3848,1,3848,2022-10-30 19:18:59,2023-12-14 19:18:59,2023-09-05 19:18:59,2023-09-05 19:18:59,
3849,1,3849,2023-08-25 19:18:59,2024-03-10 19:18:59,2023-09-05 19:18:59,2023-09-05 19:18:59,
3850,2,3850,2023-05-19 19:18:59,2024-07-22 19:18:59,2023-09-05 19:18:59,2023-09-05 19:18:59,
3851,3,3851,2022-10-24 19:18:59,2024-07-12 19:18:59,2023-09-05 19:18:59,2023-09-05 19:18:59,
3852,3,3852,2022-11-15 19:18:59,2024-04-26 19:18:59,2023-09-05 19:18:59,2023-09-05 19:18:59,
3853,1,3853,2023-05-24 19:18:59,2024-05-10 19:18:59,2023-09-05 19:18:59,2023-09-05 19:18:59,
3854,2,3854,2023-01-21 19:18:59,2023-11-28 19:18:59,2023-09-05 19:18:59,2023-09-05 19:18:59,
3855,3,3855,2023-04-13 19:18:59,2024-03-20 19:18:59,2023-09-05 19:18:59,2023-09-05 19:18:59,
3856,1,3856,2023-04-02 19:18:59,2024-06-21 19:18:59,2023-09-05 19:18:59,2023-09-05 19:18:59,
3857,2,3857,2022-10-15 19:18:59,2023-10-12 19:18:59,2023-09-05 19:18:59,2023-09-05 19:18:59,
3858,1,3858,2023-02-18 19:18:59,2024-05-21 19:18:59,2023-09-05 19:18:59,2023-09-05 19:18:59,
3859,2,3859,2023-06-30 19:18:59,2024-06-17 19:18:59,2023-09-05 19:18:59,2023-09-05 19:18:59,
3860,1,3860,2022-11-08 19:18:59,2024-01-06 19:18:59,2023-09-05 19:18:59,2023-09-05 19:18:59,
3861,2,3861,2023-03-27 19:18:59,2024-07-21 19:18:59,2023-09-05 19:18:59,2023-09-05 19:18:59,
3862,1,3862,2023-03-09 19:18:59,2024-07-07 19:18:59,2023-09-05 19:18:59,2023-09-05 19:18:59,
3863,2,3863,2023-03-31 19:18:59,2023-12-29 19:18:59,2023-09-05 19:18:59,2023-09-05 19:18:59,
3864,2,3864,2023-03-02 19:18:59,2023-11-20 19:18:59,2023-09-05 19:18:59,2023-09-05 19:18:59,
3865,1,3865,2023-01-18 19:18:59,2023-10-18 19:18:59,2023-09-05 19:18:59,2023-09-05 19:18:59,
3866,2,3866,2022-12-01 19:18:59,2024-03-14 19:18:59,2023-09-05 19:18:59,2023-09-05 19:18:59,
3867,2,3867,2023-06-11 19:18:59,2023-11-15 19:18:59,2023-09-05 19:18:59,2023-09-05 19:18:59,
3868,3,3868,2023-05-31 19:18:59,2023-12-08 19:18:59,2023-09-05 19:18:59,2023-09-05 19:18:59,
3869,1,3869,2023-07-08 19:18:59,2024-05-23 19:18:59,2023-09-05 19:18:59,2023-09-05 19:18:59,
3870,3,3870,2023-01-09 19:18:59,2023-10-05 19:18:59,2023-09-05 19:18:59,2023-09-05 19:18:59,
3871,1,3871,2023-02-22 19:18:59,2023-12-27 19:18:59,2023-09-05 19:18:59,2023-09-05 19:18:59,
3872,2,3872,2023-06-23 19:18:59,2024-05-06 19:18:59,2023-09-05 19:18:59,2023-09-05 19:18:59,
3873,2,3873,2023-03-10 19:18:59,2024-02-26 19:18:59,2023-09-05 19:18:59,2023-09-05 19:18:59,
3874,3,3874,2023-06-02 19:18:59,2024-04-15 19:18:59,2023-09-05 19:18:59,2023-09-05 19:18:59,
3875,2,3875,2023-08-23 19:18:59,2024-06-07 19:18:59,2023-09-05 19:18:59,2023-09-05 19:18:59,
3876,3,3876,2023-02-15 19:18:59,2024-04-03 19:18:59,2023-09-05 19:18:59,2023-09-05 19:18:59,
3877,3,3877,2023-03-07 19:18:59,2024-04-02 19:18:59,2023-09-05 19:18:59,2023-09-05 19:18:59,
3878,1,3878,2023-08-14 19:18:59,2024-05-11 19:18:59,2023-09-05 19:18:59,2023-09-05 19:18:59,
3879,2,3879,2023-01-23 19:18:59,2023-11-13 19:18:59,2023-09-05 19:18:59,2023-09-05 19:18:59,
3880,3,3880,2023-05-19 19:18:59,2024-03-08 19:18:59,2023-09-05 19:18:59,2023-09-05 19:18:59,
3881,1,3881,2023-08-03 19:18:59,2024-08-25 19:18:59,2023-09-05 19:18:59,2023-09-05 19:18:59,
3882,1,3882,2022-11-02 19:18:59,2024-07-20 19:18:59,2023-09-05 19:18:59,2023-09-05 19:18:59,
3883,3,3883,2023-01-15 19:18:59,2024-05-25 19:18:59,2023-09-05 19:18:59,2023-09-05 19:18:59,
3884,1,3884,2023-05-08 19:18:59,2023-12-11 19:18:59,2023-09-05 19:18:59,2023-09-05 19:18:59,
3885,2,3885,2022-12-24 19:18:59,2024-08-27 19:18:59,2023-09-05 19:18:59,2023-09-05 19:18:59,
3886,3,3886,2023-08-24 19:18:59,2024-03-06 19:18:59,2023-09-05 19:18:59,2023-09-05 19:18:59,
3887,2,3887,2023-02-16 19:18:59,2024-01-23 19:18:59,2023-09-05 19:18:59,2023-09-05 19:18:59,
3888,3,3888,2023-02-22 19:18:59,2023-11-05 19:18:59,2023-09-05 19:18:59,2023-09-05 19:18:59,
3889,2,3889,2023-07-02 19:18:59,2024-02-18 19:18:59,2023-09-05 19:18:59,2023-09-05 19:18:59,
3890,1,3890,2023-07-03 19:18:59,2023-12-04 19:18:59,2023-09-05 19:18:59,2023-09-05 19:18:59,
3891,1,3891,2023-05-05 19:18:59,2024-06-10 19:18:59,2023-09-05 19:18:59,2023-09-05 19:18:59,
3892,1,3892,2023-05-09 19:18:59,2024-06-02 19:18:59,2023-09-05 19:18:59,2023-09-05 19:18:59,
3893,1,3893,2022-12-23 19:18:59,2024-06-05 19:18:59,2023-09-05 19:18:59,2023-09-05 19:18:59,
3894,3,3894,2023-05-21 19:18:59,2024-01-07 19:18:59,2023-09-05 19:18:59,2023-09-05 19:18:59,
3895,2,3895,2022-09-19 19:18:59,2024-03-30 19:18:59,2023-09-05 19:18:59,2023-09-05 19:18:59,
3896,2,3896,2023-03-04 19:18:59,2024-03-23 19:18:59,2023-09-05 19:18:59,2023-09-05 19:18:59,
3897,3,3897,2023-05-31 19:18:59,2024-03-13 19:18:59,2023-09-05 19:18:59,2023-09-05 19:18:59,
3898,3,3898,2022-11-21 19:18:59,2024-07-05 19:18:59,2023-09-05 19:18:59,2023-09-05 19:18:59,
3899,1,3899,2023-06-27 19:18:59,2024-01-06 19:18:59,2023-09-05 19:18:59,2023-09-05 19:18:59,
3900,1,3900,2023-03-07 19:18:59,2024-08-02 19:18:59,2023-09-05 19:18:59,2023-09-05 19:18:59,
3901,2,3901,2023-04-12 19:18:59,2024-02-01 19:18:59,2023-09-05 19:18:59,2023-09-05 19:18:59,
3902,1,3902,2023-05-13 19:18:59,2023-12-01 19:18:59,2023-09-05 19:18:59,2023-09-05 19:18:59,
3903,2,3903,2023-05-16 19:18:59,2024-07-04 19:18:59,2023-09-05 19:18:59,2023-09-05 19:18:59,
3904,3,3904,2022-10-14 19:18:59,2023-11-14 19:18:59,2023-09-05 19:18:59,2023-09-05 19:18:59,
3905,1,3905,2022-12-29 19:18:59,2024-03-22 19:18:59,2023-09-05 19:18:59,2023-09-05 19:18:59,
3906,2,3906,2023-07-14 19:18:59,2023-12-06 19:18:59,2023-09-05 19:18:59,2023-09-05 19:18:59,
3907,1,3907,2023-06-19 19:18:59,2023-10-05 19:18:59,2023-09-05 19:18:59,2023-09-05 19:18:59,
3908,1,3908,2022-09-25 19:18:59,2024-04-04 19:18:59,2023-09-05 19:18:59,2023-09-05 19:18:59,
3909,2,3909,2022-09-28 19:18:59,2024-06-17 19:18:59,2023-09-05 19:18:59,2023-09-05 19:18:59,
3910,3,3910,2023-02-27 19:18:59,2024-02-27 19:18:59,2023-09-05 19:18:59,2023-09-05 19:18:59,
3911,1,3911,2022-09-08 19:18:59,2024-03-07 19:18:59,2023-09-05 19:18:59,2023-09-05 19:18:59,
3912,2,3912,2023-06-29 19:18:59,2024-02-14 19:18:59,2023-09-05 19:18:59,2023-09-05 19:18:59,
3913,1,3913,2023-06-04 19:18:59,2023-11-15 19:18:59,2023-09-05 19:18:59,2023-09-05 19:18:59,
3914,3,3914,2022-09-28 19:18:59,2024-08-28 19:18:59,2023-09-05 19:18:59,2023-09-05 19:18:59,
3915,1,3915,2022-12-26 19:18:59,2024-03-21 19:18:59,2023-09-05 19:18:59,2023-09-05 19:18:59,
3916,3,3916,2023-07-12 19:18:59,2024-02-29 19:18:59,2023-09-05 19:18:59,2023-09-05 19:18:59,
3917,1,3917,2023-03-03 19:18:59,2023-11-23 19:18:59,2023-09-05 19:18:59,2023-09-05 19:18:59,
3918,1,3918,2023-07-22 19:18:59,2024-05-28 19:18:59,2023-09-05 19:18:59,2023-09-05 19:18:59,
3919,2,3919,2022-11-25 19:18:59,2024-04-04 19:18:59,2023-09-05 19:18:59,2023-09-05 19:18:59,
3920,3,3920,2023-04-03 19:18:59,2024-04-13 19:18:59,2023-09-05 19:18:59,2023-09-05 19:18:59,
3921,3,3921,2023-03-26 19:18:59,2023-10-08 19:18:59,2023-09-05 19:18:59,2023-09-05 19:18:59,
3922,1,3922,2023-03-23 19:18:59,2023-12-16 19:18:59,2023-09-05 19:18:59,2023-09-05 19:18:59,
3923,2,3923,2023-01-31 19:18:59,2023-11-01 19:18:59,2023-09-05 19:18:59,2023-09-05 19:18:59,
3924,1,3924,2023-01-16 19:18:59,2024-05-29 19:18:59,2023-09-05 19:18:59,2023-09-05 19:18:59,
3925,1,3925,2023-03-13 19:18:59,2024-07-16 19:18:59,2023-09-05 19:18:59,2023-09-05 19:18:59,
3926,1,3926,2023-06-06 19:18:59,2023-12-07 19:18:59,2023-09-05 19:18:59,2023-09-05 19:18:59,
3927,2,3927,2022-12-25 19:18:59,2024-01-03 19:18:59,2023-09-05 19:18:59,2023-09-05 19:18:59,
3928,1,3928,2022-12-28 19:18:59,2023-10-18 19:18:59,2023-09-05 19:18:59,2023-09-05 19:18:59,
3929,1,3929,2023-02-04 19:18:59,2024-02-17 19:18:59,2023-09-05 19:18:59,2023-09-05 19:18:59,
3930,1,3930,2023-07-26 19:18:59,2024-06-13 19:18:59,2023-09-05 19:18:59,2023-09-05 19:18:59,
3931,3,3931,2023-04-17 19:18:59,2024-04-11 19:18:59,2023-09-05 19:18:59,2023-09-05 19:18:59,
3932,1,3932,2023-02-27 19:18:59,2024-02-22 19:18:59,2023-09-05 19:18:59,2023-09-05 19:18:59,
3933,3,3933,2023-02-21 19:18:59,2024-08-07 19:18:59,2023-09-05 19:18:59,2023-09-05 19:18:59,
3934,3,3934,2023-07-29 19:18:59,2023-11-24 19:18:59,2023-09-05 19:18:59,2023-09-05 19:18:59,
3935,1,3935,2022-09-28 19:18:59,2024-08-01 19:18:59,2023-09-05 19:18:59,2023-09-05 19:18:59,
3936,3,3936,2022-12-12 19:18:59,2024-08-29 19:18:59,2023-09-05 19:18:59,2023-09-05 19:18:59,
3937,3,3937,2023-01-19 19:18:59,2024-01-02 19:18:59,2023-09-05 19:18:59,2023-09-05 19:18:59,
3938,1,3938,2023-07-19 19:18:59,2024-04-27 19:18:59,2023-09-05 19:18:59,2023-09-05 19:18:59,
3939,1,3939,2023-02-12 19:18:59,2023-10-11 19:18:59,2023-09-05 19:18:59,2023-09-05 19:18:59,
3940,2,3940,2023-03-25 19:18:59,2023-12-19 19:18:59,2023-09-05 19:18:59,2023-09-05 19:18:59,
3941,2,3941,2023-03-02 19:18:59,2024-05-20 19:18:59,2023-09-05 19:18:59,2023-09-05 19:18:59,
3942,3,3942,2022-10-27 19:18:59,2024-05-07 19:18:59,2023-09-05 19:18:59,2023-09-05 19:18:59,
3943,1,3943,2023-05-04 19:18:59,2023-10-09 19:18:59,2023-09-05 19:18:59,2023-09-05 19:18:59,
3944,2,3944,2023-07-10 19:18:59,2024-01-02 19:18:59,2023-09-05 19:18:59,2023-09-05 19:18:59,
3945,3,3945,2022-12-29 19:18:59,2023-11-29 19:18:59,2023-09-05 19:18:59,2023-09-05 19:18:59,
3946,2,3946,2023-06-25 19:18:59,2023-12-20 19:18:59,2023-09-05 19:18:59,2023-09-05 19:18:59,
3947,1,3947,2023-08-29 19:18:59,2024-08-16 19:18:59,2023-09-05 19:18:59,2023-09-05 19:18:59,
3948,3,3948,2023-03-28 19:18:59,2024-08-30 19:18:59,2023-09-05 19:18:59,2023-09-05 19:18:59,
3949,2,3949,2022-10-22 19:18:59,2023-10-28 19:18:59,2023-09-05 19:18:59,2023-09-05 19:18:59,
3950,2,3950,2023-09-05 19:18:59,2024-08-28 19:18:59,2023-09-05 19:18:59,2023-09-05 19:18:59,
3951,1,3951,2022-09-09 19:18:59,2024-07-08 19:18:59,2023-09-05 19:18:59,2023-09-05 19:18:59,
3952,2,3952,2022-12-24 19:18:59,2024-01-16 19:18:59,2023-09-05 19:18:59,2023-09-05 19:18:59,
3953,1,3953,2023-08-13 19:18:59,2024-03-29 19:18:59,2023-09-05 19:18:59,2023-09-05 19:18:59,
3954,1,3954,2023-04-27 19:18:59,2023-12-25 19:18:59,2023-09-05 19:18:59,2023-09-05 19:18:59,
3955,3,3955,2022-09-09 19:18:59,2023-11-21 19:18:59,2023-09-05 19:18:59,2023-09-05 19:18:59,
3956,3,3956,2022-11-13 19:18:59,2023-11-18 19:18:59,2023-09-05 19:18:59,2023-09-05 19:18:59,
3957,3,3957,2023-03-07 19:18:59,2024-07-29 19:18:59,2023-09-05 19:18:59,2023-09-05 19:18:59,
3958,3,3958,2022-12-06 19:18:59,2024-04-30 19:18:59,2023-09-05 19:18:59,2023-09-05 19:18:59,
3959,3,3959,2023-01-28 19:18:59,2024-08-29 19:18:59,2023-09-05 19:18:59,2023-09-05 19:18:59,
3960,1,3960,2022-10-16 19:18:59,2023-10-19 19:18:59,2023-09-05 19:18:59,2023-09-05 19:18:59,
3961,2,3961,2022-12-04 19:18:59,2024-05-03 19:18:59,2023-09-05 19:18:59,2023-09-05 19:18:59,
3962,2,3962,2023-05-05 19:18:59,2023-12-20 19:18:59,2023-09-05 19:18:59,2023-09-05 19:18:59,
3963,1,3963,2022-10-23 19:18:59,2024-04-13 19:18:59,2023-09-05 19:18:59,2023-09-05 19:18:59,
3964,1,3964,2023-04-15 19:18:59,2023-11-08 19:18:59,2023-09-05 19:18:59,2023-09-05 19:18:59,
3965,3,3965,2023-03-11 19:18:59,2023-11-07 19:18:59,2023-09-05 19:18:59,2023-09-05 19:18:59,
3966,3,3966,2023-07-07 19:18:59,2024-09-03 19:18:59,2023-09-05 19:18:59,2023-09-05 19:18:59,
3967,3,3967,2022-12-06 19:18:59,2024-06-24 19:18:59,2023-09-05 19:18:59,2023-09-05 19:18:59,
3968,3,3968,2023-07-08 19:18:59,2024-03-20 19:18:59,2023-09-05 19:18:59,2023-09-05 19:18:59,
3969,2,3969,2022-09-19 19:18:59,2023-11-19 19:18:59,2023-09-05 19:18:59,2023-09-05 19:18:59,
3970,1,3970,2022-12-28 19:18:59,2024-07-05 19:18:59,2023-09-05 19:18:59,2023-09-05 19:18:59,
3971,1,3971,2023-04-19 19:18:59,2024-02-04 19:18:59,2023-09-05 19:18:59,2023-09-05 19:18:59,
3972,3,3972,2023-07-03 19:18:59,2024-07-30 19:18:59,2023-09-05 19:18:59,2023-09-05 19:18:59,
3973,2,3973,2022-09-29 19:18:59,2023-10-24 19:18:59,2023-09-05 19:18:59,2023-09-05 19:18:59,
3974,1,3974,2023-02-14 19:18:59,2023-11-27 19:18:59,2023-09-05 19:18:59,2023-09-05 19:18:59,
3975,2,3975,2023-07-18 19:18:59,2024-01-01 19:18:59,2023-09-05 19:18:59,2023-09-05 19:18:59,
3976,2,3976,2023-03-01 19:18:59,2023-12-02 19:18:59,2023-09-05 19:18:59,2023-09-05 19:18:59,
3977,2,3977,2022-12-28 19:18:59,2024-05-01 19:18:59,2023-09-05 19:18:59,2023-09-05 19:18:59,
3978,2,3978,2023-07-18 19:18:59,2024-08-25 19:18:59,2023-09-05 19:18:59,2023-09-05 19:18:59,
3979,2,3979,2023-05-27 19:18:59,2024-08-29 19:18:59,2023-09-05 19:18:59,2023-09-05 19:18:59,
3980,2,3980,2022-11-03 19:18:59,2023-10-20 19:18:59,2023-09-05 19:18:59,2023-09-05 19:18:59,
3981,2,3981,2022-12-03 19:18:59,2024-01-11 19:18:59,2023-09-05 19:18:59,2023-09-05 19:18:59,
3982,2,3982,2022-10-23 19:18:59,2024-01-07 19:18:59,2023-09-05 19:18:59,2023-09-05 19:18:59,
3983,3,3983,2023-02-11 19:18:59,2024-07-26 19:18:59,2023-09-05 19:18:59,2023-09-05 19:18:59,
3984,1,3984,2023-01-11 19:18:59,2024-02-14 19:18:59,2023-09-05 19:18:59,2023-09-05 19:18:59,
3985,1,3985,2023-06-28 19:18:59,2023-10-23 19:18:59,2023-09-05 19:18:59,2023-09-05 19:18:59,
3986,1,3986,2022-12-25 19:18:59,2024-09-02 19:18:59,2023-09-05 19:18:59,2023-09-05 19:18:59,
3987,2,3987,2023-07-01 19:18:59,2023-10-25 19:18:59,2023-09-05 19:18:59,2023-09-05 19:18:59,
3988,2,3988,2022-09-14 19:18:59,2024-04-21 19:18:59,2023-09-05 19:18:59,2023-09-05 19:18:59,
3989,3,3989,2023-08-31 19:18:59,2023-10-31 19:18:59,2023-09-05 19:18:59,2023-09-05 19:18:59,
3990,2,3990,2022-12-08 19:18:59,2024-05-17 19:18:59,2023-09-05 19:18:59,2023-09-05 19:18:59,
3991,3,3991,2023-05-18 19:18:59,2024-04-05 19:18:59,2023-09-05 19:18:59,2023-09-05 19:18:59,
3992,1,3992,2023-01-23 19:18:59,2023-10-19 19:18:59,2023-09-05 19:18:59,2023-09-05 19:18:59,
3993,1,3993,2022-12-20 19:18:59,2023-12-16 19:18:59,2023-09-05 19:18:59,2023-09-05 19:18:59,
3994,1,3994,2022-10-24 19:18:59,2023-10-13 19:18:59,2023-09-05 19:18:59,2023-09-05 19:18:59,
3995,2,3995,2023-03-02 19:18:59,2024-07-28 19:18:59,2023-09-05 19:18:59,2023-09-05 19:18:59,
3996,3,3996,2023-04-27 19:18:59,2023-12-15 19:18:59,2023-09-05 19:18:59,2023-09-05 19:18:59,
3997,3,3997,2023-06-03 19:18:59,2024-05-27 19:18:59,2023-09-05 19:18:59,2023-09-05 19:18:59,
3998,2,3998,2023-05-26 19:18:59,2024-08-18 19:18:59,2023-09-05 19:18:59,2023-09-05 19:18:59,
3999,3,3999,2023-01-06 19:18:59,2024-04-14 19:18:59,2023-09-05 19:18:59,2023-09-05 19:18:59,
4000,3,4000,2023-05-05 19:18:59,2023-10-06 19:18:59,2023-09-05 19:18:59,2023-09-05 19:18:59,
4001,3,4001,2023-08-18 19:18:59,2024-07-30 19:18:59,2023-09-05 19:18:59,2023-09-05 19:18:59,
4002,1,4002,2023-04-20 19:18:59,2024-07-15 19:18:59,2023-09-05 19:18:59,2023-09-05 19:18:59,
4003,2,4003,2023-07-03 19:18:59,2023-11-29 19:18:59,2023-09-05 19:18:59,2023-09-05 19:18:59,
4004,1,4004,2023-01-23 19:18:59,2024-06-25 19:18:59,2023-09-05 19:18:59,2023-09-05 19:18:59,
4005,2,4005,2023-07-17 19:18:59,2024-07-23 19:18:59,2023-09-05 19:18:59,2023-09-05 19:18:59,
4006,1,4006,2022-11-06 19:18:59,2024-07-07 19:18:59,2023-09-05 19:18:59,2023-09-05 19:18:59,
4007,1,4007,2023-07-06 19:18:59,2024-04-19 19:18:59,2023-09-05 19:18:59,2023-09-05 19:18:59,
4008,1,4008,2023-06-05 19:18:59,2023-12-26 19:18:59,2023-09-05 19:18:59,2023-09-05 19:18:59,
4009,3,4009,2023-05-30 19:18:59,2024-09-03 19:18:59,2023-09-05 19:18:59,2023-09-05 19:18:59,
4010,2,4010,2022-10-31 19:18:59,2024-07-04 19:18:59,2023-09-05 19:18:59,2023-09-05 19:18:59,
4011,3,4011,2023-05-17 19:18:59,2024-06-20 19:18:59,2023-09-05 19:18:59,2023-09-05 19:18:59,
4012,1,4012,2023-04-28 19:18:59,2024-03-10 19:18:59,2023-09-05 19:18:59,2023-09-05 19:18:59,
4013,2,4013,2023-02-21 19:18:59,2024-05-17 19:18:59,2023-09-05 19:18:59,2023-09-05 19:18:59,
4014,2,4014,2022-11-11 19:18:59,2023-10-28 19:18:59,2023-09-05 19:18:59,2023-09-05 19:18:59,
4015,3,4015,2023-07-04 19:18:59,2024-07-13 19:18:59,2023-09-05 19:18:59,2023-09-05 19:18:59,
4016,2,4016,2023-01-18 19:18:59,2024-02-15 19:18:59,2023-09-05 19:18:59,2023-09-05 19:18:59,
4017,1,4017,2023-03-01 19:18:59,2024-05-09 19:18:59,2023-09-05 19:18:59,2023-09-05 19:18:59,
4018,1,4018,2023-03-22 19:18:59,2024-02-08 19:18:59,2023-09-05 19:18:59,2023-09-05 19:18:59,
4019,2,4019,2023-05-27 19:18:59,2024-04-05 19:18:59,2023-09-05 19:18:59,2023-09-05 19:18:59,
4020,1,4020,2023-02-21 19:18:59,2023-11-07 19:18:59,2023-09-05 19:18:59,2023-09-05 19:18:59,
4021,1,4021,2023-04-08 19:18:59,2024-04-08 19:18:59,2023-09-05 19:18:59,2023-09-05 19:18:59,
4022,3,4022,2023-03-03 19:18:59,2024-07-01 19:18:59,2023-09-05 19:18:59,2023-09-05 19:18:59,
4023,2,4023,2023-01-17 19:18:59,2024-09-03 19:18:59,2023-09-05 19:18:59,2023-09-05 19:18:59,
4024,2,4024,2023-05-18 19:18:59,2024-05-20 19:18:59,2023-09-05 19:18:59,2023-09-05 19:18:59,
4025,1,4025,2022-10-11 19:18:59,2024-03-23 19:18:59,2023-09-05 19:18:59,2023-09-05 19:18:59,
4026,1,4026,2023-03-12 19:18:59,2024-06-24 19:18:59,2023-09-05 19:18:59,2023-09-05 19:18:59,
4027,3,4027,2023-06-17 19:18:59,2024-02-14 19:18:59,2023-09-05 19:18:59,2023-09-05 19:18:59,
4028,3,4028,2023-06-07 19:18:59,2023-11-08 19:18:59,2023-09-05 19:18:59,2023-09-05 19:18:59,
4029,3,4029,2022-10-23 19:18:59,2023-10-25 19:18:59,2023-09-05 19:18:59,2023-09-05 19:18:59,
4030,2,4030,2023-01-29 19:18:59,2024-08-04 19:18:59,2023-09-05 19:18:59,2023-09-05 19:18:59,
4031,3,4031,2023-09-02 19:18:59,2024-06-21 19:18:59,2023-09-05 19:18:59,2023-09-05 19:18:59,
4032,1,4032,2023-08-23 19:18:59,2024-04-25 19:18:59,2023-09-05 19:18:59,2023-09-05 19:18:59,
4033,1,4033,2023-03-13 19:18:59,2024-07-02 19:18:59,2023-09-05 19:18:59,2023-09-05 19:18:59,
4034,1,4034,2022-09-15 19:18:59,2024-01-18 19:18:59,2023-09-05 19:18:59,2023-09-05 19:18:59,
4035,1,4035,2023-03-04 19:18:59,2024-03-07 19:18:59,2023-09-05 19:18:59,2023-09-05 19:18:59,
4036,2,4036,2022-12-06 19:18:59,2024-01-14 19:18:59,2023-09-05 19:18:59,2023-09-05 19:18:59,
4037,3,4037,2023-08-07 19:18:59,2023-12-20 19:18:59,2023-09-05 19:18:59,2023-09-05 19:18:59,
4038,3,4038,2022-12-17 19:18:59,2024-01-10 19:18:59,2023-09-05 19:18:59,2023-09-05 19:18:59,
4039,2,4039,2023-07-02 19:18:59,2024-06-27 19:18:59,2023-09-05 19:18:59,2023-09-05 19:18:59,
4040,1,4040,2023-03-03 19:18:59,2023-11-21 19:18:59,2023-09-05 19:18:59,2023-09-05 19:18:59,
4041,3,4041,2022-10-18 19:18:59,2024-05-23 19:18:59,2023-09-05 19:18:59,2023-09-05 19:18:59,
4042,3,4042,2022-10-29 19:18:59,2023-10-17 19:18:59,2023-09-05 19:18:59,2023-09-05 19:18:59,
4043,1,4043,2023-03-04 19:18:59,2023-10-27 19:18:59,2023-09-05 19:18:59,2023-09-05 19:18:59,
4044,2,4044,2023-05-11 19:18:59,2023-10-23 19:18:59,2023-09-05 19:18:59,2023-09-05 19:18:59,
4045,2,4045,2023-07-30 19:18:59,2024-07-20 19:18:59,2023-09-05 19:18:59,2023-09-05 19:18:59,
4046,2,4046,2023-03-24 19:18:59,2024-05-07 19:18:59,2023-09-05 19:18:59,2023-09-05 19:18:59,
4047,2,4047,2022-09-24 19:18:59,2024-04-28 19:18:59,2023-09-05 19:18:59,2023-09-05 19:18:59,
4048,2,4048,2023-07-24 19:18:59,2024-08-22 19:18:59,2023-09-05 19:18:59,2023-09-05 19:18:59,
4049,3,4049,2023-06-04 19:18:59,2024-08-30 19:18:59,2023-09-05 19:18:59,2023-09-05 19:18:59,
4050,2,4050,2022-10-08 19:18:59,2024-01-28 19:18:59,2023-09-05 19:18:59,2023-09-05 19:18:59,
4051,3,4051,2023-07-30 19:18:59,2024-07-03 19:18:59,2023-09-05 19:18:59,2023-09-05 19:18:59,
4052,1,4052,2022-10-21 19:18:59,2023-12-04 19:18:59,2023-09-05 19:18:59,2023-09-05 19:18:59,
4053,3,4053,2023-06-09 19:18:59,2023-11-10 19:18:59,2023-09-05 19:18:59,2023-09-05 19:18:59,
4054,3,4054,2023-08-31 19:18:59,2024-02-10 19:18:59,2023-09-05 19:18:59,2023-09-05 19:18:59,
4055,3,4055,2023-04-23 19:18:59,2024-09-02 19:18:59,2023-09-05 19:18:59,2023-09-05 19:18:59,
4056,2,4056,2023-02-10 19:18:59,2023-11-12 19:18:59,2023-09-05 19:18:59,2023-09-05 19:18:59,
4057,3,4057,2023-07-11 19:18:59,2024-06-24 19:18:59,2023-09-05 19:18:59,2023-09-05 19:18:59,
4058,1,4058,2023-07-12 19:18:59,2024-01-09 19:18:59,2023-09-05 19:18:59,2023-09-05 19:18:59,
4059,2,4059,2022-09-07 19:18:59,2023-12-02 19:18:59,2023-09-05 19:18:59,2023-09-05 19:18:59,
4060,3,4060,2023-01-27 19:18:59,2024-08-28 19:18:59,2023-09-05 19:18:59,2023-09-05 19:18:59,
4061,3,4061,2023-03-30 19:18:59,2024-04-25 19:18:59,2023-09-05 19:18:59,2023-09-05 19:18:59,
4062,1,4062,2023-07-19 19:18:59,2023-11-07 19:18:59,2023-09-05 19:18:59,2023-09-05 19:18:59,
4063,3,4063,2023-07-27 19:18:59,2024-02-24 19:18:59,2023-09-05 19:18:59,2023-09-05 19:18:59,
4064,2,4064,2022-10-01 19:18:59,2024-02-17 19:18:59,2023-09-05 19:18:59,2023-09-05 19:18:59,
4065,2,4065,2023-02-27 19:18:59,2024-03-07 19:18:59,2023-09-05 19:18:59,2023-09-05 19:18:59,
4066,3,4066,2023-04-22 19:18:59,2024-06-04 19:18:59,2023-09-05 19:18:59,2023-09-05 19:18:59,
4067,1,4067,2023-01-25 19:18:59,2024-05-04 19:18:59,2023-09-05 19:18:59,2023-09-05 19:18:59,
4068,2,4068,2022-11-22 19:18:59,2024-08-05 19:18:59,2023-09-05 19:18:59,2023-09-05 19:18:59,
4069,2,4069,2023-04-28 19:18:59,2024-07-19 19:18:59,2023-09-05 19:18:59,2023-09-05 19:18:59,
4070,1,4070,2023-06-06 19:18:59,2024-06-14 19:18:59,2023-09-05 19:18:59,2023-09-05 19:18:59,
4071,2,4071,2023-05-25 19:18:59,2024-04-22 19:18:59,2023-09-05 19:18:59,2023-09-05 19:18:59,
4072,1,4072,2022-10-28 19:18:59,2024-05-02 19:18:59,2023-09-05 19:18:59,2023-09-05 19:18:59,
4073,2,4073,2023-07-13 19:18:59,2024-07-30 19:18:59,2023-09-05 19:18:59,2023-09-05 19:18:59,
4074,1,4074,2022-09-07 19:18:59,2023-10-31 19:18:59,2023-09-05 19:18:59,2023-09-05 19:18:59,
4075,1,4075,2023-06-03 19:18:59,2024-08-09 19:18:59,2023-09-05 19:18:59,2023-09-05 19:18:59,
4076,3,4076,2022-12-18 19:18:59,2024-05-25 19:18:59,2023-09-05 19:18:59,2023-09-05 19:18:59,
4077,2,4077,2022-11-13 19:18:59,2024-02-22 19:18:59,2023-09-05 19:18:59,2023-09-05 19:18:59,
4078,2,4078,2023-03-27 19:18:59,2023-12-05 19:18:59,2023-09-05 19:18:59,2023-09-05 19:18:59,
4079,3,4079,2023-05-14 19:18:59,2024-06-30 19:18:59,2023-09-05 19:18:59,2023-09-05 19:18:59,
4080,2,4080,2023-04-01 19:18:59,2024-05-21 19:18:59,2023-09-05 19:18:59,2023-09-05 19:18:59,
4081,3,4081,2023-09-01 19:18:59,2024-04-08 19:18:59,2023-09-05 19:18:59,2023-09-05 19:18:59,
4082,1,4082,2023-01-03 19:18:59,2024-07-17 19:18:59,2023-09-05 19:18:59,2023-09-05 19:18:59,
4083,3,4083,2022-10-31 19:18:59,2024-08-11 19:18:59,2023-09-05 19:18:59,2023-09-05 19:18:59,
4084,3,4084,2022-09-05 19:18:59,2024-04-08 19:18:59,2023-09-05 19:18:59,2023-09-05 19:18:59,
4085,3,4085,2022-11-28 19:18:59,2024-01-05 19:18:59,2023-09-05 19:18:59,2023-09-05 19:18:59,
4086,3,4086,2023-06-05 19:18:59,2024-08-18 19:18:59,2023-09-05 19:18:59,2023-09-05 19:18:59,
4087,1,4087,2023-01-02 19:18:59,2024-03-12 19:18:59,2023-09-05 19:18:59,2023-09-05 19:18:59,
4088,3,4088,2022-09-20 19:18:59,2023-12-03 19:18:59,2023-09-05 19:18:59,2023-09-05 19:18:59,
4089,1,4089,2023-07-03 19:18:59,2024-01-05 19:18:59,2023-09-05 19:18:59,2023-09-05 19:18:59,
4090,2,4090,2023-07-22 19:18:59,2024-02-13 19:18:59,2023-09-05 19:18:59,2023-09-05 19:18:59,
4091,3,4091,2023-05-07 19:18:59,2024-03-02 19:18:59,2023-09-05 19:18:59,2023-09-05 19:18:59,
4092,2,4092,2023-02-01 19:18:59,2024-03-30 19:18:59,2023-09-05 19:18:59,2023-09-05 19:18:59,
4093,3,4093,2022-11-13 19:18:59,2024-07-07 19:18:59,2023-09-05 19:18:59,2023-09-05 19:18:59,
4094,3,4094,2023-03-04 19:18:59,2024-03-09 19:18:59,2023-09-05 19:18:59,2023-09-05 19:18:59,
4095,1,4095,2022-11-21 19:18:59,2024-06-18 19:18:59,2023-09-05 19:18:59,2023-09-05 19:18:59,
4096,3,4096,2023-04-12 19:18:59,2024-05-12 19:18:59,2023-09-05 19:18:59,2023-09-05 19:18:59,
4097,2,4097,2022-10-13 19:18:59,2024-07-23 19:18:59,2023-09-05 19:18:59,2023-09-05 19:18:59,
4098,3,4098,2023-06-14 19:18:59,2024-07-03 19:18:59,2023-09-05 19:18:59,2023-09-05 19:18:59,
4099,3,4099,2023-01-28 19:18:59,2024-03-27 19:18:59,2023-09-05 19:18:59,2023-09-05 19:18:59,
4100,1,4100,2023-04-15 19:18:59,2024-03-19 19:18:59,2023-09-05 19:18:59,2023-09-05 19:18:59,
4101,3,4101,2023-07-02 19:18:59,2023-10-09 19:18:59,2023-09-05 19:18:59,2023-09-05 19:18:59,
4102,1,4102,2022-11-19 19:18:59,2023-12-15 19:18:59,2023-09-05 19:18:59,2023-09-05 19:18:59,
4103,1,4103,2022-10-31 19:18:59,2024-01-15 19:18:59,2023-09-05 19:18:59,2023-09-05 19:18:59,
4104,2,4104,2023-04-23 19:18:59,2024-06-02 19:18:59,2023-09-05 19:18:59,2023-09-05 19:18:59,
4105,2,4105,2023-02-11 19:18:59,2024-04-06 19:18:59,2023-09-05 19:18:59,2023-09-05 19:18:59,
4106,2,4106,2023-02-19 19:18:59,2024-01-09 19:18:59,2023-09-05 19:18:59,2023-09-05 19:18:59,
4107,3,4107,2023-02-08 19:18:59,2024-04-06 19:18:59,2023-09-05 19:18:59,2023-09-05 19:18:59,
4108,2,4108,2022-12-17 19:18:59,2024-08-23 19:18:59,2023-09-05 19:18:59,2023-09-05 19:18:59,
4109,3,4109,2023-07-21 19:18:59,2024-04-25 19:18:59,2023-09-05 19:18:59,2023-09-05 19:18:59,
4110,1,4110,2022-12-25 19:18:59,2023-12-05 19:18:59,2023-09-05 19:18:59,2023-09-05 19:18:59,
4111,3,4111,2023-02-19 19:18:59,2023-12-08 19:18:59,2023-09-05 19:18:59,2023-09-05 19:18:59,
4112,2,4112,2023-05-25 19:18:59,2024-06-16 19:18:59,2023-09-05 19:18:59,2023-09-05 19:18:59,
4113,2,4113,2022-09-30 19:18:59,2024-03-26 19:18:59,2023-09-05 19:18:59,2023-09-05 19:18:59,
4114,3,4114,2022-09-16 19:18:59,2024-01-28 19:18:59,2023-09-05 19:18:59,2023-09-05 19:18:59,
4115,1,4115,2023-02-03 19:18:59,2023-10-20 19:18:59,2023-09-05 19:18:59,2023-09-05 19:18:59,
4116,2,4116,2023-09-01 19:18:59,2023-12-24 19:18:59,2023-09-05 19:18:59,2023-09-05 19:18:59,
4117,2,4117,2022-12-03 19:18:59,2024-06-29 19:18:59,2023-09-05 19:18:59,2023-09-05 19:18:59,
4118,3,4118,2023-04-04 19:18:59,2023-12-18 19:18:59,2023-09-05 19:18:59,2023-09-05 19:18:59,
4119,1,4119,2022-09-19 19:18:59,2024-06-29 19:18:59,2023-09-05 19:18:59,2023-09-05 19:18:59,
4120,2,4120,2022-10-27 19:18:59,2024-01-19 19:18:59,2023-09-05 19:18:59,2023-09-05 19:18:59,
4121,3,4121,2023-07-15 19:18:59,2024-06-22 19:18:59,2023-09-05 19:18:59,2023-09-05 19:18:59,
4122,1,4122,2022-10-03 19:18:59,2024-01-01 19:18:59,2023-09-05 19:18:59,2023-09-05 19:18:59,
4123,3,4123,2023-01-02 19:18:59,2024-06-30 19:18:59,2023-09-05 19:18:59,2023-09-05 19:18:59,
4124,2,4124,2023-06-21 19:18:59,2024-04-17 19:18:59,2023-09-05 19:18:59,2023-09-05 19:18:59,
4125,3,4125,2023-06-06 19:18:59,2024-01-04 19:18:59,2023-09-05 19:18:59,2023-09-05 19:18:59,
4126,3,4126,2023-07-27 19:18:59,2024-04-30 19:18:59,2023-09-05 19:18:59,2023-09-05 19:18:59,
4127,1,4127,2022-12-26 19:18:59,2024-05-08 19:18:59,2023-09-05 19:18:59,2023-09-05 19:18:59,
4128,3,4128,2022-11-28 19:18:59,2024-08-17 19:18:59,2023-09-05 19:18:59,2023-09-05 19:18:59,
4129,3,4129,2022-11-17 19:18:59,2023-12-25 19:18:59,2023-09-05 19:18:59,2023-09-05 19:18:59,
4130,2,4130,2022-10-16 19:18:59,2023-10-16 19:18:59,2023-09-05 19:18:59,2023-09-05 19:18:59,
4131,1,4131,2022-12-26 19:18:59,2024-08-26 19:18:59,2023-09-05 19:18:59,2023-09-05 19:18:59,
4132,1,4132,2022-09-29 19:18:59,2024-02-04 19:18:59,2023-09-05 19:18:59,2023-09-05 19:18:59,
4133,3,4133,2022-12-25 19:18:59,2024-06-21 19:18:59,2023-09-05 19:18:59,2023-09-05 19:18:59,
4134,2,4134,2023-05-26 19:18:59,2024-06-08 19:18:59,2023-09-05 19:18:59,2023-09-05 19:18:59,
4135,2,4135,2022-11-11 19:18:59,2024-01-27 19:18:59,2023-09-05 19:18:59,2023-09-05 19:18:59,
4136,3,4136,2022-11-22 19:18:59,2024-07-22 19:18:59,2023-09-05 19:18:59,2023-09-05 19:18:59,
4137,3,4137,2023-04-22 19:18:59,2023-11-21 19:18:59,2023-09-05 19:18:59,2023-09-05 19:18:59,
4138,3,4138,2022-11-18 19:18:59,2024-06-30 19:18:59,2023-09-05 19:18:59,2023-09-05 19:18:59,
4139,1,4139,2023-03-21 19:18:59,2024-01-27 19:18:59,2023-09-05 19:18:59,2023-09-05 19:18:59,
4140,1,4140,2023-01-29 19:18:59,2023-12-10 19:18:59,2023-09-05 19:18:59,2023-09-05 19:18:59,
4141,1,4141,2023-08-04 19:18:59,2024-03-30 19:18:59,2023-09-05 19:18:59,2023-09-05 19:18:59,
4142,1,4142,2023-05-10 19:18:59,2024-02-15 19:18:59,2023-09-05 19:18:59,2023-09-05 19:18:59,
4143,1,4143,2023-04-06 19:18:59,2024-08-22 19:18:59,2023-09-05 19:18:59,2023-09-05 19:18:59,
4144,2,4144,2022-09-13 19:18:59,2024-01-29 19:18:59,2023-09-05 19:18:59,2023-09-05 19:18:59,
4145,2,4145,2023-05-16 19:18:59,2024-04-19 19:18:59,2023-09-05 19:18:59,2023-09-05 19:18:59,
4146,1,4146,2023-05-22 19:18:59,2023-12-21 19:18:59,2023-09-05 19:18:59,2023-09-05 19:18:59,
4147,2,4147,2023-03-12 19:18:59,2023-11-16 19:18:59,2023-09-05 19:18:59,2023-09-05 19:18:59,
4148,1,4148,2022-10-11 19:18:59,2023-10-11 19:18:59,2023-09-05 19:18:59,2023-09-05 19:18:59,
4149,3,4149,2023-06-03 19:18:59,2024-07-16 19:18:59,2023-09-05 19:18:59,2023-09-05 19:18:59,
4150,3,4150,2022-12-26 19:18:59,2024-05-26 19:18:59,2023-09-05 19:18:59,2023-09-05 19:18:59,
4151,2,4151,2023-08-15 19:18:59,2024-02-22 19:18:59,2023-09-05 19:18:59,2023-09-05 19:18:59,
4152,3,4152,2023-08-02 19:18:59,2024-07-04 19:18:59,2023-09-05 19:18:59,2023-09-05 19:18:59,
4153,3,4153,2023-08-10 19:18:59,2024-03-06 19:18:59,2023-09-05 19:18:59,2023-09-05 19:18:59,
4154,3,4154,2022-11-24 19:18:59,2024-07-07 19:18:59,2023-09-05 19:18:59,2023-09-05 19:18:59,
4155,1,4155,2023-05-16 19:18:59,2024-03-08 19:18:59,2023-09-05 19:18:59,2023-09-05 19:18:59,
4156,1,4156,2023-08-27 19:18:59,2024-07-26 19:18:59,2023-09-05 19:18:59,2023-09-05 19:18:59,
4157,1,4157,2022-12-06 19:18:59,2024-02-17 19:18:59,2023-09-05 19:18:59,2023-09-05 19:18:59,
4158,3,4158,2023-05-11 19:18:59,2023-12-10 19:18:59,2023-09-05 19:18:59,2023-09-05 19:18:59,
4159,1,4159,2022-11-08 19:18:59,2024-08-05 19:18:59,2023-09-05 19:18:59,2023-09-05 19:18:59,
4160,3,4160,2023-01-13 19:18:59,2024-01-30 19:18:59,2023-09-05 19:18:59,2023-09-05 19:18:59,
4161,2,4161,2023-08-11 19:18:59,2024-05-11 19:18:59,2023-09-05 19:18:59,2023-09-05 19:18:59,
4162,2,4162,2023-07-12 19:18:59,2024-06-19 19:18:59,2023-09-05 19:18:59,2023-09-05 19:18:59,
4163,3,4163,2022-09-27 19:18:59,2024-02-26 19:18:59,2023-09-05 19:18:59,2023-09-05 19:18:59,
4164,1,4164,2022-10-12 19:18:59,2023-11-04 19:18:59,2023-09-05 19:18:59,2023-09-05 19:18:59,
4165,2,4165,2022-09-28 19:18:59,2024-07-20 19:18:59,2023-09-05 19:18:59,2023-09-05 19:18:59,
4166,1,4166,2022-10-16 19:18:59,2023-11-29 19:18:59,2023-09-05 19:18:59,2023-09-05 19:18:59,
4167,3,4167,2022-09-25 19:18:59,2024-04-30 19:18:59,2023-09-05 19:18:59,2023-09-05 19:18:59,
4168,2,4168,2022-10-06 19:18:59,2023-11-20 19:18:59,2023-09-05 19:18:59,2023-09-05 19:18:59,
4169,1,4169,2022-10-25 19:18:59,2023-11-26 19:18:59,2023-09-05 19:18:59,2023-09-05 19:18:59,
4170,3,4170,2023-09-02 19:18:59,2024-08-22 19:18:59,2023-09-05 19:18:59,2023-09-05 19:18:59,
4171,2,4171,2023-08-20 19:18:59,2024-05-09 19:18:59,2023-09-05 19:18:59,2023-09-05 19:18:59,
4172,3,4172,2023-07-25 19:18:59,2023-12-06 19:18:59,2023-09-05 19:18:59,2023-09-05 19:18:59,
4173,3,4173,2023-05-29 19:18:59,2023-11-22 19:18:59,2023-09-05 19:18:59,2023-09-05 19:18:59,
4174,3,4174,2022-09-08 19:18:59,2023-11-06 19:18:59,2023-09-05 19:18:59,2023-09-05 19:18:59,
4175,3,4175,2023-07-15 19:18:59,2024-07-07 19:18:59,2023-09-05 19:18:59,2023-09-05 19:18:59,
4176,1,4176,2023-08-09 19:18:59,2024-03-25 19:18:59,2023-09-05 19:18:59,2023-09-05 19:18:59,
4177,3,4177,2022-09-10 19:18:59,2024-06-05 19:18:59,2023-09-05 19:18:59,2023-09-05 19:18:59,
4178,2,4178,2022-11-03 19:18:59,2024-06-02 19:18:59,2023-09-05 19:18:59,2023-09-05 19:18:59,
4179,1,4179,2022-12-16 19:18:59,2024-02-21 19:18:59,2023-09-05 19:18:59,2023-09-05 19:18:59,
4180,1,4180,2023-05-01 19:18:59,2023-10-19 19:18:59,2023-09-05 19:18:59,2023-09-05 19:18:59,
4181,2,4181,2023-08-10 19:18:59,2024-07-26 19:18:59,2023-09-05 19:18:59,2023-09-05 19:18:59,
4182,2,4182,2023-04-10 19:18:59,2024-01-21 19:18:59,2023-09-05 19:18:59,2023-09-05 19:18:59,
4183,1,4183,2023-02-11 19:18:59,2024-03-23 19:18:59,2023-09-05 19:18:59,2023-09-05 19:18:59,
4184,3,4184,2023-06-01 19:18:59,2024-06-23 19:18:59,2023-09-05 19:18:59,2023-09-05 19:18:59,
4185,3,4185,2023-03-08 19:18:59,2023-10-10 19:18:59,2023-09-05 19:18:59,2023-09-05 19:18:59,
4186,2,4186,2023-01-24 19:18:59,2024-06-11 19:18:59,2023-09-05 19:18:59,2023-09-05 19:18:59,
4187,3,4187,2022-11-09 19:18:59,2023-12-23 19:18:59,2023-09-05 19:18:59,2023-09-05 19:18:59,
4188,2,4188,2022-11-26 19:18:59,2023-11-26 19:18:59,2023-09-05 19:18:59,2023-09-05 19:18:59,
4189,1,4189,2022-10-18 19:18:59,2023-11-26 19:18:59,2023-09-05 19:18:59,2023-09-05 19:18:59,
4190,3,4190,2023-03-20 19:18:59,2024-02-01 19:18:59,2023-09-05 19:18:59,2023-09-05 19:18:59,
4191,1,4191,2022-10-24 19:18:59,2024-08-14 19:18:59,2023-09-05 19:18:59,2023-09-05 19:18:59,
4192,1,4192,2023-01-27 19:18:59,2023-12-08 19:18:59,2023-09-05 19:18:59,2023-09-05 19:18:59,
4193,3,4193,2023-01-05 19:18:59,2024-08-17 19:18:59,2023-09-05 19:18:59,2023-09-05 19:18:59,
4194,1,4194,2022-12-12 19:18:59,2024-04-26 19:18:59,2023-09-05 19:18:59,2023-09-05 19:18:59,
4195,3,4195,2023-07-03 19:18:59,2024-06-08 19:18:59,2023-09-05 19:18:59,2023-09-05 19:18:59,
4196,1,4196,2022-09-20 19:18:59,2024-03-21 19:18:59,2023-09-05 19:18:59,2023-09-05 19:18:59,
4197,2,4197,2023-08-16 19:18:59,2023-10-23 19:18:59,2023-09-05 19:18:59,2023-09-05 19:18:59,
4198,2,4198,2023-01-02 19:18:59,2024-06-04 19:18:59,2023-09-05 19:18:59,2023-09-05 19:18:59,
4199,2,4199,2023-06-20 19:18:59,2024-09-03 19:18:59,2023-09-05 19:18:59,2023-09-05 19:18:59,
4200,1,4200,2022-11-20 19:18:59,2024-03-26 19:18:59,2023-09-05 19:18:59,2023-09-05 19:18:59,
4201,1,4201,2023-05-05 19:18:59,2024-06-22 19:18:59,2023-09-05 19:18:59,2023-09-05 19:18:59,
4202,2,4202,2023-08-04 19:18:59,2024-07-28 19:18:59,2023-09-05 19:18:59,2023-09-05 19:18:59,
4203,3,4203,2023-07-21 19:18:59,2024-05-23 19:18:59,2023-09-05 19:18:59,2023-09-05 19:18:59,
4204,2,4204,2023-02-18 19:18:59,2023-11-28 19:18:59,2023-09-05 19:18:59,2023-09-05 19:18:59,
4205,1,4205,2023-06-26 19:18:59,2024-01-16 19:18:59,2023-09-05 19:18:59,2023-09-05 19:18:59,
4206,3,4206,2023-02-22 19:18:59,2024-08-27 19:18:59,2023-09-05 19:18:59,2023-09-05 19:18:59,
4207,1,4207,2022-10-04 19:18:59,2024-06-08 19:18:59,2023-09-05 19:18:59,2023-09-05 19:18:59,
4208,1,4208,2023-01-18 19:18:59,2023-11-14 19:18:59,2023-09-05 19:18:59,2023-09-05 19:18:59,
4209,2,4209,2023-08-24 19:18:59,2024-05-02 19:18:59,2023-09-05 19:18:59,2023-09-05 19:18:59,
4210,2,4210,2023-09-03 19:18:59,2023-11-16 19:18:59,2023-09-05 19:18:59,2023-09-05 19:18:59,
4211,3,4211,2023-01-07 19:18:59,2024-03-16 19:18:59,2023-09-05 19:18:59,2023-09-05 19:18:59,
4212,2,4212,2023-07-06 19:18:59,2024-01-23 19:18:59,2023-09-05 19:18:59,2023-09-05 19:18:59,
4213,3,4213,2022-11-27 19:18:59,2024-02-22 19:18:59,2023-09-05 19:18:59,2023-09-05 19:18:59,
4214,2,4214,2023-04-10 19:18:59,2024-08-28 19:18:59,2023-09-05 19:18:59,2023-09-05 19:18:59,
4215,2,4215,2023-05-28 19:18:59,2024-06-04 19:18:59,2023-09-05 19:18:59,2023-09-05 19:18:59,
4216,1,4216,2022-09-26 19:18:59,2023-10-09 19:18:59,2023-09-05 19:18:59,2023-09-05 19:18:59,
4217,3,4217,2022-09-05 19:18:59,2024-03-26 19:18:59,2023-09-05 19:18:59,2023-09-05 19:18:59,
4218,3,4218,2023-07-24 19:18:59,2024-08-13 19:18:59,2023-09-05 19:18:59,2023-09-05 19:18:59,
4219,2,4219,2023-01-08 19:18:59,2024-06-14 19:18:59,2023-09-05 19:18:59,2023-09-05 19:18:59,
4220,1,4220,2022-12-16 19:18:59,2024-01-10 19:18:59,2023-09-05 19:18:59,2023-09-05 19:18:59,
4221,3,4221,2023-01-17 19:18:59,2024-04-19 19:18:59,2023-09-05 19:18:59,2023-09-05 19:18:59,
4222,2,4222,2022-09-26 19:18:59,2024-06-22 19:18:59,2023-09-05 19:18:59,2023-09-05 19:18:59,
4223,2,4223,2022-11-29 19:18:59,2024-01-14 19:18:59,2023-09-05 19:18:59,2023-09-05 19:18:59,
4224,3,4224,2023-03-10 19:18:59,2023-12-07 19:18:59,2023-09-05 19:18:59,2023-09-05 19:18:59,
4225,1,4225,2022-11-23 19:18:59,2023-10-11 19:18:59,2023-09-05 19:18:59,2023-09-05 19:18:59,
4226,2,4226,2023-01-02 19:18:59,2024-06-11 19:18:59,2023-09-05 19:18:59,2023-09-05 19:18:59,
4227,3,4227,2023-02-13 19:18:59,2024-01-19 19:18:59,2023-09-05 19:18:59,2023-09-05 19:18:59,
4228,1,4228,2023-02-05 19:18:59,2024-01-15 19:18:59,2023-09-05 19:18:59,2023-09-05 19:18:59,
4229,2,4229,2022-11-07 19:18:59,2024-08-16 19:18:59,2023-09-05 19:18:59,2023-09-05 19:18:59,
4230,2,4230,2023-08-03 19:18:59,2024-07-15 19:18:59,2023-09-05 19:18:59,2023-09-05 19:18:59,
4231,2,4231,2023-04-17 19:18:59,2024-07-07 19:18:59,2023-09-05 19:18:59,2023-09-05 19:18:59,
4232,3,4232,2022-12-09 19:18:59,2024-04-26 19:18:59,2023-09-05 19:18:59,2023-09-05 19:18:59,
4233,3,4233,2023-08-27 19:18:59,2024-02-10 19:18:59,2023-09-05 19:18:59,2023-09-05 19:18:59,
4234,1,4234,2023-05-14 19:18:59,2024-02-13 19:18:59,2023-09-05 19:18:59,2023-09-05 19:18:59,
4235,2,4235,2023-08-10 19:18:59,2024-05-10 19:18:59,2023-09-05 19:18:59,2023-09-05 19:18:59,
4236,1,4236,2022-09-13 19:18:59,2023-10-28 19:18:59,2023-09-05 19:18:59,2023-09-05 19:18:59,
4237,3,4237,2023-01-02 19:18:59,2024-07-28 19:18:59,2023-09-05 19:18:59,2023-09-05 19:18:59,
4238,3,4238,2022-10-07 19:18:59,2024-05-22 19:18:59,2023-09-05 19:18:59,2023-09-05 19:18:59,
4239,1,4239,2022-10-30 19:18:59,2023-12-20 19:18:59,2023-09-05 19:18:59,2023-09-05 19:18:59,
4240,2,4240,2022-10-30 19:18:59,2024-02-21 19:18:59,2023-09-05 19:18:59,2023-09-05 19:18:59,
4241,3,4241,2023-04-11 19:18:59,2024-08-13 19:18:59,2023-09-05 19:18:59,2023-09-05 19:18:59,
4242,1,4242,2023-08-25 19:18:59,2024-06-03 19:18:59,2023-09-05 19:18:59,2023-09-05 19:18:59,
4243,2,4243,2023-02-12 19:18:59,2024-03-12 19:18:59,2023-09-05 19:18:59,2023-09-05 19:18:59,
4244,3,4244,2023-09-02 19:18:59,2024-01-02 19:18:59,2023-09-05 19:18:59,2023-09-05 19:18:59,
4245,3,4245,2023-08-16 19:18:59,2024-08-12 19:18:59,2023-09-05 19:18:59,2023-09-05 19:18:59,
4246,2,4246,2023-02-24 19:18:59,2024-03-24 19:18:59,2023-09-05 19:18:59,2023-09-05 19:18:59,
4247,3,4247,2022-10-16 19:18:59,2024-07-20 19:18:59,2023-09-05 19:18:59,2023-09-05 19:18:59,
4248,3,4248,2022-12-08 19:18:59,2023-10-10 19:18:59,2023-09-05 19:18:59,2023-09-05 19:18:59,
4249,1,4249,2022-12-07 19:18:59,2024-08-19 19:18:59,2023-09-05 19:18:59,2023-09-05 19:18:59,
4250,2,4250,2022-11-05 19:18:59,2023-10-16 19:18:59,2023-09-05 19:18:59,2023-09-05 19:18:59,
4251,2,4251,2022-09-13 19:18:59,2023-10-06 19:18:59,2023-09-05 19:18:59,2023-09-05 19:18:59,
4252,3,4252,2022-09-29 19:18:59,2024-05-01 19:18:59,2023-09-05 19:18:59,2023-09-05 19:18:59,
4253,3,4253,2023-06-08 19:18:59,2024-05-03 19:18:59,2023-09-05 19:18:59,2023-09-05 19:18:59,
4254,3,4254,2023-06-28 19:18:59,2024-08-14 19:18:59,2023-09-05 19:18:59,2023-09-05 19:18:59,
4255,2,4255,2023-02-27 19:18:59,2024-06-13 19:18:59,2023-09-05 19:18:59,2023-09-05 19:18:59,
4256,1,4256,2022-09-26 19:18:59,2024-02-18 19:18:59,2023-09-05 19:18:59,2023-09-05 19:18:59,
4257,3,4257,2023-03-26 19:18:59,2024-08-21 19:18:59,2023-09-05 19:18:59,2023-09-05 19:18:59,
4258,1,4258,2022-12-21 19:18:59,2024-07-03 19:18:59,2023-09-05 19:18:59,2023-09-05 19:18:59,
4259,1,4259,2023-05-26 19:18:59,2024-08-09 19:18:59,2023-09-05 19:18:59,2023-09-05 19:18:59,
4260,2,4260,2023-06-30 19:18:59,2023-10-10 19:18:59,2023-09-05 19:18:59,2023-09-05 19:18:59,
4261,2,4261,2023-03-08 19:18:59,2024-07-19 19:18:59,2023-09-05 19:18:59,2023-09-05 19:18:59,
4262,3,4262,2023-05-17 19:18:59,2024-06-21 19:18:59,2023-09-05 19:18:59,2023-09-05 19:18:59,
4263,2,4263,2022-10-08 19:18:59,2023-10-29 19:18:59,2023-09-05 19:18:59,2023-09-05 19:18:59,
4264,1,4264,2022-10-16 19:18:59,2024-07-16 19:18:59,2023-09-05 19:18:59,2023-09-05 19:18:59,
4265,1,4265,2023-07-04 19:18:59,2024-04-05 19:18:59,2023-09-05 19:18:59,2023-09-05 19:18:59,
4266,1,4266,2023-03-06 19:18:59,2024-06-02 19:18:59,2023-09-05 19:18:59,2023-09-05 19:18:59,
4267,1,4267,2023-03-02 19:18:59,2024-07-03 19:18:59,2023-09-05 19:18:59,2023-09-05 19:18:59,
4268,1,4268,2023-05-19 19:18:59,2024-06-07 19:18:59,2023-09-05 19:18:59,2023-09-05 19:18:59,
4269,2,4269,2022-10-05 19:18:59,2024-02-21 19:18:59,2023-09-05 19:18:59,2023-09-05 19:18:59,
4270,1,4270,2023-05-28 19:18:59,2024-06-18 19:18:59,2023-09-05 19:18:59,2023-09-05 19:18:59,
4271,1,4271,2023-03-10 19:18:59,2023-12-31 19:18:59,2023-09-05 19:18:59,2023-09-05 19:18:59,
4272,3,4272,2022-09-26 19:18:59,2024-02-11 19:18:59,2023-09-05 19:18:59,2023-09-05 19:18:59,
4273,1,4273,2023-01-28 19:18:59,2024-02-01 19:18:59,2023-09-05 19:18:59,2023-09-05 19:18:59,
4274,1,4274,2023-03-01 19:18:59,2024-05-18 19:18:59,2023-09-05 19:18:59,2023-09-05 19:18:59,
4275,1,4275,2023-04-27 19:18:59,2023-11-01 19:18:59,2023-09-05 19:18:59,2023-09-05 19:18:59,
4276,3,4276,2023-06-17 19:18:59,2023-12-20 19:18:59,2023-09-05 19:18:59,2023-09-05 19:18:59,
4277,2,4277,2023-02-11 19:18:59,2024-01-15 19:18:59,2023-09-05 19:18:59,2023-09-05 19:18:59,
4278,3,4278,2023-04-13 19:18:59,2023-11-06 19:18:59,2023-09-05 19:18:59,2023-09-05 19:18:59,
4279,3,4279,2023-03-21 19:18:59,2024-03-07 19:18:59,2023-09-05 19:18:59,2023-09-05 19:18:59,
4280,1,4280,2022-11-20 19:18:59,2024-04-13 19:18:59,2023-09-05 19:18:59,2023-09-05 19:18:59,
4281,3,4281,2022-11-15 19:18:59,2023-11-07 19:18:59,2023-09-05 19:18:59,2023-09-05 19:18:59,
4282,2,4282,2023-03-08 19:18:59,2024-04-06 19:18:59,2023-09-05 19:18:59,2023-09-05 19:18:59,
4283,3,4283,2023-01-15 19:18:59,2024-02-14 19:18:59,2023-09-05 19:18:59,2023-09-05 19:18:59,
4284,2,4284,2023-02-15 19:18:59,2023-10-23 19:18:59,2023-09-05 19:18:59,2023-09-05 19:18:59,
4285,1,4285,2022-10-16 19:18:59,2024-05-23 19:18:59,2023-09-05 19:18:59,2023-09-05 19:18:59,
4286,1,4286,2023-05-22 19:18:59,2024-05-12 19:18:59,2023-09-05 19:18:59,2023-09-05 19:18:59,
4287,1,4287,2023-05-30 19:18:59,2024-01-19 19:18:59,2023-09-05 19:18:59,2023-09-05 19:18:59,
4288,1,4288,2022-12-15 19:18:59,2024-06-03 19:18:59,2023-09-05 19:18:59,2023-09-05 19:18:59,
4289,1,4289,2023-08-27 19:18:59,2024-04-23 19:18:59,2023-09-05 19:18:59,2023-09-05 19:18:59,
4290,1,4290,2022-09-20 19:18:59,2024-08-07 19:18:59,2023-09-05 19:18:59,2023-09-05 19:18:59,
4291,2,4291,2023-04-09 19:18:59,2024-04-23 19:18:59,2023-09-05 19:18:59,2023-09-05 19:18:59,
4292,2,4292,2023-02-26 19:18:59,2024-05-25 19:18:59,2023-09-05 19:18:59,2023-09-05 19:18:59,
4293,2,4293,2023-07-28 19:18:59,2023-11-12 19:18:59,2023-09-05 19:18:59,2023-09-05 19:18:59,
4294,2,4294,2023-04-01 19:18:59,2024-05-09 19:18:59,2023-09-05 19:18:59,2023-09-05 19:18:59,
4295,1,4295,2023-02-28 19:18:59,2023-12-16 19:18:59,2023-09-05 19:18:59,2023-09-05 19:18:59,
4296,1,4296,2023-07-22 19:18:59,2024-02-12 19:18:59,2023-09-05 19:18:59,2023-09-05 19:18:59,
4297,1,4297,2022-12-28 19:18:59,2023-10-31 19:18:59,2023-09-05 19:18:59,2023-09-05 19:18:59,
4298,3,4298,2023-07-24 19:18:59,2023-11-06 19:18:59,2023-09-05 19:18:59,2023-09-05 19:18:59,
4299,1,4299,2023-01-22 19:18:59,2023-12-15 19:18:59,2023-09-05 19:18:59,2023-09-05 19:18:59,
4300,1,4300,2023-06-25 19:18:59,2024-08-13 19:18:59,2023-09-05 19:18:59,2023-09-05 19:18:59,
4301,1,4301,2022-11-12 19:18:59,2023-11-21 19:18:59,2023-09-05 19:18:59,2023-09-05 19:18:59,
4302,1,4302,2023-07-29 19:18:59,2024-05-03 19:18:59,2023-09-05 19:18:59,2023-09-05 19:18:59,
4303,2,4303,2022-11-23 19:18:59,2024-05-06 19:18:59,2023-09-05 19:18:59,2023-09-05 19:18:59,
4304,2,4304,2023-01-27 19:18:59,2024-01-01 19:18:59,2023-09-05 19:18:59,2023-09-05 19:18:59,
4305,1,4305,2023-01-25 19:18:59,2024-03-28 19:18:59,2023-09-05 19:18:59,2023-09-05 19:18:59,
4306,1,4306,2023-07-08 19:18:59,2024-09-02 19:18:59,2023-09-05 19:18:59,2023-09-05 19:18:59,
4307,3,4307,2022-11-20 19:18:59,2024-02-25 19:18:59,2023-09-05 19:18:59,2023-09-05 19:18:59,
4308,1,4308,2022-09-29 19:18:59,2024-08-06 19:18:59,2023-09-05 19:18:59,2023-09-05 19:18:59,
4309,1,4309,2023-06-18 19:18:59,2024-04-23 19:18:59,2023-09-05 19:18:59,2023-09-05 19:18:59,
4310,1,4310,2022-12-14 19:18:59,2024-06-08 19:18:59,2023-09-05 19:18:59,2023-09-05 19:18:59,
4311,3,4311,2022-09-15 19:18:59,2024-01-07 19:18:59,2023-09-05 19:18:59,2023-09-05 19:18:59,
4312,1,4312,2023-08-03 19:18:59,2024-06-01 19:18:59,2023-09-05 19:18:59,2023-09-05 19:18:59,
4313,2,4313,2022-10-04 19:18:59,2024-08-26 19:18:59,2023-09-05 19:18:59,2023-09-05 19:18:59,
4314,1,4314,2023-05-21 19:18:59,2024-03-07 19:18:59,2023-09-05 19:18:59,2023-09-05 19:18:59,
4315,2,4315,2023-05-15 19:18:59,2024-01-17 19:18:59,2023-09-05 19:18:59,2023-09-05 19:18:59,
4316,1,4316,2023-02-11 19:18:59,2024-02-29 19:18:59,2023-09-05 19:18:59,2023-09-05 19:18:59,
4317,3,4317,2022-11-08 19:18:59,2024-01-14 19:18:59,2023-09-05 19:18:59,2023-09-05 19:18:59,
4318,2,4318,2022-10-06 19:18:59,2024-05-07 19:18:59,2023-09-05 19:18:59,2023-09-05 19:18:59,
4319,2,4319,2023-05-04 19:18:59,2024-02-09 19:18:59,2023-09-05 19:18:59,2023-09-05 19:18:59,
4320,3,4320,2023-07-07 19:18:59,2024-05-12 19:18:59,2023-09-05 19:18:59,2023-09-05 19:18:59,
4321,3,4321,2023-01-12 19:18:59,2024-08-20 19:18:59,2023-09-05 19:18:59,2023-09-05 19:18:59,
4322,1,4322,2023-03-16 19:18:59,2024-08-22 19:18:59,2023-09-05 19:18:59,2023-09-05 19:18:59,
4323,3,4323,2022-12-28 19:18:59,2024-06-01 19:18:59,2023-09-05 19:18:59,2023-09-05 19:18:59,
4324,3,4324,2023-02-15 19:18:59,2024-06-07 19:18:59,2023-09-05 19:18:59,2023-09-05 19:18:59,
4325,2,4325,2023-06-02 19:18:59,2024-05-24 19:18:59,2023-09-05 19:18:59,2023-09-05 19:18:59,
4326,1,4326,2022-11-28 19:18:59,2024-04-12 19:18:59,2023-09-05 19:18:59,2023-09-05 19:18:59,
4327,3,4327,2023-03-04 19:18:59,2024-02-24 19:18:59,2023-09-05 19:18:59,2023-09-05 19:18:59,
4328,3,4328,2023-07-16 19:18:59,2024-08-01 19:18:59,2023-09-05 19:18:59,2023-09-05 19:18:59,
4329,1,4329,2023-05-06 19:18:59,2024-03-04 19:18:59,2023-09-05 19:18:59,2023-09-05 19:18:59,
4330,2,4330,2023-03-02 19:18:59,2023-10-14 19:18:59,2023-09-05 19:18:59,2023-09-05 19:18:59,
4331,3,4331,2023-04-02 19:18:59,2024-07-03 19:18:59,2023-09-05 19:18:59,2023-09-05 19:18:59,
4332,1,4332,2022-11-23 19:18:59,2023-11-15 19:18:59,2023-09-05 19:18:59,2023-09-05 19:18:59,
4333,1,4333,2022-09-17 19:18:59,2024-07-10 19:18:59,2023-09-05 19:18:59,2023-09-05 19:18:59,
4334,1,4334,2023-04-16 19:18:59,2024-07-12 19:18:59,2023-09-05 19:18:59,2023-09-05 19:18:59,
4335,3,4335,2022-10-11 19:18:59,2024-01-13 19:18:59,2023-09-05 19:18:59,2023-09-05 19:18:59,
4336,2,4336,2022-12-13 19:18:59,2024-06-01 19:18:59,2023-09-05 19:18:59,2023-09-05 19:18:59,
4337,2,4337,2023-08-09 19:18:59,2024-01-05 19:18:59,2023-09-05 19:18:59,2023-09-05 19:18:59,
4338,3,4338,2022-09-11 19:18:59,2023-10-22 19:18:59,2023-09-05 19:18:59,2023-09-05 19:18:59,
4339,2,4339,2023-06-05 19:18:59,2024-05-03 19:18:59,2023-09-05 19:18:59,2023-09-05 19:18:59,
4340,2,4340,2022-12-04 19:18:59,2023-11-30 19:18:59,2023-09-05 19:18:59,2023-09-05 19:18:59,
4341,2,4341,2023-02-21 19:18:59,2023-10-26 19:18:59,2023-09-05 19:18:59,2023-09-05 19:18:59,
4342,1,4342,2023-06-14 19:18:59,2024-01-27 19:18:59,2023-09-05 19:18:59,2023-09-05 19:18:59,
4343,1,4343,2023-09-01 19:18:59,2024-02-03 19:18:59,2023-09-05 19:18:59,2023-09-05 19:18:59,
4344,1,4344,2023-09-05 19:18:59,2023-10-10 19:18:59,2023-09-05 19:18:59,2023-09-05 19:18:59,
4345,3,4345,2023-02-11 19:18:59,2024-01-04 19:18:59,2023-09-05 19:18:59,2023-09-05 19:18:59,
4346,1,4346,2023-06-27 19:18:59,2024-07-27 19:18:59,2023-09-05 19:18:59,2023-09-05 19:18:59,
4347,1,4347,2023-06-22 19:18:59,2024-07-05 19:18:59,2023-09-05 19:18:59,2023-09-05 19:18:59,
4348,1,4348,2023-06-29 19:18:59,2024-04-30 19:18:59,2023-09-05 19:18:59,2023-09-05 19:18:59,
4349,3,4349,2022-11-02 19:18:59,2024-05-15 19:18:59,2023-09-05 19:18:59,2023-09-05 19:18:59,
4350,2,4350,2022-12-01 19:18:59,2024-03-05 19:18:59,2023-09-05 19:18:59,2023-09-05 19:18:59,
4351,2,4351,2023-04-18 19:18:59,2024-04-15 19:18:59,2023-09-05 19:18:59,2023-09-05 19:18:59,
4352,1,4352,2023-06-23 19:18:59,2024-02-12 19:18:59,2023-09-05 19:18:59,2023-09-05 19:18:59,
4353,3,4353,2022-12-14 19:18:59,2024-08-24 19:18:59,2023-09-05 19:18:59,2023-09-05 19:18:59,
4354,1,4354,2023-05-09 19:18:59,2024-05-03 19:18:59,2023-09-05 19:18:59,2023-09-05 19:18:59,
4355,3,4355,2022-12-12 19:18:59,2024-05-14 19:18:59,2023-09-05 19:18:59,2023-09-05 19:18:59,
4356,3,4356,2023-03-09 19:18:59,2024-03-28 19:18:59,2023-09-05 19:18:59,2023-09-05 19:18:59,
4357,3,4357,2023-05-07 19:18:59,2023-12-20 19:18:59,2023-09-05 19:18:59,2023-09-05 19:18:59,
4358,2,4358,2022-09-27 19:18:59,2024-05-04 19:18:59,2023-09-05 19:18:59,2023-09-05 19:18:59,
4359,3,4359,2022-09-24 19:18:59,2024-03-17 19:18:59,2023-09-05 19:18:59,2023-09-05 19:18:59,
4360,1,4360,2023-03-05 19:18:59,2024-02-26 19:18:59,2023-09-05 19:18:59,2023-09-05 19:18:59,
4361,1,4361,2023-07-05 19:18:59,2024-05-09 19:18:59,2023-09-05 19:18:59,2023-09-05 19:18:59,
4362,2,4362,2022-09-08 19:18:59,2024-04-18 19:18:59,2023-09-05 19:18:59,2023-09-05 19:18:59,
4363,3,4363,2023-02-05 19:18:59,2024-06-12 19:18:59,2023-09-05 19:18:59,2023-09-05 19:18:59,
4364,2,4364,2022-10-17 19:18:59,2024-05-29 19:18:59,2023-09-05 19:18:59,2023-09-05 19:18:59,
4365,3,4365,2023-03-16 19:18:59,2023-11-06 19:18:59,2023-09-05 19:18:59,2023-09-05 19:18:59,
4366,1,4366,2023-05-22 19:18:59,2024-04-18 19:18:59,2023-09-05 19:18:59,2023-09-05 19:18:59,
4367,3,4367,2022-12-19 19:18:59,2024-06-13 19:18:59,2023-09-05 19:18:59,2023-09-05 19:18:59,
4368,1,4368,2023-07-22 19:18:59,2024-03-17 19:18:59,2023-09-05 19:18:59,2023-09-05 19:18:59,
4369,2,4369,2023-02-25 19:18:59,2024-06-18 19:18:59,2023-09-05 19:18:59,2023-09-05 19:18:59,
4370,2,4370,2023-03-09 19:18:59,2023-10-20 19:18:59,2023-09-05 19:18:59,2023-09-05 19:18:59,
4371,1,4371,2023-06-21 19:18:59,2024-04-07 19:18:59,2023-09-05 19:18:59,2023-09-05 19:18:59,
4372,2,4372,2023-01-26 19:18:59,2024-06-10 19:18:59,2023-09-05 19:18:59,2023-09-05 19:18:59,
4373,2,4373,2022-12-07 19:18:59,2024-07-29 19:18:59,2023-09-05 19:18:59,2023-09-05 19:18:59,
4374,1,4374,2023-06-19 19:18:59,2024-07-29 19:18:59,2023-09-05 19:18:59,2023-09-05 19:18:59,
4375,3,4375,2023-03-20 19:18:59,2024-04-17 19:18:59,2023-09-05 19:18:59,2023-09-05 19:18:59,
4376,3,4376,2022-11-19 19:18:59,2024-01-02 19:18:59,2023-09-05 19:18:59,2023-09-05 19:18:59,
4377,3,4377,2022-09-07 19:18:59,2024-03-05 19:18:59,2023-09-05 19:18:59,2023-09-05 19:18:59,
4378,2,4378,2023-06-17 19:18:59,2024-05-03 19:18:59,2023-09-05 19:18:59,2023-09-05 19:18:59,
4379,1,4379,2023-06-21 19:18:59,2024-07-19 19:18:59,2023-09-05 19:18:59,2023-09-05 19:18:59,
4380,3,4380,2022-12-06 19:18:59,2024-03-02 19:18:59,2023-09-05 19:18:59,2023-09-05 19:18:59,
4381,3,4381,2022-10-09 19:18:59,2023-11-28 19:18:59,2023-09-05 19:18:59,2023-09-05 19:18:59,
4382,2,4382,2023-04-09 19:18:59,2023-11-28 19:18:59,2023-09-05 19:18:59,2023-09-05 19:18:59,
4383,1,4383,2022-09-11 19:18:59,2024-01-11 19:18:59,2023-09-05 19:18:59,2023-09-05 19:18:59,
4384,2,4384,2023-04-06 19:18:59,2024-08-17 19:18:59,2023-09-05 19:18:59,2023-09-05 19:18:59,
4385,2,4385,2023-03-14 19:18:59,2024-04-28 19:18:59,2023-09-05 19:18:59,2023-09-05 19:18:59,
4386,3,4386,2022-09-23 19:18:59,2024-07-11 19:18:59,2023-09-05 19:18:59,2023-09-05 19:18:59,
4387,3,4387,2022-12-03 19:18:59,2023-10-16 19:18:59,2023-09-05 19:18:59,2023-09-05 19:18:59,
4388,1,4388,2023-06-20 19:18:59,2024-02-03 19:18:59,2023-09-05 19:18:59,2023-09-05 19:18:59,
4389,3,4389,2023-06-27 19:18:59,2024-08-05 19:18:59,2023-09-05 19:18:59,2023-09-05 19:18:59,
4390,3,4390,2022-09-28 19:18:59,2024-04-02 19:18:59,2023-09-05 19:18:59,2023-09-05 19:18:59,
4391,3,4391,2023-03-20 19:18:59,2023-10-29 19:18:59,2023-09-05 19:18:59,2023-09-05 19:18:59,
4392,3,4392,2023-05-23 19:18:59,2023-11-20 19:18:59,2023-09-05 19:18:59,2023-09-05 19:18:59,
4393,2,4393,2022-11-20 19:18:59,2024-08-24 19:18:59,2023-09-05 19:18:59,2023-09-05 19:18:59,
4394,3,4394,2023-08-12 19:18:59,2024-08-22 19:18:59,2023-09-05 19:18:59,2023-09-05 19:18:59,
4395,1,4395,2023-03-22 19:18:59,2024-08-07 19:18:59,2023-09-05 19:18:59,2023-09-05 19:18:59,
4396,2,4396,2023-07-07 19:18:59,2024-05-17 19:18:59,2023-09-05 19:18:59,2023-09-05 19:18:59,
4397,2,4397,2022-11-12 19:18:59,2024-06-02 19:18:59,2023-09-05 19:18:59,2023-09-05 19:18:59,
4398,2,4398,2023-03-27 19:18:59,2023-12-07 19:18:59,2023-09-05 19:18:59,2023-09-05 19:18:59,
4399,2,4399,2022-09-10 19:18:59,2024-08-21 19:18:59,2023-09-05 19:18:59,2023-09-05 19:18:59,
4400,1,4400,2023-04-12 19:18:59,2023-11-17 19:18:59,2023-09-05 19:18:59,2023-09-05 19:18:59,
4401,3,4401,2022-12-28 19:18:59,2024-07-29 19:18:59,2023-09-05 19:18:59,2023-09-05 19:18:59,
4402,1,4402,2022-09-27 19:18:59,2024-08-13 19:18:59,2023-09-05 19:18:59,2023-09-05 19:18:59,
4403,3,4403,2023-04-06 19:18:59,2024-07-13 19:18:59,2023-09-05 19:18:59,2023-09-05 19:18:59,
4404,2,4404,2022-11-05 19:18:59,2024-05-05 19:18:59,2023-09-05 19:18:59,2023-09-05 19:18:59,
4405,3,4405,2022-11-01 19:18:59,2024-05-12 19:18:59,2023-09-05 19:18:59,2023-09-05 19:18:59,
4406,3,4406,2023-02-04 19:18:59,2024-03-24 19:18:59,2023-09-05 19:18:59,2023-09-05 19:18:59,
4407,3,4407,2023-08-07 19:18:59,2024-04-02 19:18:59,2023-09-05 19:18:59,2023-09-05 19:18:59,
4408,1,4408,2023-08-14 19:18:59,2024-02-05 19:18:59,2023-09-05 19:18:59,2023-09-05 19:18:59,
4409,1,4409,2022-09-14 19:18:59,2024-08-25 19:18:59,2023-09-05 19:18:59,2023-09-05 19:18:59,
4410,3,4410,2023-06-05 19:18:59,2024-06-04 19:18:59,2023-09-05 19:18:59,2023-09-05 19:18:59,
4411,2,4411,2022-09-08 19:18:59,2024-04-28 19:18:59,2023-09-05 19:18:59,2023-09-05 19:18:59,
4412,1,4412,2023-02-18 19:18:59,2023-12-06 19:18:59,2023-09-05 19:18:59,2023-09-05 19:18:59,
4413,3,4413,2022-09-28 19:18:59,2024-02-03 19:18:59,2023-09-05 19:18:59,2023-09-05 19:18:59,
4414,1,4414,2022-12-03 19:18:59,2024-04-22 19:18:59,2023-09-05 19:18:59,2023-09-05 19:18:59,
4415,2,4415,2022-11-11 19:18:59,2024-04-11 19:18:59,2023-09-05 19:18:59,2023-09-05 19:18:59,
4416,3,4416,2023-06-06 19:18:59,2024-05-19 19:18:59,2023-09-05 19:18:59,2023-09-05 19:18:59,
4417,1,4417,2022-10-01 19:18:59,2024-06-26 19:18:59,2023-09-05 19:18:59,2023-09-05 19:18:59,
4418,3,4418,2023-08-28 19:18:59,2024-07-07 19:18:59,2023-09-05 19:18:59,2023-09-05 19:18:59,
4419,3,4419,2023-04-19 19:18:59,2024-01-16 19:18:59,2023-09-05 19:18:59,2023-09-05 19:18:59,
4420,1,4420,2022-09-18 19:18:59,2024-02-02 19:18:59,2023-09-05 19:18:59,2023-09-05 19:18:59,
4421,3,4421,2023-05-10 19:18:59,2023-10-24 19:18:59,2023-09-05 19:18:59,2023-09-05 19:18:59,
4422,2,4422,2022-12-13 19:18:59,2023-10-28 19:18:59,2023-09-05 19:18:59,2023-09-05 19:18:59,
4423,3,4423,2022-10-11 19:18:59,2024-02-22 19:18:59,2023-09-05 19:18:59,2023-09-05 19:18:59,
4424,3,4424,2023-05-04 19:18:59,2023-11-20 19:18:59,2023-09-05 19:18:59,2023-09-05 19:18:59,
4425,2,4425,2023-03-11 19:18:59,2024-01-23 19:18:59,2023-09-05 19:18:59,2023-09-05 19:18:59,
4426,3,4426,2023-06-07 19:18:59,2023-11-30 19:18:59,2023-09-05 19:18:59,2023-09-05 19:18:59,
4427,2,4427,2023-03-06 19:18:59,2024-02-10 19:18:59,2023-09-05 19:18:59,2023-09-05 19:18:59,
4428,2,4428,2023-03-28 19:18:59,2024-08-16 19:18:59,2023-09-05 19:18:59,2023-09-05 19:18:59,
4429,3,4429,2023-02-24 19:18:59,2024-05-06 19:18:59,2023-09-05 19:18:59,2023-09-05 19:18:59,
4430,3,4430,2023-08-20 19:18:59,2024-01-11 19:18:59,2023-09-05 19:18:59,2023-09-05 19:18:59,
4431,3,4431,2023-05-27 19:18:59,2024-05-31 19:18:59,2023-09-05 19:18:59,2023-09-05 19:18:59,
4432,3,4432,2023-05-21 19:18:59,2024-08-05 19:18:59,2023-09-05 19:18:59,2023-09-05 19:18:59,
4433,1,4433,2023-08-05 19:18:59,2024-01-28 19:18:59,2023-09-05 19:18:59,2023-09-05 19:18:59,
4434,3,4434,2023-08-20 19:18:59,2024-06-07 19:18:59,2023-09-05 19:18:59,2023-09-05 19:18:59,
4435,1,4435,2023-01-31 19:18:59,2024-07-08 19:18:59,2023-09-05 19:18:59,2023-09-05 19:18:59,
4436,1,4436,2022-10-05 19:18:59,2024-06-29 19:18:59,2023-09-05 19:18:59,2023-09-05 19:18:59,
4437,1,4437,2023-05-17 19:18:59,2024-02-04 19:18:59,2023-09-05 19:18:59,2023-09-05 19:18:59,
4438,2,4438,2023-06-10 19:18:59,2024-08-30 19:18:59,2023-09-05 19:18:59,2023-09-05 19:18:59,
4439,1,4439,2023-02-13 19:18:59,2023-11-11 19:18:59,2023-09-05 19:18:59,2023-09-05 19:18:59,
4440,1,4440,2023-03-29 19:18:59,2023-10-28 19:18:59,2023-09-05 19:18:59,2023-09-05 19:18:59,
4441,1,4441,2023-04-08 19:18:59,2024-07-16 19:18:59,2023-09-05 19:18:59,2023-09-05 19:18:59,
4442,3,4442,2023-02-12 19:18:59,2024-05-09 19:18:59,2023-09-05 19:18:59,2023-09-05 19:18:59,
4443,2,4443,2023-01-07 19:18:59,2024-02-29 19:18:59,2023-09-05 19:18:59,2023-09-05 19:18:59,
4444,1,4444,2023-01-30 19:18:59,2024-02-01 19:18:59,2023-09-05 19:18:59,2023-09-05 19:18:59,
4445,1,4445,2023-08-08 19:18:59,2024-01-27 19:18:59,2023-09-05 19:18:59,2023-09-05 19:18:59,
4446,3,4446,2022-12-05 19:18:59,2024-02-07 19:18:59,2023-09-05 19:18:59,2023-09-05 19:18:59,
4447,2,4447,2022-11-15 19:18:59,2023-11-04 19:18:59,2023-09-05 19:18:59,2023-09-05 19:18:59,
4448,1,4448,2022-11-09 19:18:59,2023-11-20 19:18:59,2023-09-05 19:18:59,2023-09-05 19:18:59,
4449,3,4449,2023-06-27 19:18:59,2024-03-01 19:18:59,2023-09-05 19:18:59,2023-09-05 19:18:59,
4450,3,4450,2023-03-31 19:18:59,2024-05-01 19:18:59,2023-09-05 19:18:59,2023-09-05 19:18:59,
4451,1,4451,2023-01-06 19:18:59,2024-07-23 19:18:59,2023-09-05 19:18:59,2023-09-05 19:18:59,
4452,3,4452,2023-07-21 19:18:59,2024-06-02 19:18:59,2023-09-05 19:18:59,2023-09-05 19:18:59,
4453,2,4453,2023-05-24 19:18:59,2024-04-22 19:18:59,2023-09-05 19:18:59,2023-09-05 19:18:59,
4454,1,4454,2023-02-20 19:18:59,2023-11-03 19:18:59,2023-09-05 19:18:59,2023-09-05 19:18:59,
4455,2,4455,2023-08-11 19:18:59,2023-10-30 19:18:59,2023-09-05 19:18:59,2023-09-05 19:18:59,
4456,2,4456,2022-09-11 19:18:59,2024-04-06 19:18:59,2023-09-05 19:18:59,2023-09-05 19:18:59,
4457,3,4457,2022-11-03 19:18:59,2024-07-19 19:18:59,2023-09-05 19:18:59,2023-09-05 19:18:59,
4458,2,4458,2022-10-27 19:18:59,2023-10-29 19:18:59,2023-09-05 19:18:59,2023-09-05 19:18:59,
4459,1,4459,2023-07-29 19:18:59,2024-03-05 19:18:59,2023-09-05 19:18:59,2023-09-05 19:18:59,
4460,2,4460,2022-10-25 19:18:59,2024-02-12 19:18:59,2023-09-05 19:18:59,2023-09-05 19:18:59,
4461,1,4461,2023-02-25 19:18:59,2023-10-09 19:18:59,2023-09-05 19:18:59,2023-09-05 19:18:59,
4462,3,4462,2023-07-15 19:18:59,2023-12-28 19:18:59,2023-09-05 19:18:59,2023-09-05 19:18:59,
4463,2,4463,2023-08-06 19:18:59,2024-02-01 19:18:59,2023-09-05 19:18:59,2023-09-05 19:18:59,
4464,1,4464,2023-01-26 19:18:59,2023-11-13 19:18:59,2023-09-05 19:18:59,2023-09-05 19:18:59,
4465,3,4465,2023-09-02 19:18:59,2024-09-02 19:18:59,2023-09-05 19:18:59,2023-09-05 19:18:59,
4466,1,4466,2022-09-27 19:18:59,2024-08-04 19:18:59,2023-09-05 19:18:59,2023-09-05 19:18:59,
4467,1,4467,2023-07-14 19:18:59,2024-08-30 19:18:59,2023-09-05 19:18:59,2023-09-05 19:18:59,
4468,3,4468,2022-09-28 19:18:59,2024-01-29 19:18:59,2023-09-05 19:18:59,2023-09-05 19:18:59,
4469,2,4469,2023-03-03 19:18:59,2024-08-05 19:18:59,2023-09-05 19:18:59,2023-09-05 19:18:59,
4470,2,4470,2023-06-17 19:18:59,2023-10-19 19:18:59,2023-09-05 19:18:59,2023-09-05 19:18:59,
4471,1,4471,2023-08-30 19:18:59,2023-12-09 19:18:59,2023-09-05 19:18:59,2023-09-05 19:18:59,
4472,1,4472,2023-05-15 19:18:59,2024-03-31 19:18:59,2023-09-05 19:18:59,2023-09-05 19:18:59,
4473,1,4473,2023-03-09 19:18:59,2024-01-11 19:18:59,2023-09-05 19:18:59,2023-09-05 19:18:59,
4474,3,4474,2023-02-11 19:18:59,2023-12-26 19:18:59,2023-09-05 19:18:59,2023-09-05 19:18:59,
4475,3,4475,2022-10-06 19:18:59,2024-02-13 19:18:59,2023-09-05 19:18:59,2023-09-05 19:18:59,
4476,3,4476,2022-12-10 19:18:59,2024-08-04 19:18:59,2023-09-05 19:18:59,2023-09-05 19:18:59,
4477,1,4477,2023-06-09 19:18:59,2023-10-23 19:18:59,2023-09-05 19:18:59,2023-09-05 19:18:59,
4478,3,4478,2023-07-30 19:18:59,2024-08-24 19:18:59,2023-09-05 19:18:59,2023-09-05 19:18:59,
4479,1,4479,2023-08-20 19:18:59,2023-11-27 19:18:59,2023-09-05 19:18:59,2023-09-05 19:18:59,
4480,3,4480,2023-01-21 19:18:59,2023-10-05 19:18:59,2023-09-05 19:18:59,2023-09-05 19:18:59,
4481,2,4481,2023-05-29 19:18:59,2024-01-04 19:18:59,2023-09-05 19:18:59,2023-09-05 19:18:59,
4482,2,4482,2023-02-05 19:18:59,2023-12-07 19:18:59,2023-09-05 19:18:59,2023-09-05 19:18:59,
4483,3,4483,2022-12-31 19:18:59,2023-10-19 19:18:59,2023-09-05 19:18:59,2023-09-05 19:18:59,
4484,1,4484,2023-04-12 19:18:59,2024-03-20 19:18:59,2023-09-05 19:18:59,2023-09-05 19:18:59,
4485,2,4485,2023-03-08 19:18:59,2024-07-03 19:18:59,2023-09-05 19:18:59,2023-09-05 19:18:59,
4486,2,4486,2023-09-02 19:18:59,2023-12-28 19:18:59,2023-09-05 19:18:59,2023-09-05 19:18:59,
4487,2,4487,2023-08-07 19:18:59,2024-05-09 19:18:59,2023-09-05 19:18:59,2023-09-05 19:18:59,
4488,2,4488,2023-07-04 19:18:59,2024-06-16 19:18:59,2023-09-05 19:18:59,2023-09-05 19:18:59,
4489,3,4489,2023-06-18 19:18:59,2024-08-17 19:18:59,2023-09-05 19:18:59,2023-09-05 19:18:59,
4490,2,4490,2022-12-26 19:18:59,2024-07-18 19:18:59,2023-09-05 19:18:59,2023-09-05 19:18:59,
4491,1,4491,2023-03-27 19:18:59,2024-03-18 19:18:59,2023-09-05 19:18:59,2023-09-05 19:18:59,
4492,1,4492,2023-03-06 19:18:59,2023-10-07 19:18:59,2023-09-05 19:18:59,2023-09-05 19:18:59,
4493,3,4493,2023-06-09 19:18:59,2024-02-24 19:18:59,2023-09-05 19:18:59,2023-09-05 19:18:59,
4494,1,4494,2022-09-05 19:18:59,2024-01-04 19:18:59,2023-09-05 19:18:59,2023-09-05 19:18:59,
4495,1,4495,2023-02-03 19:18:59,2024-04-28 19:18:59,2023-09-05 19:18:59,2023-09-05 19:18:59,
4496,1,4496,2023-06-28 19:18:59,2023-10-05 19:18:59,2023-09-05 19:18:59,2023-09-05 19:18:59,
4497,3,4497,2023-07-26 19:18:59,2024-02-28 19:18:59,2023-09-05 19:18:59,2023-09-05 19:18:59,
4498,1,4498,2023-07-17 19:18:59,2024-04-21 19:18:59,2023-09-05 19:18:59,2023-09-05 19:18:59,
4499,2,4499,2023-02-21 19:18:59,2023-10-23 19:18:59,2023-09-05 19:18:59,2023-09-05 19:18:59,
4500,1,4500,2023-02-27 19:18:59,2023-11-21 19:18:59,2023-09-05 19:18:59,2023-09-05 19:18:59,
4501,2,4501,2023-05-26 19:18:59,2024-02-14 19:18:59,2023-09-05 19:18:59,2023-09-05 19:18:59,
4502,1,4502,2023-05-07 19:18:59,2024-02-02 19:18:59,2023-09-05 19:18:59,2023-09-05 19:18:59,
4503,1,4503,2023-07-01 19:18:59,2023-12-29 19:18:59,2023-09-05 19:18:59,2023-09-05 19:18:59,
4504,1,4504,2022-12-05 19:18:59,2023-10-25 19:18:59,2023-09-05 19:18:59,2023-09-05 19:18:59,
4505,2,4505,2023-05-15 19:18:59,2024-06-25 19:18:59,2023-09-05 19:18:59,2023-09-05 19:18:59,
4506,3,4506,2022-12-02 19:18:59,2024-03-27 19:18:59,2023-09-05 19:18:59,2023-09-05 19:18:59,
4507,1,4507,2023-02-03 19:18:59,2024-08-15 19:18:59,2023-09-05 19:18:59,2023-09-05 19:18:59,
4508,2,4508,2023-03-09 19:18:59,2024-06-23 19:18:59,2023-09-05 19:18:59,2023-09-05 19:18:59,
4509,3,4509,2023-05-23 19:18:59,2024-04-07 19:18:59,2023-09-05 19:18:59,2023-09-05 19:18:59,
4510,3,4510,2022-10-11 19:18:59,2023-10-25 19:18:59,2023-09-05 19:18:59,2023-09-05 19:18:59,
4511,2,4511,2023-04-03 19:18:59,2024-02-20 19:18:59,2023-09-05 19:18:59,2023-09-05 19:18:59,
4512,2,4512,2022-10-09 19:18:59,2024-06-09 19:18:59,2023-09-05 19:18:59,2023-09-05 19:18:59,
4513,2,4513,2023-04-23 19:18:59,2024-07-28 19:18:59,2023-09-05 19:18:59,2023-09-05 19:18:59,
4514,3,4514,2023-02-27 19:18:59,2024-02-07 19:18:59,2023-09-05 19:18:59,2023-09-05 19:18:59,
4515,1,4515,2023-03-18 19:18:59,2024-06-20 19:18:59,2023-09-05 19:18:59,2023-09-05 19:18:59,
4516,1,4516,2023-02-19 19:18:59,2023-10-13 19:18:59,2023-09-05 19:18:59,2023-09-05 19:18:59,
4517,1,4517,2023-01-10 19:18:59,2024-02-12 19:18:59,2023-09-05 19:18:59,2023-09-05 19:18:59,
4518,2,4518,2023-08-19 19:18:59,2024-09-02 19:18:59,2023-09-05 19:18:59,2023-09-05 19:18:59,
4519,1,4519,2023-04-06 19:18:59,2024-03-03 19:18:59,2023-09-05 19:18:59,2023-09-05 19:18:59,
4520,2,4520,2022-12-31 19:18:59,2024-07-12 19:18:59,2023-09-05 19:18:59,2023-09-05 19:18:59,
4521,2,4521,2023-02-27 19:18:59,2023-12-10 19:18:59,2023-09-05 19:18:59,2023-09-05 19:18:59,
4522,3,4522,2023-07-11 19:18:59,2024-03-14 19:18:59,2023-09-05 19:18:59,2023-09-05 19:18:59,
4523,3,4523,2022-12-31 19:18:59,2024-08-11 19:18:59,2023-09-05 19:18:59,2023-09-05 19:18:59,
4524,3,4524,2023-03-18 19:18:59,2023-12-29 19:18:59,2023-09-05 19:18:59,2023-09-05 19:18:59,
4525,2,4525,2023-08-14 19:18:59,2024-08-30 19:18:59,2023-09-05 19:18:59,2023-09-05 19:18:59,
4526,2,4526,2022-10-19 19:18:59,2024-02-13 19:18:59,2023-09-05 19:18:59,2023-09-05 19:18:59,
4527,2,4527,2023-04-22 19:18:59,2023-12-29 19:18:59,2023-09-05 19:18:59,2023-09-05 19:18:59,
4528,3,4528,2022-12-03 19:18:59,2024-07-23 19:18:59,2023-09-05 19:18:59,2023-09-05 19:18:59,
4529,1,4529,2023-08-11 19:18:59,2023-12-13 19:18:59,2023-09-05 19:18:59,2023-09-05 19:18:59,
4530,1,4530,2023-01-29 19:18:59,2024-03-19 19:18:59,2023-09-05 19:18:59,2023-09-05 19:18:59,
4531,1,4531,2022-10-27 19:18:59,2023-12-15 19:18:59,2023-09-05 19:18:59,2023-09-05 19:18:59,
4532,2,4532,2023-02-01 19:18:59,2024-07-30 19:18:59,2023-09-05 19:18:59,2023-09-05 19:18:59,
4533,3,4533,2022-12-05 19:18:59,2024-05-17 19:18:59,2023-09-05 19:18:59,2023-09-05 19:18:59,
4534,2,4534,2022-09-24 19:18:59,2024-03-12 19:18:59,2023-09-05 19:18:59,2023-09-05 19:18:59,
4535,1,4535,2022-10-16 19:18:59,2024-08-08 19:18:59,2023-09-05 19:18:59,2023-09-05 19:18:59,
4536,1,4536,2022-09-13 19:18:59,2024-08-16 19:18:59,2023-09-05 19:18:59,2023-09-05 19:18:59,
4537,3,4537,2023-01-04 19:18:59,2024-02-02 19:18:59,2023-09-05 19:18:59,2023-09-05 19:18:59,
4538,2,4538,2023-04-01 19:18:59,2024-01-18 19:18:59,2023-09-05 19:18:59,2023-09-05 19:18:59,
4539,3,4539,2022-11-23 19:18:59,2023-12-07 19:18:59,2023-09-05 19:18:59,2023-09-05 19:18:59,
4540,3,4540,2022-09-14 19:18:59,2024-03-05 19:18:59,2023-09-05 19:18:59,2023-09-05 19:18:59,
4541,1,4541,2023-07-06 19:18:59,2023-11-19 19:18:59,2023-09-05 19:18:59,2023-09-05 19:18:59,
4542,3,4542,2023-01-31 19:18:59,2024-03-27 19:18:59,2023-09-05 19:18:59,2023-09-05 19:18:59,
4543,2,4543,2023-07-16 19:18:59,2024-01-04 19:18:59,2023-09-05 19:18:59,2023-09-05 19:18:59,
4544,1,4544,2023-07-20 19:18:59,2024-08-09 19:18:59,2023-09-05 19:18:59,2023-09-05 19:18:59,
4545,1,4545,2023-01-31 19:18:59,2024-06-18 19:18:59,2023-09-05 19:18:59,2023-09-05 19:18:59,
4546,2,4546,2022-12-27 19:18:59,2023-11-29 19:18:59,2023-09-05 19:18:59,2023-09-05 19:18:59,
4547,3,4547,2023-04-26 19:18:59,2024-06-08 19:18:59,2023-09-05 19:18:59,2023-09-05 19:18:59,
4548,1,4548,2023-01-02 19:18:59,2023-12-09 19:18:59,2023-09-05 19:18:59,2023-09-05 19:18:59,
4549,2,4549,2023-06-23 19:18:59,2024-02-04 19:18:59,2023-09-05 19:18:59,2023-09-05 19:18:59,
4550,2,4550,2023-08-10 19:18:59,2024-06-03 19:18:59,2023-09-05 19:18:59,2023-09-05 19:18:59,
4551,1,4551,2023-03-06 19:18:59,2024-02-26 19:18:59,2023-09-05 19:18:59,2023-09-05 19:18:59,
4552,1,4552,2023-02-24 19:18:59,2024-03-01 19:18:59,2023-09-05 19:18:59,2023-09-05 19:18:59,
4553,2,4553,2023-07-03 19:18:59,2024-07-14 19:18:59,2023-09-05 19:18:59,2023-09-05 19:18:59,
4554,2,4554,2023-05-20 19:18:59,2024-02-08 19:18:59,2023-09-05 19:18:59,2023-09-05 19:18:59,
4555,2,4555,2022-10-28 19:18:59,2024-03-20 19:18:59,2023-09-05 19:18:59,2023-09-05 19:18:59,
4556,2,4556,2023-05-23 19:18:59,2024-06-06 19:18:59,2023-09-05 19:18:59,2023-09-05 19:18:59,
4557,1,4557,2023-02-06 19:18:59,2024-01-03 19:18:59,2023-09-05 19:18:59,2023-09-05 19:18:59,
4558,3,4558,2023-01-19 19:18:59,2024-03-13 19:18:59,2023-09-05 19:18:59,2023-09-05 19:18:59,
4559,3,4559,2023-07-10 19:18:59,2024-04-11 19:18:59,2023-09-05 19:18:59,2023-09-05 19:18:59,
4560,1,4560,2023-08-30 19:18:59,2024-02-04 19:18:59,2023-09-05 19:18:59,2023-09-05 19:18:59,
4561,3,4561,2023-01-02 19:18:59,2024-05-02 19:18:59,2023-09-05 19:18:59,2023-09-05 19:18:59,
4562,2,4562,2023-02-19 19:18:59,2023-12-27 19:18:59,2023-09-05 19:18:59,2023-09-05 19:18:59,
4563,2,4563,2022-11-23 19:18:59,2024-01-05 19:18:59,2023-09-05 19:18:59,2023-09-05 19:18:59,
4564,1,4564,2023-07-23 19:18:59,2023-11-29 19:18:59,2023-09-05 19:18:59,2023-09-05 19:18:59,
4565,1,4565,2023-07-14 19:18:59,2024-05-01 19:18:59,2023-09-05 19:18:59,2023-09-05 19:18:59,
4566,3,4566,2023-07-25 19:18:59,2023-11-17 19:18:59,2023-09-05 19:18:59,2023-09-05 19:18:59,
4567,1,4567,2022-09-29 19:18:59,2024-06-17 19:18:59,2023-09-05 19:18:59,2023-09-05 19:18:59,
4568,1,4568,2023-05-26 19:18:59,2023-10-26 19:18:59,2023-09-05 19:18:59,2023-09-05 19:18:59,
4569,1,4569,2023-07-20 19:18:59,2024-05-29 19:18:59,2023-09-05 19:18:59,2023-09-05 19:18:59,
4570,2,4570,2022-10-11 19:18:59,2024-03-08 19:18:59,2023-09-05 19:18:59,2023-09-05 19:18:59,
4571,3,4571,2022-11-07 19:18:59,2023-10-22 19:18:59,2023-09-05 19:18:59,2023-09-05 19:18:59,
4572,2,4572,2022-10-17 19:18:59,2024-06-11 19:18:59,2023-09-05 19:18:59,2023-09-05 19:18:59,
4573,3,4573,2023-01-31 19:18:59,2023-11-01 19:18:59,2023-09-05 19:18:59,2023-09-05 19:18:59,
4574,1,4574,2023-08-29 19:18:59,2024-08-08 19:18:59,2023-09-05 19:18:59,2023-09-05 19:18:59,
4575,2,4575,2023-07-14 19:18:59,2023-11-14 19:18:59,2023-09-05 19:18:59,2023-09-05 19:18:59,
4576,3,4576,2023-05-26 19:18:59,2024-06-07 19:18:59,2023-09-05 19:18:59,2023-09-05 19:18:59,
4577,3,4577,2022-11-10 19:18:59,2024-04-29 19:18:59,2023-09-05 19:18:59,2023-09-05 19:18:59,
4578,1,4578,2023-07-04 19:18:59,2024-07-22 19:18:59,2023-09-05 19:18:59,2023-09-05 19:18:59,
4579,3,4579,2023-05-05 19:18:59,2023-11-14 19:18:59,2023-09-05 19:18:59,2023-09-05 19:18:59,
4580,3,4580,2023-07-10 19:18:59,2023-11-04 19:18:59,2023-09-05 19:18:59,2023-09-05 19:18:59,
4581,3,4581,2023-02-23 19:18:59,2024-07-25 19:18:59,2023-09-05 19:18:59,2023-09-05 19:18:59,
4582,1,4582,2023-05-26 19:18:59,2024-03-23 19:18:59,2023-09-05 19:18:59,2023-09-05 19:18:59,
4583,3,4583,2023-04-11 19:18:59,2024-04-25 19:18:59,2023-09-05 19:18:59,2023-09-05 19:18:59,
4584,2,4584,2023-08-21 19:18:59,2024-05-07 19:18:59,2023-09-05 19:18:59,2023-09-05 19:18:59,
4585,2,4585,2023-07-18 19:18:59,2024-07-04 19:18:59,2023-09-05 19:18:59,2023-09-05 19:18:59,
4586,1,4586,2022-10-11 19:18:59,2024-08-24 19:18:59,2023-09-05 19:18:59,2023-09-05 19:18:59,
4587,1,4587,2023-04-27 19:18:59,2024-05-07 19:18:59,2023-09-05 19:18:59,2023-09-05 19:18:59,
4588,2,4588,2023-07-18 19:18:59,2024-08-20 19:18:59,2023-09-05 19:18:59,2023-09-05 19:18:59,
4589,1,4589,2023-01-13 19:18:59,2023-11-22 19:18:59,2023-09-05 19:18:59,2023-09-05 19:18:59,
4590,1,4590,2023-08-21 19:18:59,2023-11-23 19:18:59,2023-09-05 19:18:59,2023-09-05 19:18:59,
4591,1,4591,2023-06-03 19:18:59,2024-08-21 19:18:59,2023-09-05 19:18:59,2023-09-05 19:18:59,
4592,2,4592,2023-05-06 19:18:59,2024-03-14 19:18:59,2023-09-05 19:18:59,2023-09-05 19:18:59,
4593,1,4593,2022-10-30 19:18:59,2024-04-11 19:18:59,2023-09-05 19:18:59,2023-09-05 19:18:59,
4594,1,4594,2023-04-19 19:18:59,2024-04-04 19:18:59,2023-09-05 19:18:59,2023-09-05 19:18:59,
4595,3,4595,2023-01-06 19:18:59,2024-02-08 19:18:59,2023-09-05 19:18:59,2023-09-05 19:18:59,
4596,2,4596,2022-09-19 19:18:59,2024-06-16 19:18:59,2023-09-05 19:18:59,2023-09-05 19:18:59,
4597,1,4597,2022-09-18 19:18:59,2024-05-05 19:18:59,2023-09-05 19:18:59,2023-09-05 19:18:59,
4598,1,4598,2022-12-24 19:18:59,2024-05-20 19:18:59,2023-09-05 19:18:59,2023-09-05 19:18:59,
4599,2,4599,2022-12-07 19:18:59,2024-01-19 19:18:59,2023-09-05 19:18:59,2023-09-05 19:18:59,
4600,3,4600,2023-03-03 19:18:59,2024-03-21 19:18:59,2023-09-05 19:18:59,2023-09-05 19:18:59,
4601,1,4601,2022-12-29 19:18:59,2023-12-12 19:18:59,2023-09-05 19:18:59,2023-09-05 19:18:59,
4602,2,4602,2023-04-18 19:18:59,2024-08-31 19:18:59,2023-09-05 19:18:59,2023-09-05 19:18:59,
4603,1,4603,2022-11-20 19:18:59,2024-04-05 19:18:59,2023-09-05 19:18:59,2023-09-05 19:18:59,
4604,1,4604,2023-01-27 19:18:59,2023-12-03 19:18:59,2023-09-05 19:18:59,2023-09-05 19:18:59,
4605,1,4605,2023-08-04 19:18:59,2024-04-27 19:18:59,2023-09-05 19:18:59,2023-09-05 19:18:59,
4606,1,4606,2022-09-18 19:18:59,2023-12-14 19:18:59,2023-09-05 19:18:59,2023-09-05 19:18:59,
4607,3,4607,2023-06-06 19:18:59,2024-08-20 19:18:59,2023-09-05 19:18:59,2023-09-05 19:18:59,
4608,1,4608,2023-07-20 19:18:59,2024-01-01 19:18:59,2023-09-05 19:18:59,2023-09-05 19:18:59,
4609,3,4609,2023-04-04 19:18:59,2024-06-22 19:18:59,2023-09-05 19:18:59,2023-09-05 19:18:59,
4610,1,4610,2022-12-11 19:18:59,2024-08-01 19:18:59,2023-09-05 19:18:59,2023-09-05 19:18:59,
4611,2,4611,2023-07-30 19:18:59,2023-10-07 19:18:59,2023-09-05 19:18:59,2023-09-05 19:18:59,
4612,3,4612,2023-08-28 19:18:59,2024-01-20 19:18:59,2023-09-05 19:18:59,2023-09-05 19:18:59,
4613,1,4613,2023-05-06 19:18:59,2024-07-18 19:18:59,2023-09-05 19:18:59,2023-09-05 19:18:59,
4614,3,4614,2023-02-18 19:18:59,2024-05-02 19:18:59,2023-09-05 19:18:59,2023-09-05 19:18:59,
4615,1,4615,2022-09-27 19:18:59,2023-12-05 19:18:59,2023-09-05 19:18:59,2023-09-05 19:18:59,
4616,3,4616,2022-10-07 19:18:59,2024-07-21 19:18:59,2023-09-05 19:18:59,2023-09-05 19:18:59,
4617,2,4617,2022-09-19 19:18:59,2024-01-21 19:18:59,2023-09-05 19:18:59,2023-09-05 19:18:59,
4618,2,4618,2023-07-28 19:18:59,2024-01-16 19:18:59,2023-09-05 19:18:59,2023-09-05 19:18:59,
4619,3,4619,2023-07-02 19:18:59,2023-12-12 19:18:59,2023-09-05 19:18:59,2023-09-05 19:18:59,
4620,3,4620,2023-03-17 19:18:59,2024-06-05 19:18:59,2023-09-05 19:18:59,2023-09-05 19:18:59,
4621,2,4621,2023-05-30 19:18:59,2023-10-27 19:18:59,2023-09-05 19:18:59,2023-09-05 19:18:59,
4622,1,4622,2023-04-24 19:18:59,2023-12-23 19:18:59,2023-09-05 19:18:59,2023-09-05 19:18:59,
4623,1,4623,2022-11-11 19:18:59,2023-11-09 19:18:59,2023-09-05 19:18:59,2023-09-05 19:18:59,
4624,1,4624,2023-09-02 19:18:59,2024-04-16 19:18:59,2023-09-05 19:18:59,2023-09-05 19:18:59,
4625,3,4625,2022-12-25 19:18:59,2024-08-12 19:18:59,2023-09-05 19:18:59,2023-09-05 19:18:59,
4626,1,4626,2023-05-06 19:18:59,2024-03-02 19:18:59,2023-09-05 19:18:59,2023-09-05 19:18:59,
4627,2,4627,2022-12-21 19:18:59,2024-06-24 19:18:59,2023-09-05 19:18:59,2023-09-05 19:18:59,
4628,1,4628,2023-07-29 19:18:59,2024-06-08 19:18:59,2023-09-05 19:18:59,2023-09-05 19:18:59,
4629,1,4629,2022-11-14 19:18:59,2024-06-24 19:18:59,2023-09-05 19:18:59,2023-09-05 19:18:59,
4630,2,4630,2023-07-20 19:18:59,2024-01-04 19:18:59,2023-09-05 19:18:59,2023-09-05 19:18:59,
4631,1,4631,2023-09-02 19:18:59,2024-05-19 19:18:59,2023-09-05 19:18:59,2023-09-05 19:18:59,
4632,1,4632,2022-11-14 19:18:59,2024-02-01 19:18:59,2023-09-05 19:18:59,2023-09-05 19:18:59,
4633,1,4633,2022-10-19 19:18:59,2024-06-05 19:18:59,2023-09-05 19:18:59,2023-09-05 19:18:59,
4634,3,4634,2023-04-14 19:18:59,2023-10-14 19:18:59,2023-09-05 19:18:59,2023-09-05 19:18:59,
4635,2,4635,2022-10-13 19:18:59,2024-02-26 19:18:59,2023-09-05 19:18:59,2023-09-05 19:18:59,
4636,2,4636,2023-01-15 19:18:59,2024-03-26 19:18:59,2023-09-05 19:18:59,2023-09-05 19:18:59,
4637,1,4637,2022-12-05 19:18:59,2024-05-23 19:18:59,2023-09-05 19:18:59,2023-09-05 19:18:59,
4638,3,4638,2023-06-10 19:18:59,2024-01-26 19:18:59,2023-09-05 19:18:59,2023-09-05 19:18:59,
4639,2,4639,2023-04-06 19:18:59,2024-08-09 19:18:59,2023-09-05 19:18:59,2023-09-05 19:18:59,
4640,1,4640,2023-06-27 19:18:59,2024-02-10 19:18:59,2023-09-05 19:18:59,2023-09-05 19:18:59,
4641,2,4641,2022-10-27 19:18:59,2024-03-23 19:18:59,2023-09-05 19:18:59,2023-09-05 19:18:59,
4642,2,4642,2022-09-07 19:18:59,2024-02-19 19:18:59,2023-09-05 19:18:59,2023-09-05 19:18:59,
4643,1,4643,2023-08-01 19:18:59,2024-08-22 19:18:59,2023-09-05 19:18:59,2023-09-05 19:18:59,
4644,3,4644,2023-09-05 19:18:59,2024-07-29 19:18:59,2023-09-05 19:18:59,2023-09-05 19:18:59,
4645,3,4645,2023-01-12 19:18:59,2024-03-09 19:18:59,2023-09-05 19:18:59,2023-09-05 19:18:59,
4646,2,4646,2023-06-16 19:18:59,2024-07-15 19:18:59,2023-09-05 19:18:59,2023-09-05 19:18:59,
4647,1,4647,2023-03-24 19:18:59,2024-04-17 19:18:59,2023-09-05 19:18:59,2023-09-05 19:18:59,
4648,2,4648,2023-01-25 19:18:59,2024-04-28 19:18:59,2023-09-05 19:18:59,2023-09-05 19:18:59,
4649,1,4649,2023-08-27 19:18:59,2024-03-18 19:18:59,2023-09-05 19:18:59,2023-09-05 19:18:59,
4650,2,4650,2023-01-21 19:18:59,2024-03-19 19:18:59,2023-09-05 19:18:59,2023-09-05 19:18:59,
4651,1,4651,2022-12-09 19:18:59,2024-01-02 19:18:59,2023-09-05 19:18:59,2023-09-05 19:18:59,
4652,1,4652,2022-10-11 19:18:59,2023-11-26 19:18:59,2023-09-05 19:18:59,2023-09-05 19:18:59,
4653,3,4653,2023-07-28 19:18:59,2023-12-14 19:18:59,2023-09-05 19:18:59,2023-09-05 19:18:59,
4654,1,4654,2023-06-08 19:18:59,2024-08-28 19:18:59,2023-09-05 19:18:59,2023-09-05 19:18:59,
4655,3,4655,2022-10-12 19:18:59,2024-01-27 19:18:59,2023-09-05 19:18:59,2023-09-05 19:18:59,
4656,1,4656,2022-10-11 19:18:59,2024-02-10 19:18:59,2023-09-05 19:18:59,2023-09-05 19:18:59,
4657,2,4657,2022-09-10 19:18:59,2024-08-03 19:18:59,2023-09-05 19:18:59,2023-09-05 19:18:59,
4658,3,4658,2023-01-07 19:18:59,2024-05-15 19:18:59,2023-09-05 19:18:59,2023-09-05 19:18:59,
4659,2,4659,2023-03-03 19:18:59,2024-04-02 19:18:59,2023-09-05 19:18:59,2023-09-05 19:18:59,
4660,3,4660,2023-03-12 19:18:59,2024-02-21 19:18:59,2023-09-05 19:18:59,2023-09-05 19:18:59,
4661,3,4661,2023-02-22 19:18:59,2024-05-01 19:18:59,2023-09-05 19:18:59,2023-09-05 19:18:59,
4662,2,4662,2023-01-01 19:18:59,2023-11-24 19:18:59,2023-09-05 19:18:59,2023-09-05 19:18:59,
4663,3,4663,2022-11-28 19:18:59,2024-05-31 19:18:59,2023-09-05 19:18:59,2023-09-05 19:18:59,
4664,2,4664,2023-03-17 19:18:59,2024-03-26 19:18:59,2023-09-05 19:18:59,2023-09-05 19:18:59,
4665,2,4665,2022-12-05 19:18:59,2024-01-26 19:18:59,2023-09-05 19:18:59,2023-09-05 19:18:59,
4666,3,4666,2022-11-11 19:18:59,2024-02-14 19:18:59,2023-09-05 19:18:59,2023-09-05 19:18:59,
4667,1,4667,2023-01-29 19:18:59,2024-07-06 19:18:59,2023-09-05 19:18:59,2023-09-05 19:18:59,
4668,1,4668,2022-12-14 19:18:59,2023-12-22 19:18:59,2023-09-05 19:18:59,2023-09-05 19:18:59,
4669,1,4669,2022-11-04 19:18:59,2024-04-29 19:18:59,2023-09-05 19:18:59,2023-09-05 19:18:59,
4670,3,4670,2023-01-11 19:18:59,2024-04-28 19:18:59,2023-09-05 19:18:59,2023-09-05 19:18:59,
4671,3,4671,2023-09-04 19:18:59,2023-12-04 19:18:59,2023-09-05 19:18:59,2023-09-05 19:18:59,
4672,1,4672,2023-05-06 19:18:59,2024-01-09 19:18:59,2023-09-05 19:18:59,2023-09-05 19:18:59,
4673,3,4673,2023-09-03 19:18:59,2024-08-07 19:18:59,2023-09-05 19:18:59,2023-09-05 19:18:59,
4674,2,4674,2022-10-28 19:18:59,2024-07-03 19:18:59,2023-09-05 19:18:59,2023-09-05 19:18:59,
4675,2,4675,2023-05-13 19:18:59,2024-05-15 19:18:59,2023-09-05 19:18:59,2023-09-05 19:18:59,
4676,2,4676,2023-08-02 19:18:59,2023-10-09 19:18:59,2023-09-05 19:18:59,2023-09-05 19:18:59,
4677,2,4677,2023-06-14 19:18:59,2023-11-04 19:18:59,2023-09-05 19:18:59,2023-09-05 19:18:59,
4678,3,4678,2023-03-07 19:18:59,2023-12-15 19:18:59,2023-09-05 19:18:59,2023-09-05 19:18:59,
4679,3,4679,2023-07-31 19:18:59,2023-12-20 19:18:59,2023-09-05 19:18:59,2023-09-05 19:18:59,
4680,2,4680,2023-02-03 19:18:59,2024-06-03 19:18:59,2023-09-05 19:18:59,2023-09-05 19:18:59,
4681,2,4681,2023-07-10 19:18:59,2024-05-13 19:18:59,2023-09-05 19:18:59,2023-09-05 19:18:59,
4682,3,4682,2023-02-28 19:18:59,2024-02-27 19:18:59,2023-09-05 19:18:59,2023-09-05 19:18:59,
4683,2,4683,2022-09-29 19:18:59,2024-05-02 19:18:59,2023-09-05 19:18:59,2023-09-05 19:18:59,
4684,1,4684,2023-04-05 19:18:59,2024-09-03 19:18:59,2023-09-05 19:18:59,2023-09-05 19:18:59,
4685,3,4685,2023-05-19 19:18:59,2024-05-30 19:18:59,2023-09-05 19:18:59,2023-09-05 19:18:59,
4686,3,4686,2023-05-22 19:18:59,2023-12-01 19:18:59,2023-09-05 19:18:59,2023-09-05 19:18:59,
4687,1,4687,2022-09-14 19:18:59,2024-04-09 19:18:59,2023-09-05 19:18:59,2023-09-05 19:18:59,
4688,2,4688,2022-10-18 19:18:59,2024-05-22 19:18:59,2023-09-05 19:18:59,2023-09-05 19:18:59,
4689,2,4689,2022-09-30 19:18:59,2023-12-03 19:18:59,2023-09-05 19:18:59,2023-09-05 19:18:59,
4690,3,4690,2022-12-02 19:18:59,2024-05-31 19:18:59,2023-09-05 19:18:59,2023-09-05 19:18:59,
4691,1,4691,2023-01-29 19:18:59,2024-02-19 19:18:59,2023-09-05 19:18:59,2023-09-05 19:18:59,
4692,3,4692,2023-03-12 19:18:59,2024-06-09 19:18:59,2023-09-05 19:18:59,2023-09-05 19:18:59,
4693,3,4693,2023-04-02 19:18:59,2024-02-13 19:18:59,2023-09-05 19:18:59,2023-09-05 19:18:59,
4694,3,4694,2023-05-26 19:18:59,2024-07-08 19:18:59,2023-09-05 19:18:59,2023-09-05 19:18:59,
4695,1,4695,2022-12-17 19:18:59,2024-08-03 19:18:59,2023-09-05 19:18:59,2023-09-05 19:18:59,
4696,2,4696,2022-12-11 19:18:59,2024-05-20 19:18:59,2023-09-05 19:18:59,2023-09-05 19:18:59,
4697,1,4697,2023-05-02 19:18:59,2024-06-11 19:18:59,2023-09-05 19:18:59,2023-09-05 19:18:59,
4698,2,4698,2023-03-22 19:18:59,2023-12-25 19:18:59,2023-09-05 19:18:59,2023-09-05 19:18:59,
4699,2,4699,2022-11-06 19:18:59,2023-10-15 19:18:59,2023-09-05 19:18:59,2023-09-05 19:18:59,
4700,2,4700,2023-08-27 19:18:59,2024-05-30 19:18:59,2023-09-05 19:18:59,2023-09-05 19:18:59,
4701,1,4701,2023-03-28 19:18:59,2024-04-12 19:18:59,2023-09-05 19:18:59,2023-09-05 19:18:59,
4702,2,4702,2022-12-08 19:18:59,2024-04-21 19:18:59,2023-09-05 19:18:59,2023-09-05 19:18:59,
4703,1,4703,2023-02-09 19:18:59,2024-04-01 19:18:59,2023-09-05 19:18:59,2023-09-05 19:18:59,
4704,3,4704,2022-10-27 19:18:59,2023-11-22 19:18:59,2023-09-05 19:18:59,2023-09-05 19:18:59,
4705,3,4705,2022-11-18 19:18:59,2024-03-28 19:18:59,2023-09-05 19:18:59,2023-09-05 19:18:59,
4706,2,4706,2022-09-23 19:18:59,2024-07-01 19:18:59,2023-09-05 19:18:59,2023-09-05 19:18:59,
4707,1,4707,2023-05-25 19:18:59,2024-05-29 19:18:59,2023-09-05 19:18:59,2023-09-05 19:18:59,
4708,3,4708,2023-02-17 19:18:59,2024-05-02 19:18:59,2023-09-05 19:18:59,2023-09-05 19:18:59,
4709,1,4709,2022-09-27 19:18:59,2024-02-22 19:18:59,2023-09-05 19:18:59,2023-09-05 19:18:59,
4710,1,4710,2023-04-27 19:18:59,2024-06-02 19:18:59,2023-09-05 19:18:59,2023-09-05 19:18:59,
4711,3,4711,2022-12-12 19:18:59,2023-11-09 19:18:59,2023-09-05 19:18:59,2023-09-05 19:18:59,
4712,2,4712,2023-08-21 19:18:59,2024-08-18 19:18:59,2023-09-05 19:18:59,2023-09-05 19:18:59,
4713,2,4713,2023-04-10 19:18:59,2024-06-08 19:18:59,2023-09-05 19:18:59,2023-09-05 19:18:59,
4714,1,4714,2023-05-18 19:18:59,2024-04-12 19:18:59,2023-09-05 19:18:59,2023-09-05 19:18:59,
4715,1,4715,2023-07-11 19:18:59,2024-04-25 19:18:59,2023-09-05 19:18:59,2023-09-05 19:18:59,
4716,1,4716,2023-06-27 19:18:59,2023-11-28 19:18:59,2023-09-05 19:18:59,2023-09-05 19:18:59,
4717,2,4717,2023-07-13 19:18:59,2024-02-07 19:18:59,2023-09-05 19:18:59,2023-09-05 19:18:59,
4718,3,4718,2023-03-01 19:18:59,2023-12-27 19:18:59,2023-09-05 19:18:59,2023-09-05 19:18:59,
4719,3,4719,2023-02-11 19:18:59,2024-06-25 19:18:59,2023-09-05 19:18:59,2023-09-05 19:18:59,
4720,3,4720,2023-01-20 19:18:59,2024-08-27 19:18:59,2023-09-05 19:18:59,2023-09-05 19:18:59,
4721,2,4721,2023-08-20 19:18:59,2024-01-04 19:18:59,2023-09-05 19:18:59,2023-09-05 19:18:59,
4722,2,4722,2022-11-10 19:18:59,2024-03-08 19:18:59,2023-09-05 19:18:59,2023-09-05 19:18:59,
4723,3,4723,2022-10-13 19:18:59,2024-04-10 19:18:59,2023-09-05 19:18:59,2023-09-05 19:18:59,
4724,3,4724,2023-02-03 19:18:59,2024-03-28 19:18:59,2023-09-05 19:18:59,2023-09-05 19:18:59,
4725,3,4725,2023-04-22 19:18:59,2024-08-14 19:18:59,2023-09-05 19:18:59,2023-09-05 19:18:59,
4726,3,4726,2022-09-05 19:18:59,2024-08-11 19:18:59,2023-09-05 19:18:59,2023-09-05 19:18:59,
4727,2,4727,2022-11-25 19:18:59,2024-02-06 19:18:59,2023-09-05 19:18:59,2023-09-05 19:18:59,
4728,2,4728,2022-11-21 19:18:59,2024-01-23 19:18:59,2023-09-05 19:18:59,2023-09-05 19:18:59,
4729,2,4729,2023-07-04 19:18:59,2024-08-28 19:18:59,2023-09-05 19:18:59,2023-09-05 19:18:59,
4730,3,4730,2023-03-30 19:18:59,2023-10-10 19:18:59,2023-09-05 19:18:59,2023-09-05 19:18:59,
4731,1,4731,2023-03-12 19:18:59,2024-05-28 19:18:59,2023-09-05 19:18:59,2023-09-05 19:18:59,
4732,3,4732,2023-06-23 19:18:59,2024-02-14 19:18:59,2023-09-05 19:18:59,2023-09-05 19:18:59,
4733,1,4733,2022-11-13 19:18:59,2023-10-13 19:18:59,2023-09-05 19:18:59,2023-09-05 19:18:59,
4734,2,4734,2022-11-13 19:18:59,2024-06-17 19:18:59,2023-09-05 19:18:59,2023-09-05 19:18:59,
4735,1,4735,2023-05-02 19:18:59,2023-12-21 19:18:59,2023-09-05 19:18:59,2023-09-05 19:18:59,
4736,3,4736,2023-08-11 19:18:59,2023-12-30 19:18:59,2023-09-05 19:18:59,2023-09-05 19:18:59,
4737,3,4737,2022-12-13 19:18:59,2023-11-04 19:18:59,2023-09-05 19:18:59,2023-09-05 19:18:59,
4738,1,4738,2023-08-13 19:18:59,2023-10-17 19:18:59,2023-09-05 19:18:59,2023-09-05 19:18:59,
4739,2,4739,2023-08-22 19:18:59,2024-04-19 19:18:59,2023-09-05 19:18:59,2023-09-05 19:18:59,
4740,1,4740,2023-05-27 19:18:59,2023-12-17 19:18:59,2023-09-05 19:18:59,2023-09-05 19:18:59,
4741,2,4741,2023-05-14 19:18:59,2024-06-13 19:18:59,2023-09-05 19:18:59,2023-09-05 19:18:59,
4742,1,4742,2022-10-13 19:18:59,2024-03-07 19:18:59,2023-09-05 19:18:59,2023-09-05 19:18:59,
4743,1,4743,2022-09-27 19:18:59,2024-03-26 19:18:59,2023-09-05 19:18:59,2023-09-05 19:18:59,
4744,1,4744,2023-04-14 19:18:59,2024-04-20 19:18:59,2023-09-05 19:18:59,2023-09-05 19:18:59,
4745,2,4745,2023-08-16 19:18:59,2024-07-12 19:18:59,2023-09-05 19:18:59,2023-09-05 19:18:59,
4746,2,4746,2023-06-15 19:18:59,2023-12-17 19:18:59,2023-09-05 19:18:59,2023-09-05 19:18:59,
4747,2,4747,2023-04-28 19:18:59,2024-07-02 19:18:59,2023-09-05 19:18:59,2023-09-05 19:18:59,
4748,1,4748,2023-02-16 19:18:59,2024-01-19 19:18:59,2023-09-05 19:18:59,2023-09-05 19:18:59,
4749,3,4749,2023-02-13 19:18:59,2024-02-08 19:18:59,2023-09-05 19:18:59,2023-09-05 19:18:59,
4750,3,4750,2023-08-24 19:18:59,2024-02-09 19:18:59,2023-09-05 19:18:59,2023-09-05 19:18:59,
4751,1,4751,2022-09-13 19:18:59,2024-02-22 19:18:59,2023-09-05 19:18:59,2023-09-05 19:18:59,
4752,1,4752,2023-06-11 19:18:59,2024-07-26 19:18:59,2023-09-05 19:18:59,2023-09-05 19:18:59,
4753,1,4753,2023-02-09 19:18:59,2024-08-17 19:18:59,2023-09-05 19:18:59,2023-09-05 19:18:59,
4754,3,4754,2022-12-17 19:18:59,2024-03-19 19:18:59,2023-09-05 19:18:59,2023-09-05 19:18:59,
4755,2,4755,2023-01-05 19:18:59,2023-10-08 19:18:59,2023-09-05 19:18:59,2023-09-05 19:18:59,
4756,2,4756,2023-01-23 19:18:59,2024-03-29 19:18:59,2023-09-05 19:18:59,2023-09-05 19:18:59,
4757,2,4757,2023-05-24 19:18:59,2024-06-19 19:18:59,2023-09-05 19:18:59,2023-09-05 19:18:59,
4758,1,4758,2022-11-17 19:18:59,2024-08-04 19:18:59,2023-09-05 19:18:59,2023-09-05 19:18:59,
4759,2,4759,2022-11-30 19:18:59,2023-11-15 19:18:59,2023-09-05 19:18:59,2023-09-05 19:18:59,
4760,3,4760,2023-04-03 19:18:59,2023-12-22 19:18:59,2023-09-05 19:18:59,2023-09-05 19:18:59,
4761,1,4761,2023-07-30 19:18:59,2024-02-23 19:18:59,2023-09-05 19:18:59,2023-09-05 19:18:59,
4762,3,4762,2022-10-05 19:18:59,2023-12-17 19:18:59,2023-09-05 19:18:59,2023-09-05 19:18:59,
4763,3,4763,2022-09-11 19:18:59,2024-08-08 19:18:59,2023-09-05 19:18:59,2023-09-05 19:18:59,
4764,1,4764,2023-02-18 19:18:59,2024-05-26 19:18:59,2023-09-05 19:18:59,2023-09-05 19:18:59,
4765,1,4765,2023-07-27 19:18:59,2023-11-04 19:18:59,2023-09-05 19:18:59,2023-09-05 19:18:59,
4766,1,4766,2023-05-23 19:18:59,2023-11-29 19:18:59,2023-09-05 19:18:59,2023-09-05 19:18:59,
4767,3,4767,2023-04-07 19:18:59,2024-05-01 19:18:59,2023-09-05 19:18:59,2023-09-05 19:18:59,
4768,1,4768,2022-10-03 19:18:59,2023-10-16 19:18:59,2023-09-05 19:18:59,2023-09-05 19:18:59,
4769,3,4769,2023-08-10 19:18:59,2024-03-08 19:18:59,2023-09-05 19:18:59,2023-09-05 19:18:59,
4770,1,4770,2023-05-18 19:18:59,2024-07-02 19:18:59,2023-09-05 19:18:59,2023-09-05 19:18:59,
4771,1,4771,2022-12-07 19:18:59,2024-02-12 19:18:59,2023-09-05 19:18:59,2023-09-05 19:18:59,
4772,1,4772,2023-04-02 19:18:59,2023-10-17 19:18:59,2023-09-05 19:18:59,2023-09-05 19:18:59,
4773,3,4773,2023-06-20 19:18:59,2024-06-17 19:18:59,2023-09-05 19:18:59,2023-09-05 19:18:59,
4774,1,4774,2023-02-09 19:18:59,2024-08-03 19:18:59,2023-09-05 19:18:59,2023-09-05 19:18:59,
4775,2,4775,2022-12-21 19:18:59,2024-06-08 19:18:59,2023-09-05 19:18:59,2023-09-05 19:18:59,
4776,2,4776,2022-12-28 19:18:59,2024-01-10 19:18:59,2023-09-05 19:18:59,2023-09-05 19:18:59,
4777,3,4777,2023-07-31 19:18:59,2023-11-17 19:18:59,2023-09-05 19:18:59,2023-09-05 19:18:59,
4778,2,4778,2022-11-29 19:18:59,2024-08-17 19:18:59,2023-09-05 19:18:59,2023-09-05 19:18:59,
4779,1,4779,2023-03-18 19:18:59,2024-04-04 19:18:59,2023-09-05 19:18:59,2023-09-05 19:18:59,
4780,2,4780,2023-04-23 19:18:59,2024-03-29 19:18:59,2023-09-05 19:18:59,2023-09-05 19:18:59,
4781,2,4781,2022-10-19 19:18:59,2023-12-23 19:18:59,2023-09-05 19:18:59,2023-09-05 19:18:59,
4782,2,4782,2023-03-11 19:18:59,2024-08-19 19:18:59,2023-09-05 19:18:59,2023-09-05 19:18:59,
4783,3,4783,2023-05-11 19:18:59,2024-03-31 19:18:59,2023-09-05 19:18:59,2023-09-05 19:18:59,
4784,2,4784,2023-01-06 19:18:59,2024-02-20 19:18:59,2023-09-05 19:18:59,2023-09-05 19:18:59,
4785,1,4785,2023-02-27 19:18:59,2024-07-26 19:18:59,2023-09-05 19:18:59,2023-09-05 19:18:59,
4786,3,4786,2022-09-14 19:18:59,2024-01-29 19:18:59,2023-09-05 19:18:59,2023-09-05 19:18:59,
4787,1,4787,2023-01-11 19:18:59,2024-04-26 19:18:59,2023-09-05 19:18:59,2023-09-05 19:18:59,
4788,2,4788,2023-07-25 19:18:59,2024-06-01 19:18:59,2023-09-05 19:18:59,2023-09-05 19:18:59,
4789,1,4789,2023-02-28 19:18:59,2024-06-20 19:18:59,2023-09-05 19:18:59,2023-09-05 19:18:59,
4790,3,4790,2023-07-30 19:18:59,2023-11-22 19:18:59,2023-09-05 19:18:59,2023-09-05 19:18:59,
4791,2,4791,2022-09-30 19:18:59,2024-01-06 19:18:59,2023-09-05 19:18:59,2023-09-05 19:18:59,
4792,3,4792,2022-10-05 19:18:59,2024-01-13 19:18:59,2023-09-05 19:18:59,2023-09-05 19:18:59,
4793,1,4793,2023-02-27 19:18:59,2024-05-23 19:18:59,2023-09-05 19:18:59,2023-09-05 19:18:59,
4794,3,4794,2022-10-05 19:18:59,2024-02-19 19:18:59,2023-09-05 19:18:59,2023-09-05 19:18:59,
4795,3,4795,2023-08-07 19:18:59,2024-01-01 19:18:59,2023-09-05 19:18:59,2023-09-05 19:18:59,
4796,1,4796,2022-10-31 19:18:59,2024-08-25 19:18:59,2023-09-05 19:18:59,2023-09-05 19:18:59,
4797,1,4797,2023-06-07 19:18:59,2024-06-21 19:18:59,2023-09-05 19:18:59,2023-09-05 19:18:59,
4798,1,4798,2022-12-23 19:18:59,2023-10-22 19:18:59,2023-09-05 19:18:59,2023-09-05 19:18:59,
4799,2,4799,2023-05-13 19:18:59,2024-01-02 19:18:59,2023-09-05 19:18:59,2023-09-05 19:18:59,
4800,2,4800,2023-03-17 19:18:59,2024-06-26 19:18:59,2023-09-05 19:18:59,2023-09-05 19:18:59,
4801,1,4801,2023-04-14 19:18:59,2024-01-18 19:18:59,2023-09-05 19:18:59,2023-09-05 19:18:59,
4802,2,4802,2022-09-13 19:18:59,2024-04-26 19:18:59,2023-09-05 19:18:59,2023-09-05 19:18:59,
4803,3,4803,2023-02-16 19:18:59,2024-07-12 19:18:59,2023-09-05 19:18:59,2023-09-05 19:18:59,
4804,3,4804,2023-02-22 19:18:59,2024-06-15 19:18:59,2023-09-05 19:18:59,2023-09-05 19:18:59,
4805,1,4805,2022-12-22 19:18:59,2024-06-26 19:18:59,2023-09-05 19:18:59,2023-09-05 19:18:59,
4806,3,4806,2023-01-25 19:18:59,2024-03-20 19:18:59,2023-09-05 19:18:59,2023-09-05 19:18:59,
4807,3,4807,2023-06-10 19:18:59,2024-05-04 19:18:59,2023-09-05 19:18:59,2023-09-05 19:18:59,
4808,2,4808,2023-04-04 19:18:59,2023-10-31 19:18:59,2023-09-05 19:18:59,2023-09-05 19:18:59,
4809,1,4809,2022-11-15 19:18:59,2023-10-24 19:18:59,2023-09-05 19:18:59,2023-09-05 19:18:59,
4810,2,4810,2023-06-12 19:18:59,2024-02-26 19:18:59,2023-09-05 19:18:59,2023-09-05 19:18:59,
4811,2,4811,2023-05-08 19:18:59,2024-02-27 19:18:59,2023-09-05 19:18:59,2023-09-05 19:18:59,
4812,3,4812,2023-07-10 19:18:59,2024-06-13 19:18:59,2023-09-05 19:18:59,2023-09-05 19:18:59,
4813,3,4813,2023-03-21 19:18:59,2023-12-28 19:18:59,2023-09-05 19:18:59,2023-09-05 19:18:59,
4814,1,4814,2023-03-02 19:18:59,2024-07-10 19:18:59,2023-09-05 19:18:59,2023-09-05 19:18:59,
4815,3,4815,2022-09-21 19:18:59,2024-02-21 19:18:59,2023-09-05 19:18:59,2023-09-05 19:18:59,
4816,1,4816,2023-01-19 19:18:59,2024-01-13 19:18:59,2023-09-05 19:18:59,2023-09-05 19:18:59,
4817,1,4817,2023-05-23 19:18:59,2024-04-29 19:18:59,2023-09-05 19:18:59,2023-09-05 19:18:59,
4818,3,4818,2022-12-13 19:18:59,2023-10-08 19:18:59,2023-09-05 19:18:59,2023-09-05 19:18:59,
4819,2,4819,2022-10-29 19:18:59,2023-11-18 19:18:59,2023-09-05 19:18:59,2023-09-05 19:18:59,
4820,3,4820,2023-04-08 19:18:59,2024-08-17 19:18:59,2023-09-05 19:18:59,2023-09-05 19:18:59,
4821,2,4821,2023-05-09 19:18:59,2024-03-28 19:18:59,2023-09-05 19:18:59,2023-09-05 19:18:59,
4822,2,4822,2023-08-18 19:18:59,2024-08-16 19:18:59,2023-09-05 19:18:59,2023-09-05 19:18:59,
4823,2,4823,2022-12-30 19:18:59,2023-11-17 19:18:59,2023-09-05 19:18:59,2023-09-05 19:18:59,
4824,1,4824,2023-08-15 19:18:59,2023-10-06 19:18:59,2023-09-05 19:18:59,2023-09-05 19:18:59,
4825,2,4825,2023-02-10 19:18:59,2024-03-09 19:18:59,2023-09-05 19:18:59,2023-09-05 19:18:59,
4826,2,4826,2022-09-05 19:18:59,2024-01-28 19:18:59,2023-09-05 19:18:59,2023-09-05 19:18:59,
4827,2,4827,2022-10-28 19:18:59,2024-04-07 19:18:59,2023-09-05 19:18:59,2023-09-05 19:18:59,
4828,3,4828,2023-02-15 19:18:59,2024-06-05 19:18:59,2023-09-05 19:18:59,2023-09-05 19:18:59,
4829,3,4829,2022-11-24 19:18:59,2023-11-25 19:18:59,2023-09-05 19:18:59,2023-09-05 19:18:59,
4830,2,4830,2023-03-31 19:18:59,2024-02-08 19:18:59,2023-09-05 19:18:59,2023-09-05 19:18:59,
4831,2,4831,2023-05-29 19:18:59,2023-12-08 19:18:59,2023-09-05 19:18:59,2023-09-05 19:18:59,
4832,2,4832,2022-12-08 19:18:59,2024-02-22 19:18:59,2023-09-05 19:18:59,2023-09-05 19:18:59,
4833,1,4833,2023-01-08 19:18:59,2024-06-06 19:18:59,2023-09-05 19:18:59,2023-09-05 19:18:59,
4834,3,4834,2023-06-18 19:18:59,2023-10-10 19:18:59,2023-09-05 19:18:59,2023-09-05 19:18:59,
4835,3,4835,2023-03-09 19:18:59,2024-07-01 19:18:59,2023-09-05 19:18:59,2023-09-05 19:18:59,
4836,2,4836,2023-08-16 19:18:59,2023-11-29 19:18:59,2023-09-05 19:18:59,2023-09-05 19:18:59,
4837,1,4837,2023-05-29 19:18:59,2023-11-13 19:18:59,2023-09-05 19:18:59,2023-09-05 19:18:59,
4838,1,4838,2023-02-12 19:18:59,2024-07-20 19:18:59,2023-09-05 19:18:59,2023-09-05 19:18:59,
4839,3,4839,2023-06-14 19:18:59,2024-06-27 19:18:59,2023-09-05 19:18:59,2023-09-05 19:18:59,
4840,3,4840,2022-10-22 19:18:59,2024-07-07 19:18:59,2023-09-05 19:18:59,2023-09-05 19:18:59,
4841,2,4841,2023-02-26 19:18:59,2023-12-29 19:18:59,2023-09-05 19:18:59,2023-09-05 19:18:59,
4842,1,4842,2023-06-12 19:18:59,2024-01-27 19:18:59,2023-09-05 19:18:59,2023-09-05 19:18:59,
4843,3,4843,2022-10-28 19:18:59,2024-06-08 19:18:59,2023-09-05 19:18:59,2023-09-05 19:18:59,
4844,2,4844,2023-03-13 19:18:59,2023-11-20 19:18:59,2023-09-05 19:18:59,2023-09-05 19:18:59,
4845,2,4845,2023-08-20 19:18:59,2024-08-12 19:18:59,2023-09-05 19:18:59,2023-09-05 19:18:59,
4846,1,4846,2022-11-20 19:18:59,2024-02-12 19:18:59,2023-09-05 19:18:59,2023-09-05 19:18:59,
4847,3,4847,2022-11-08 19:18:59,2024-06-05 19:18:59,2023-09-05 19:18:59,2023-09-05 19:18:59,
4848,2,4848,2023-02-05 19:18:59,2024-05-14 19:18:59,2023-09-05 19:18:59,2023-09-05 19:18:59,
4849,1,4849,2022-10-02 19:18:59,2024-02-12 19:18:59,2023-09-05 19:18:59,2023-09-05 19:18:59,
4850,2,4850,2023-04-18 19:18:59,2023-11-04 19:18:59,2023-09-05 19:18:59,2023-09-05 19:18:59,
4851,3,4851,2023-03-21 19:18:59,2024-04-06 19:18:59,2023-09-05 19:18:59,2023-09-05 19:18:59,
4852,3,4852,2023-04-18 19:18:59,2024-06-29 19:18:59,2023-09-05 19:18:59,2023-09-05 19:18:59,
4853,1,4853,2023-06-26 19:18:59,2024-03-31 19:18:59,2023-09-05 19:18:59,2023-09-05 19:18:59,
4854,3,4854,2023-04-18 19:18:59,2024-05-09 19:18:59,2023-09-05 19:18:59,2023-09-05 19:18:59,
4855,2,4855,2022-09-26 19:18:59,2024-09-02 19:18:59,2023-09-05 19:18:59,2023-09-05 19:18:59,
4856,3,4856,2022-11-25 19:18:59,2023-12-03 19:18:59,2023-09-05 19:18:59,2023-09-05 19:18:59,
4857,1,4857,2023-01-18 19:18:59,2024-08-26 19:18:59,2023-09-05 19:18:59,2023-09-05 19:18:59,
4858,2,4858,2022-12-17 19:18:59,2024-05-14 19:18:59,2023-09-05 19:18:59,2023-09-05 19:18:59,
4859,3,4859,2023-03-09 19:18:59,2024-03-06 19:18:59,2023-09-05 19:18:59,2023-09-05 19:18:59,
4860,2,4860,2023-08-15 19:18:59,2023-12-18 19:18:59,2023-09-05 19:18:59,2023-09-05 19:18:59,
4861,2,4861,2023-04-23 19:18:59,2024-05-15 19:18:59,2023-09-05 19:18:59,2023-09-05 19:18:59,
4862,1,4862,2023-01-12 19:18:59,2024-08-04 19:18:59,2023-09-05 19:18:59,2023-09-05 19:18:59,
4863,1,4863,2022-09-26 19:18:59,2024-05-23 19:18:59,2023-09-05 19:18:59,2023-09-05 19:18:59,
4864,2,4864,2023-01-01 19:18:59,2024-04-23 19:18:59,2023-09-05 19:18:59,2023-09-05 19:18:59,
4865,2,4865,2022-09-17 19:18:59,2024-07-02 19:18:59,2023-09-05 19:18:59,2023-09-05 19:18:59,
4866,2,4866,2023-05-18 19:18:59,2024-09-02 19:18:59,2023-09-05 19:18:59,2023-09-05 19:18:59,
4867,2,4867,2022-11-04 19:18:59,2024-02-21 19:18:59,2023-09-05 19:18:59,2023-09-05 19:18:59,
4868,3,4868,2023-06-25 19:18:59,2024-08-26 19:18:59,2023-09-05 19:18:59,2023-09-05 19:18:59,
4869,2,4869,2022-11-26 19:18:59,2023-10-22 19:18:59,2023-09-05 19:18:59,2023-09-05 19:18:59,
4870,3,4870,2022-12-20 19:18:59,2024-03-22 19:18:59,2023-09-05 19:18:59,2023-09-05 19:18:59,
4871,1,4871,2022-09-14 19:18:59,2024-08-28 19:18:59,2023-09-05 19:18:59,2023-09-05 19:18:59,
4872,2,4872,2023-02-19 19:18:59,2024-08-07 19:18:59,2023-09-05 19:18:59,2023-09-05 19:18:59,
4873,1,4873,2023-06-09 19:18:59,2023-11-23 19:18:59,2023-09-05 19:18:59,2023-09-05 19:18:59,
4874,1,4874,2023-02-07 19:18:59,2024-03-27 19:18:59,2023-09-05 19:18:59,2023-09-05 19:18:59,
4875,2,4875,2023-03-08 19:18:59,2023-11-01 19:18:59,2023-09-05 19:18:59,2023-09-05 19:18:59,
4876,1,4876,2022-10-27 19:18:59,2024-01-17 19:18:59,2023-09-05 19:18:59,2023-09-05 19:18:59,
4877,3,4877,2022-09-24 19:18:59,2023-12-30 19:18:59,2023-09-05 19:18:59,2023-09-05 19:18:59,
4878,2,4878,2022-09-09 19:18:59,2024-05-24 19:18:59,2023-09-05 19:18:59,2023-09-05 19:18:59,
4879,3,4879,2023-03-04 19:18:59,2023-12-31 19:18:59,2023-09-05 19:18:59,2023-09-05 19:18:59,
4880,1,4880,2023-01-12 19:18:59,2024-02-08 19:18:59,2023-09-05 19:18:59,2023-09-05 19:18:59,
4881,3,4881,2023-04-09 19:18:59,2024-05-26 19:18:59,2023-09-05 19:18:59,2023-09-05 19:18:59,
4882,1,4882,2023-06-30 19:18:59,2024-06-09 19:18:59,2023-09-05 19:18:59,2023-09-05 19:18:59,
4883,2,4883,2022-10-04 19:18:59,2024-02-07 19:18:59,2023-09-05 19:18:59,2023-09-05 19:18:59,
4884,3,4884,2023-06-13 19:18:59,2024-01-16 19:18:59,2023-09-05 19:18:59,2023-09-05 19:18:59,
4885,2,4885,2023-05-20 19:18:59,2023-11-09 19:18:59,2023-09-05 19:18:59,2023-09-05 19:18:59,
4886,1,4886,2023-01-11 19:18:59,2024-05-04 19:18:59,2023-09-05 19:18:59,2023-09-05 19:18:59,
4887,3,4887,2022-09-07 19:18:59,2024-03-22 19:18:59,2023-09-05 19:18:59,2023-09-05 19:18:59,
4888,3,4888,2023-02-25 19:18:59,2024-01-13 19:18:59,2023-09-05 19:18:59,2023-09-05 19:18:59,
4889,3,4889,2022-10-25 19:18:59,2023-10-26 19:18:59,2023-09-05 19:18:59,2023-09-05 19:18:59,
4890,2,4890,2023-08-16 19:18:59,2024-08-08 19:18:59,2023-09-05 19:18:59,2023-09-05 19:18:59,
4891,1,4891,2022-11-22 19:18:59,2024-01-29 19:18:59,2023-09-05 19:18:59,2023-09-05 19:18:59,
4892,3,4892,2023-01-16 19:18:59,2024-06-18 19:18:59,2023-09-05 19:18:59,2023-09-05 19:18:59,
4893,3,4893,2023-05-20 19:18:59,2023-11-12 19:18:59,2023-09-05 19:18:59,2023-09-05 19:18:59,
4894,3,4894,2022-12-29 19:18:59,2024-05-09 19:18:59,2023-09-05 19:18:59,2023-09-05 19:18:59,
4895,3,4895,2023-06-25 19:18:59,2024-01-02 19:18:59,2023-09-05 19:18:59,2023-09-05 19:18:59,
4896,2,4896,2022-11-25 19:18:59,2024-03-27 19:18:59,2023-09-05 19:18:59,2023-09-05 19:18:59,
4897,2,4897,2023-04-20 19:18:59,2024-09-04 19:18:59,2023-09-05 19:18:59,2023-09-05 19:18:59,
4898,1,4898,2023-03-10 19:18:59,2023-12-10 19:18:59,2023-09-05 19:18:59,2023-09-05 19:18:59,
4899,3,4899,2022-10-12 19:18:59,2024-06-16 19:18:59,2023-09-05 19:18:59,2023-09-05 19:18:59,
4900,3,4900,2023-05-23 19:18:59,2024-04-16 19:18:59,2023-09-05 19:18:59,2023-09-05 19:18:59,
4901,3,4901,2023-07-19 19:18:59,2023-11-27 19:18:59,2023-09-05 19:18:59,2023-09-05 19:18:59,
4902,2,4902,2023-07-30 19:18:59,2024-07-14 19:18:59,2023-09-05 19:18:59,2023-09-05 19:18:59,
4903,1,4903,2023-07-07 19:18:59,2024-05-25 19:18:59,2023-09-05 19:18:59,2023-09-05 19:18:59,
4904,1,4904,2023-06-18 19:18:59,2024-03-21 19:18:59,2023-09-05 19:18:59,2023-09-05 19:18:59,
4905,2,4905,2022-10-31 19:18:59,2024-05-28 19:18:59,2023-09-05 19:18:59,2023-09-05 19:18:59,
4906,3,4906,2022-09-05 19:18:59,2023-11-14 19:18:59,2023-09-05 19:18:59,2023-09-05 19:18:59,
4907,1,4907,2022-12-15 19:18:59,2024-08-17 19:18:59,2023-09-05 19:18:59,2023-09-05 19:18:59,
4908,1,4908,2023-05-13 19:18:59,2024-03-14 19:18:59,2023-09-05 19:18:59,2023-09-05 19:18:59,
4909,1,4909,2023-07-04 19:18:59,2024-05-22 19:18:59,2023-09-05 19:18:59,2023-09-05 19:18:59,
4910,3,4910,2023-03-15 19:18:59,2024-05-25 19:18:59,2023-09-05 19:18:59,2023-09-05 19:18:59,
4911,1,4911,2023-01-23 19:18:59,2024-06-24 19:18:59,2023-09-05 19:18:59,2023-09-05 19:18:59,
4912,2,4912,2022-10-08 19:18:59,2024-02-06 19:18:59,2023-09-05 19:18:59,2023-09-05 19:18:59,
4913,1,4913,2023-08-10 19:18:59,2024-08-14 19:18:59,2023-09-05 19:18:59,2023-09-05 19:18:59,
4914,2,4914,2022-09-15 19:18:59,2024-08-04 19:18:59,2023-09-05 19:18:59,2023-09-05 19:18:59,
4915,3,4915,2023-07-28 19:18:59,2024-01-29 19:18:59,2023-09-05 19:18:59,2023-09-05 19:18:59,
4916,2,4916,2023-04-02 19:18:59,2024-01-18 19:18:59,2023-09-05 19:18:59,2023-09-05 19:18:59,
4917,3,4917,2022-12-11 19:18:59,2024-05-31 19:18:59,2023-09-05 19:18:59,2023-09-05 19:18:59,
4918,1,4918,2022-10-24 19:18:59,2023-11-10 19:18:59,2023-09-05 19:18:59,2023-09-05 19:18:59,
4919,1,4919,2023-08-02 19:18:59,2024-09-01 19:18:59,2023-09-05 19:18:59,2023-09-05 19:18:59,
4920,1,4920,2023-02-12 19:18:59,2024-06-03 19:18:59,2023-09-05 19:18:59,2023-09-05 19:18:59,
4921,2,4921,2023-06-25 19:18:59,2024-07-16 19:18:59,2023-09-05 19:18:59,2023-09-05 19:18:59,
4922,2,4922,2022-11-07 19:18:59,2024-06-27 19:18:59,2023-09-05 19:18:59,2023-09-05 19:18:59,
4923,2,4923,2023-01-31 19:18:59,2024-04-07 19:18:59,2023-09-05 19:18:59,2023-09-05 19:18:59,
4924,1,4924,2023-07-11 19:18:59,2024-03-18 19:18:59,2023-09-05 19:18:59,2023-09-05 19:18:59,
4925,3,4925,2023-09-05 19:18:59,2024-06-06 19:18:59,2023-09-05 19:18:59,2023-09-05 19:18:59,
4926,3,4926,2023-06-11 19:18:59,2024-03-12 19:18:59,2023-09-05 19:18:59,2023-09-05 19:18:59,
4927,2,4927,2023-04-11 19:18:59,2024-06-13 19:18:59,2023-09-05 19:18:59,2023-09-05 19:18:59,
4928,2,4928,2023-04-01 19:18:59,2023-12-10 19:18:59,2023-09-05 19:18:59,2023-09-05 19:18:59,
4929,1,4929,2023-07-26 19:18:59,2024-08-11 19:18:59,2023-09-05 19:18:59,2023-09-05 19:18:59,
4930,3,4930,2022-11-25 19:18:59,2024-01-20 19:18:59,2023-09-05 19:18:59,2023-09-05 19:18:59,
4931,3,4931,2023-05-31 19:18:59,2024-01-19 19:18:59,2023-09-05 19:18:59,2023-09-05 19:18:59,
4932,2,4932,2023-08-26 19:18:59,2024-04-19 19:18:59,2023-09-05 19:18:59,2023-09-05 19:18:59,
4933,3,4933,2023-03-20 19:18:59,2023-12-06 19:18:59,2023-09-05 19:18:59,2023-09-05 19:18:59,
4934,3,4934,2022-11-25 19:18:59,2024-02-10 19:18:59,2023-09-05 19:18:59,2023-09-05 19:18:59,
4935,2,4935,2022-10-05 19:18:59,2024-07-16 19:18:59,2023-09-05 19:18:59,2023-09-05 19:18:59,
4936,3,4936,2023-03-25 19:18:59,2024-04-26 19:18:59,2023-09-05 19:18:59,2023-09-05 19:18:59,
4937,2,4937,2022-12-03 19:18:59,2023-12-01 19:18:59,2023-09-05 19:18:59,2023-09-05 19:18:59,
4938,2,4938,2023-07-06 19:18:59,2024-06-10 19:18:59,2023-09-05 19:18:59,2023-09-05 19:18:59,
4939,1,4939,2023-02-24 19:18:59,2023-10-06 19:18:59,2023-09-05 19:18:59,2023-09-05 19:18:59,
4940,2,4940,2023-07-16 19:18:59,2023-10-31 19:18:59,2023-09-05 19:18:59,2023-09-05 19:18:59,
4941,3,4941,2023-04-15 19:18:59,2023-12-02 19:18:59,2023-09-05 19:18:59,2023-09-05 19:18:59,
4942,2,4942,2022-09-27 19:18:59,2024-03-16 19:18:59,2023-09-05 19:18:59,2023-09-05 19:18:59,
4943,1,4943,2023-08-07 19:18:59,2024-05-27 19:18:59,2023-09-05 19:18:59,2023-09-05 19:18:59,
4944,3,4944,2023-02-15 19:18:59,2023-12-29 19:18:59,2023-09-05 19:18:59,2023-09-05 19:18:59,
4945,1,4945,2022-10-22 19:18:59,2024-05-02 19:18:59,2023-09-05 19:18:59,2023-09-05 19:18:59,
4946,3,4946,2023-08-31 19:18:59,2023-10-17 19:18:59,2023-09-05 19:18:59,2023-09-05 19:18:59,
4947,1,4947,2022-09-12 19:18:59,2024-08-03 19:18:59,2023-09-05 19:18:59,2023-09-05 19:18:59,
4948,3,4948,2022-09-26 19:18:59,2024-01-08 19:18:59,2023-09-05 19:18:59,2023-09-05 19:18:59,
4949,3,4949,2022-09-30 19:18:59,2024-01-05 19:18:59,2023-09-05 19:18:59,2023-09-05 19:18:59,
4950,1,4950,2023-01-13 19:18:59,2024-07-28 19:18:59,2023-09-05 19:18:59,2023-09-05 19:18:59,
4951,2,4951,2022-12-07 19:18:59,2024-06-05 19:18:59,2023-09-05 19:18:59,2023-09-05 19:18:59,
4952,2,4952,2022-09-15 19:18:59,2023-12-08 19:18:59,2023-09-05 19:18:59,2023-09-05 19:18:59,
4953,2,4953,2023-09-05 19:18:59,2024-08-02 19:18:59,2023-09-05 19:18:59,2023-09-05 19:18:59,
4954,3,4954,2022-10-07 19:18:59,2024-08-14 19:18:59,2023-09-05 19:18:59,2023-09-05 19:18:59,
4955,1,4955,2023-03-12 19:18:59,2024-07-25 19:18:59,2023-09-05 19:18:59,2023-09-05 19:18:59,
4956,3,4956,2023-07-06 19:18:59,2024-03-12 19:18:59,2023-09-05 19:18:59,2023-09-05 19:18:59,
4957,1,4957,2022-09-12 19:18:59,2024-07-12 19:18:59,2023-09-05 19:18:59,2023-09-05 19:18:59,
4958,2,4958,2022-11-26 19:18:59,2024-06-30 19:18:59,2023-09-05 19:18:59,2023-09-05 19:18:59,
4959,2,4959,2023-05-05 19:18:59,2024-03-14 19:18:59,2023-09-05 19:18:59,2023-09-05 19:18:59,
4960,2,4960,2022-12-12 19:18:59,2023-12-03 19:18:59,2023-09-05 19:18:59,2023-09-05 19:18:59,
4961,1,4961,2022-10-31 19:18:59,2024-03-31 19:18:59,2023-09-05 19:18:59,2023-09-05 19:18:59,
4962,3,4962,2023-07-03 19:18:59,2024-03-06 19:18:59,2023-09-05 19:18:59,2023-09-05 19:18:59,
4963,3,4963,2023-07-01 19:18:59,2023-12-29 19:18:59,2023-09-05 19:18:59,2023-09-05 19:18:59,
4964,1,4964,2023-01-26 19:18:59,2024-01-06 19:18:59,2023-09-05 19:18:59,2023-09-05 19:18:59,
4965,2,4965,2023-03-12 19:18:59,2023-11-29 19:18:59,2023-09-05 19:18:59,2023-09-05 19:18:59,
4966,3,4966,2023-03-03 19:18:59,2024-02-02 19:18:59,2023-09-05 19:18:59,2023-09-05 19:18:59,
4967,2,4967,2022-12-07 19:18:59,2024-05-31 19:18:59,2023-09-05 19:18:59,2023-09-05 19:18:59,
4968,2,4968,2022-10-25 19:18:59,2024-04-29 19:18:59,2023-09-05 19:18:59,2023-09-05 19:18:59,
4969,3,4969,2023-03-30 19:18:59,2024-04-08 19:18:59,2023-09-05 19:18:59,2023-09-05 19:18:59,
4970,3,4970,2023-06-11 19:18:59,2023-12-26 19:18:59,2023-09-05 19:18:59,2023-09-05 19:18:59,
4971,3,4971,2023-04-22 19:18:59,2024-07-22 19:18:59,2023-09-05 19:18:59,2023-09-05 19:18:59,
4972,1,4972,2022-10-01 19:18:59,2023-12-16 19:18:59,2023-09-05 19:18:59,2023-09-05 19:18:59,
4973,2,4973,2023-03-15 19:18:59,2023-12-23 19:18:59,2023-09-05 19:18:59,2023-09-05 19:18:59,
4974,1,4974,2023-08-29 19:18:59,2024-03-31 19:18:59,2023-09-05 19:18:59,2023-09-05 19:18:59,
4975,1,4975,2023-08-04 19:18:59,2023-10-10 19:18:59,2023-09-05 19:18:59,2023-09-05 19:18:59,
4976,1,4976,2022-10-04 19:18:59,2024-04-08 19:18:59,2023-09-05 19:18:59,2023-09-05 19:18:59,
4977,2,4977,2022-09-22 19:18:59,2024-01-20 19:18:59,2023-09-05 19:18:59,2023-09-05 19:18:59,
4978,2,4978,2022-11-27 19:18:59,2024-06-22 19:18:59,2023-09-05 19:18:59,2023-09-05 19:18:59,
4979,3,4979,2022-10-08 19:18:59,2024-05-31 19:18:59,2023-09-05 19:18:59,2023-09-05 19:18:59,
4980,1,4980,2023-05-15 19:18:59,2024-08-31 19:18:59,2023-09-05 19:18:59,2023-09-05 19:18:59,
4981,3,4981,2023-02-15 19:18:59,2024-03-04 19:18:59,2023-09-05 19:18:59,2023-09-05 19:18:59,
4982,1,4982,2023-02-25 19:18:59,2024-03-09 19:18:59,2023-09-05 19:18:59,2023-09-05 19:18:59,
4983,1,4983,2023-06-30 19:18:59,2024-09-04 19:18:59,2023-09-05 19:18:59,2023-09-05 19:18:59,
4984,2,4984,2023-06-27 19:18:59,2024-02-21 19:18:59,2023-09-05 19:18:59,2023-09-05 19:18:59,
4985,2,4985,2022-12-25 19:18:59,2024-01-03 19:18:59,2023-09-05 19:18:59,2023-09-05 19:18:59,
4986,1,4986,2023-04-19 19:18:59,2024-01-11 19:18:59,2023-09-05 19:18:59,2023-09-05 19:18:59,
4987,1,4987,2022-11-14 19:18:59,2024-08-18 19:18:59,2023-09-05 19:18:59,2023-09-05 19:18:59,
4988,1,4988,2023-05-08 19:18:59,2023-10-10 19:18:59,2023-09-05 19:18:59,2023-09-05 19:18:59,
4989,1,4989,2022-11-17 19:18:59,2023-12-31 19:18:59,2023-09-05 19:18:59,2023-09-05 19:18:59,
4990,3,4990,2023-03-21 19:18:59,2024-03-16 19:18:59,2023-09-05 19:18:59,2023-09-05 19:18:59,
4991,3,4991,2023-01-18 19:18:59,2024-08-19 19:18:59,2023-09-05 19:18:59,2023-09-05 19:18:59,
4992,3,4992,2023-05-17 19:18:59,2024-08-11 19:18:59,2023-09-05 19:18:59,2023-09-05 19:18:59,
4993,3,4993,2023-04-23 19:18:59,2024-05-11 19:18:59,2023-09-05 19:18:59,2023-09-05 19:18:59,
4994,1,4994,2022-09-12 19:18:59,2024-05-19 19:18:59,2023-09-05 19:18:59,2023-09-05 19:18:59,
4995,3,4995,2023-08-24 19:18:59,2024-06-21 19:18:59,2023-09-05 19:18:59,2023-09-05 19:18:59,
4996,2,4996,2023-06-10 19:18:59,2023-11-06 19:18:59,2023-09-05 19:18:59,2023-09-05 19:18:59,
4997,2,4997,2023-04-08 19:18:59,2023-10-07 19:18:59,2023-09-05 19:18:59,2023-09-05 19:18:59,
4998,1,4998,2023-07-22 19:18:59,2024-09-03 19:18:59,2023-09-05 19:18:59,2023-09-05 19:18:59,
4999,3,4999,2022-10-04 19:18:59,2023-12-26 19:18:59,2023-09-05 19:18:59,2023-09-05 19:18:59,
5000,1,5000,2023-05-24 19:18:59,2024-06-17 19:18:59,2023-09-05 19:18:59,2023-09-05 19:18:59,
5001,3,5001,2023-05-20 19:18:59,2023-10-10 19:18:59,2023-09-05 19:18:59,2023-09-05 19:18:59,
5002,1,5002,2023-03-10 19:18:59,2023-12-20 19:18:59,2023-09-05 19:18:59,2023-09-05 19:18:59,
5003,1,5003,2023-01-29 19:18:59,2024-04-27 19:18:59,2023-09-05 19:18:59,2023-09-05 19:18:59,
5004,2,5004,2022-11-28 19:18:59,2024-08-15 19:18:59,2023-09-05 19:18:59,2023-09-05 19:18:59,
5005,1,5005,2023-04-13 19:18:59,2023-12-18 19:18:59,2023-09-05 19:18:59,2023-09-05 19:18:59,
5006,3,5006,2023-01-25 19:18:59,2023-12-23 19:18:59,2023-09-05 19:18:59,2023-09-05 19:18:59,
5007,1,5007,2023-05-07 19:18:59,2024-07-05 19:18:59,2023-09-05 19:18:59,2023-09-05 19:18:59,
5008,1,5008,2023-03-24 19:18:59,2024-04-14 19:18:59,2023-09-05 19:18:59,2023-09-05 19:18:59,
5009,1,5009,2022-10-14 19:18:59,2023-11-20 19:18:59,2023-09-05 19:18:59,2023-09-05 19:18:59,
5010,3,5010,2023-08-30 19:18:59,2024-05-07 19:18:59,2023-09-05 19:18:59,2023-09-05 19:18:59,
5011,3,5011,2023-04-24 19:18:59,2024-05-09 19:18:59,2023-09-05 19:18:59,2023-09-05 19:18:59,
5012,2,5012,2023-05-12 19:18:59,2023-11-25 19:18:59,2023-09-05 19:18:59,2023-09-05 19:18:59,
5013,1,5013,2022-10-26 19:18:59,2024-01-08 19:18:59,2023-09-05 19:18:59,2023-09-05 19:18:59,
5014,3,5014,2023-07-13 19:18:59,2024-01-04 19:18:59,2023-09-05 19:18:59,2023-09-05 19:18:59,
5015,3,5015,2023-06-10 19:18:59,2024-05-04 19:18:59,2023-09-05 19:18:59,2023-09-05 19:18:59,
5016,1,5016,2023-01-30 19:18:59,2024-05-06 19:18:59,2023-09-05 19:18:59,2023-09-05 19:18:59,
5017,3,5017,2023-06-08 19:18:59,2024-02-29 19:18:59,2023-09-05 19:18:59,2023-09-05 19:18:59,
5018,2,5018,2023-01-22 19:18:59,2024-01-28 19:18:59,2023-09-05 19:18:59,2023-09-05 19:18:59,
5019,1,5019,2023-01-06 19:18:59,2024-06-17 19:18:59,2023-09-05 19:18:59,2023-09-05 19:18:59,
5020,1,5020,2022-09-23 19:18:59,2024-04-25 19:18:59,2023-09-05 19:18:59,2023-09-05 19:18:59,
5021,2,5021,2023-02-02 19:18:59,2024-07-10 19:18:59,2023-09-05 19:18:59,2023-09-05 19:18:59,
5022,3,5022,2022-09-24 19:18:59,2024-01-26 19:18:59,2023-09-05 19:18:59,2023-09-05 19:18:59,
5023,2,5023,2022-10-26 19:18:59,2024-01-12 19:18:59,2023-09-05 19:18:59,2023-09-05 19:18:59,
5024,2,5024,2023-04-19 19:18:59,2023-11-06 19:18:59,2023-09-05 19:18:59,2023-09-05 19:18:59,
5025,1,5025,2022-09-15 19:18:59,2024-02-26 19:18:59,2023-09-05 19:18:59,2023-09-05 19:18:59,
5026,3,5026,2023-06-07 19:18:59,2024-06-11 19:18:59,2023-09-05 19:18:59,2023-09-05 19:18:59,
5027,1,5027,2023-08-17 19:18:59,2024-07-11 19:18:59,2023-09-05 19:18:59,2023-09-05 19:18:59,
5028,2,5028,2023-07-18 19:18:59,2024-08-18 19:18:59,2023-09-05 19:18:59,2023-09-05 19:18:59,
5029,3,5029,2022-12-01 19:18:59,2023-11-20 19:18:59,2023-09-05 19:18:59,2023-09-05 19:18:59,
5030,1,5030,2023-01-07 19:18:59,2024-04-05 19:18:59,2023-09-05 19:18:59,2023-09-05 19:18:59,
5031,2,5031,2023-05-13 19:18:59,2024-01-30 19:18:59,2023-09-05 19:18:59,2023-09-05 19:18:59,
5032,3,5032,2022-11-11 19:18:59,2024-02-21 19:18:59,2023-09-05 19:18:59,2023-09-05 19:18:59,
5033,2,5033,2022-12-10 19:18:59,2024-03-10 19:18:59,2023-09-05 19:18:59,2023-09-05 19:18:59,
5034,1,5034,2022-10-11 19:18:59,2024-06-12 19:18:59,2023-09-05 19:18:59,2023-09-05 19:18:59,
5035,2,5035,2022-11-07 19:18:59,2024-04-13 19:18:59,2023-09-05 19:18:59,2023-09-05 19:18:59,
5036,3,5036,2023-08-07 19:18:59,2024-05-05 19:18:59,2023-09-05 19:18:59,2023-09-05 19:18:59,
5037,1,5037,2023-06-28 19:18:59,2024-07-21 19:18:59,2023-09-05 19:18:59,2023-09-05 19:18:59,
5038,1,5038,2023-05-13 19:18:59,2024-07-24 19:18:59,2023-09-05 19:18:59,2023-09-05 19:18:59,
5039,1,5039,2023-06-26 19:18:59,2024-02-15 19:18:59,2023-09-05 19:18:59,2023-09-05 19:18:59,
5040,1,5040,2023-04-15 19:18:59,2024-08-19 19:18:59,2023-09-05 19:18:59,2023-09-05 19:18:59,
5041,3,5041,2023-05-10 19:18:59,2024-07-27 19:18:59,2023-09-05 19:18:59,2023-09-05 19:18:59,
5042,1,5042,2023-01-05 19:18:59,2024-02-17 19:18:59,2023-09-05 19:18:59,2023-09-05 19:18:59,
5043,3,5043,2022-10-13 19:18:59,2024-02-12 19:18:59,2023-09-05 19:18:59,2023-09-05 19:18:59,
5044,2,5044,2023-01-18 19:18:59,2024-06-14 19:18:59,2023-09-05 19:18:59,2023-09-05 19:18:59,
5045,2,5045,2022-11-11 19:18:59,2024-01-22 19:18:59,2023-09-05 19:18:59,2023-09-05 19:18:59,
5046,1,5046,2022-10-27 19:18:59,2024-01-27 19:18:59,2023-09-05 19:18:59,2023-09-05 19:18:59,
5047,2,5047,2022-10-15 19:18:59,2024-03-06 19:18:59,2023-09-05 19:18:59,2023-09-05 19:18:59,
5048,2,5048,2023-01-10 19:18:59,2024-05-14 19:18:59,2023-09-05 19:18:59,2023-09-05 19:18:59,
5049,1,5049,2023-01-28 19:18:59,2024-07-11 19:18:59,2023-09-05 19:18:59,2023-09-05 19:18:59,
5050,1,5050,2023-06-30 19:18:59,2024-02-10 19:18:59,2023-09-05 19:18:59,2023-09-05 19:18:59,
5051,3,5051,2023-03-16 19:18:59,2023-12-18 19:18:59,2023-09-05 19:18:59,2023-09-05 19:18:59,
5052,3,5052,2023-06-17 19:18:59,2024-08-31 19:18:59,2023-09-05 19:18:59,2023-09-05 19:18:59,
5053,3,5053,2022-10-25 19:18:59,2023-11-17 19:18:59,2023-09-05 19:18:59,2023-09-05 19:18:59,
5054,2,5054,2022-10-07 19:18:59,2024-07-08 19:18:59,2023-09-05 19:18:59,2023-09-05 19:18:59,
5055,2,5055,2022-10-15 19:18:59,2024-01-20 19:18:59,2023-09-05 19:18:59,2023-09-05 19:18:59,
5056,2,5056,2023-03-17 19:18:59,2024-07-12 19:18:59,2023-09-05 19:18:59,2023-09-05 19:18:59,
5057,3,5057,2022-11-27 19:18:59,2024-01-14 19:18:59,2023-09-05 19:18:59,2023-09-05 19:18:59,
5058,1,5058,2023-02-15 19:18:59,2024-07-09 19:18:59,2023-09-05 19:18:59,2023-09-05 19:18:59,
5059,1,5059,2023-06-15 19:18:59,2024-01-21 19:18:59,2023-09-05 19:18:59,2023-09-05 19:18:59,
5060,2,5060,2022-12-26 19:18:59,2024-07-27 19:18:59,2023-09-05 19:18:59,2023-09-05 19:18:59,
5061,2,5061,2022-12-05 19:18:59,2024-07-30 19:18:59,2023-09-05 19:18:59,2023-09-05 19:18:59,
5062,3,5062,2022-10-13 19:18:59,2023-12-03 19:18:59,2023-09-05 19:18:59,2023-09-05 19:18:59,
5063,1,5063,2023-06-21 19:18:59,2024-06-26 19:18:59,2023-09-05 19:18:59,2023-09-05 19:18:59,
5064,3,5064,2023-05-19 19:18:59,2024-03-15 19:18:59,2023-09-05 19:18:59,2023-09-05 19:18:59,
5065,3,5065,2023-08-28 19:18:59,2023-10-20 19:18:59,2023-09-05 19:18:59,2023-09-05 19:18:59,
5066,3,5066,2022-09-15 19:18:59,2024-08-21 19:18:59,2023-09-05 19:18:59,2023-09-05 19:18:59,
5067,1,5067,2023-08-24 19:18:59,2024-04-26 19:18:59,2023-09-05 19:18:59,2023-09-05 19:18:59,
5068,2,5068,2022-10-03 19:18:59,2024-06-21 19:18:59,2023-09-05 19:18:59,2023-09-05 19:18:59,
5069,1,5069,2023-01-21 19:18:59,2024-06-14 19:18:59,2023-09-05 19:18:59,2023-09-05 19:18:59,
5070,1,5070,2023-09-03 19:18:59,2024-06-28 19:18:59,2023-09-05 19:18:59,2023-09-05 19:18:59,
5071,1,5071,2023-08-02 19:18:59,2023-11-03 19:18:59,2023-09-05 19:18:59,2023-09-05 19:18:59,
5072,3,5072,2023-06-20 19:18:59,2024-03-01 19:18:59,2023-09-05 19:18:59,2023-09-05 19:18:59,
5073,1,5073,2023-07-23 19:18:59,2024-04-27 19:18:59,2023-09-05 19:18:59,2023-09-05 19:18:59,
5074,3,5074,2022-11-16 19:18:59,2023-11-17 19:18:59,2023-09-05 19:18:59,2023-09-05 19:18:59,
5075,3,5075,2023-04-23 19:18:59,2024-04-21 19:18:59,2023-09-05 19:18:59,2023-09-05 19:18:59,
5076,3,5076,2022-10-26 19:18:59,2024-05-03 19:18:59,2023-09-05 19:18:59,2023-09-05 19:18:59,
5077,2,5077,2022-11-11 19:18:59,2024-08-13 19:18:59,2023-09-05 19:18:59,2023-09-05 19:18:59,
5078,2,5078,2022-10-24 19:18:59,2023-10-08 19:18:59,2023-09-05 19:18:59,2023-09-05 19:18:59,
5079,3,5079,2023-06-16 19:18:59,2024-08-15 19:18:59,2023-09-05 19:18:59,2023-09-05 19:18:59,
5080,3,5080,2023-02-15 19:18:59,2024-09-01 19:18:59,2023-09-05 19:18:59,2023-09-05 19:18:59,
5081,2,5081,2023-01-24 19:18:59,2024-03-29 19:18:59,2023-09-05 19:18:59,2023-09-05 19:18:59,
5082,1,5082,2022-09-15 19:18:59,2023-11-16 19:18:59,2023-09-05 19:18:59,2023-09-05 19:18:59,
5083,1,5083,2023-01-05 19:18:59,2024-07-23 19:18:59,2023-09-05 19:18:59,2023-09-05 19:18:59,
5084,2,5084,2022-10-28 19:18:59,2024-07-01 19:18:59,2023-09-05 19:18:59,2023-09-05 19:18:59,
5085,2,5085,2022-09-19 19:18:59,2024-03-14 19:18:59,2023-09-05 19:18:59,2023-09-05 19:18:59,
5086,1,5086,2023-03-24 19:18:59,2024-05-05 19:18:59,2023-09-05 19:18:59,2023-09-05 19:18:59,
5087,1,5087,2022-10-31 19:18:59,2024-03-01 19:18:59,2023-09-05 19:18:59,2023-09-05 19:18:59,
5088,3,5088,2023-08-15 19:18:59,2023-11-23 19:18:59,2023-09-05 19:18:59,2023-09-05 19:18:59,
5089,3,5089,2023-09-02 19:18:59,2024-03-05 19:18:59,2023-09-05 19:18:59,2023-09-05 19:18:59,
5090,3,5090,2023-01-13 19:18:59,2024-02-11 19:18:59,2023-09-05 19:18:59,2023-09-05 19:18:59,
5091,1,5091,2023-05-31 19:18:59,2024-04-28 19:18:59,2023-09-05 19:18:59,2023-09-05 19:18:59,
5092,2,5092,2023-06-16 19:18:59,2024-02-03 19:18:59,2023-09-05 19:18:59,2023-09-05 19:18:59,
5093,2,5093,2023-01-27 19:18:59,2023-10-24 19:18:59,2023-09-05 19:18:59,2023-09-05 19:18:59,
5094,3,5094,2023-06-06 19:18:59,2024-03-12 19:18:59,2023-09-05 19:18:59,2023-09-05 19:18:59,
5095,3,5095,2023-06-09 19:18:59,2024-07-31 19:18:59,2023-09-05 19:18:59,2023-09-05 19:18:59,
5096,2,5096,2023-01-13 19:18:59,2024-04-30 19:18:59,2023-09-05 19:18:59,2023-09-05 19:18:59,
5097,1,5097,2023-01-05 19:18:59,2024-04-17 19:18:59,2023-09-05 19:18:59,2023-09-05 19:18:59,
5098,2,5098,2023-05-16 19:18:59,2024-02-14 19:18:59,2023-09-05 19:18:59,2023-09-05 19:18:59,
5099,3,5099,2023-08-26 19:18:59,2023-10-14 19:18:59,2023-09-05 19:18:59,2023-09-05 19:18:59,
5100,2,5100,2023-06-21 19:18:59,2024-05-05 19:18:59,2023-09-05 19:18:59,2023-09-05 19:18:59,
5101,1,5101,2022-09-13 19:18:59,2024-05-27 19:18:59,2023-09-05 19:18:59,2023-09-05 19:18:59,
5102,3,5102,2023-03-13 19:18:59,2023-11-27 19:18:59,2023-09-05 19:18:59,2023-09-05 19:18:59,
5103,3,5103,2022-09-20 19:18:59,2024-04-11 19:18:59,2023-09-05 19:18:59,2023-09-05 19:18:59,
5104,1,5104,2022-10-13 19:18:59,2023-10-21 19:18:59,2023-09-05 19:18:59,2023-09-05 19:18:59,
5105,3,5105,2023-09-05 19:18:59,2024-04-27 19:18:59,2023-09-05 19:18:59,2023-09-05 19:18:59,
5106,1,5106,2023-03-24 19:18:59,2024-06-22 19:18:59,2023-09-05 19:18:59,2023-09-05 19:18:59,
5107,3,5107,2023-08-09 19:18:59,2024-03-14 19:18:59,2023-09-05 19:18:59,2023-09-05 19:18:59,
5108,2,5108,2022-12-22 19:18:59,2024-08-12 19:18:59,2023-09-05 19:18:59,2023-09-05 19:18:59,
5109,2,5109,2023-03-20 19:18:59,2024-05-26 19:18:59,2023-09-05 19:18:59,2023-09-05 19:18:59,
5110,3,5110,2023-04-04 19:18:59,2023-12-06 19:18:59,2023-09-05 19:18:59,2023-09-05 19:18:59,
5111,1,5111,2023-08-01 19:18:59,2024-03-19 19:18:59,2023-09-05 19:18:59,2023-09-05 19:18:59,
5112,2,5112,2023-03-12 19:18:59,2024-05-23 19:18:59,2023-09-05 19:18:59,2023-09-05 19:18:59,
5113,1,5113,2023-08-22 19:18:59,2023-11-18 19:18:59,2023-09-05 19:18:59,2023-09-05 19:18:59,
5114,1,5114,2023-07-16 19:18:59,2024-03-13 19:18:59,2023-09-05 19:18:59,2023-09-05 19:18:59,
5115,2,5115,2023-09-05 19:18:59,2023-12-03 19:18:59,2023-09-05 19:18:59,2023-09-05 19:18:59,
5116,1,5116,2023-03-21 19:18:59,2024-07-18 19:18:59,2023-09-05 19:18:59,2023-09-05 19:18:59,
5117,2,5117,2023-07-19 19:18:59,2024-01-01 19:18:59,2023-09-05 19:18:59,2023-09-05 19:18:59,
5118,1,5118,2022-12-19 19:18:59,2024-09-01 19:18:59,2023-09-05 19:18:59,2023-09-05 19:18:59,
5119,3,5119,2023-03-27 19:18:59,2024-04-19 19:18:59,2023-09-05 19:18:59,2023-09-05 19:18:59,
5120,1,5120,2023-07-06 19:18:59,2024-08-23 19:18:59,2023-09-05 19:18:59,2023-09-05 19:18:59,
5121,1,5121,2023-07-02 19:18:59,2024-05-12 19:18:59,2023-09-05 19:18:59,2023-09-05 19:18:59,
5122,1,5122,2022-11-17 19:18:59,2024-06-23 19:18:59,2023-09-05 19:18:59,2023-09-05 19:18:59,
5123,2,5123,2023-03-04 19:18:59,2024-06-14 19:18:59,2023-09-05 19:18:59,2023-09-05 19:18:59,
5124,3,5124,2023-03-20 19:18:59,2023-10-19 19:18:59,2023-09-05 19:18:59,2023-09-05 19:18:59,
5125,3,5125,2023-05-20 19:18:59,2023-10-21 19:18:59,2023-09-05 19:18:59,2023-09-05 19:18:59,
5126,3,5126,2023-07-11 19:18:59,2024-08-18 19:18:59,2023-09-05 19:18:59,2023-09-05 19:18:59,
5127,1,5127,2022-09-11 19:18:59,2024-02-12 19:18:59,2023-09-05 19:18:59,2023-09-05 19:18:59,
5128,3,5128,2022-10-31 19:18:59,2024-08-04 19:18:59,2023-09-05 19:18:59,2023-09-05 19:18:59,
5129,1,5129,2023-08-10 19:18:59,2024-03-03 19:18:59,2023-09-05 19:18:59,2023-09-05 19:18:59,
5130,3,5130,2023-05-24 19:18:59,2024-04-13 19:18:59,2023-09-05 19:18:59,2023-09-05 19:18:59,
5131,1,5131,2022-11-06 19:18:59,2023-11-08 19:18:59,2023-09-05 19:18:59,2023-09-05 19:18:59,
5132,2,5132,2022-09-13 19:18:59,2024-05-19 19:18:59,2023-09-05 19:18:59,2023-09-05 19:18:59,
5133,2,5133,2022-10-31 19:18:59,2023-10-25 19:18:59,2023-09-05 19:18:59,2023-09-05 19:18:59,
5134,3,5134,2023-03-16 19:18:59,2023-11-06 19:18:59,2023-09-05 19:18:59,2023-09-05 19:18:59,
5135,2,5135,2023-01-01 19:18:59,2024-06-24 19:18:59,2023-09-05 19:18:59,2023-09-05 19:18:59,
5136,3,5136,2022-09-05 19:18:59,2023-10-24 19:18:59,2023-09-05 19:18:59,2023-09-05 19:18:59,
5137,3,5137,2023-05-28 19:18:59,2024-06-29 19:18:59,2023-09-05 19:18:59,2023-09-05 19:18:59,
5138,2,5138,2023-03-30 19:18:59,2024-03-24 19:18:59,2023-09-05 19:18:59,2023-09-05 19:18:59,
5139,3,5139,2023-09-04 19:18:59,2024-01-09 19:18:59,2023-09-05 19:18:59,2023-09-05 19:18:59,
5140,3,5140,2022-11-04 19:18:59,2024-02-04 19:18:59,2023-09-05 19:18:59,2023-09-05 19:18:59,
5141,2,5141,2023-05-16 19:18:59,2024-02-19 19:18:59,2023-09-05 19:18:59,2023-09-05 19:18:59,
5142,3,5142,2022-09-15 19:18:59,2024-07-20 19:18:59,2023-09-05 19:18:59,2023-09-05 19:18:59,
5143,2,5143,2023-04-12 19:18:59,2023-11-09 19:18:59,2023-09-05 19:18:59,2023-09-05 19:18:59,
5144,2,5144,2023-06-11 19:18:59,2023-12-15 19:18:59,2023-09-05 19:18:59,2023-09-05 19:18:59,
5145,3,5145,2022-10-30 19:18:59,2023-12-23 19:18:59,2023-09-05 19:18:59,2023-09-05 19:18:59,
5146,1,5146,2022-10-13 19:18:59,2024-02-24 19:18:59,2023-09-05 19:18:59,2023-09-05 19:18:59,
5147,3,5147,2023-02-23 19:18:59,2024-01-30 19:18:59,2023-09-05 19:18:59,2023-09-05 19:18:59,
5148,3,5148,2023-06-16 19:18:59,2024-07-06 19:18:59,2023-09-05 19:18:59,2023-09-05 19:18:59,
5149,2,5149,2023-06-22 19:18:59,2024-04-14 19:18:59,2023-09-05 19:18:59,2023-09-05 19:18:59,
5150,1,5150,2023-04-28 19:18:59,2024-06-26 19:18:59,2023-09-05 19:18:59,2023-09-05 19:18:59,
5151,3,5151,2022-12-09 19:18:59,2024-08-02 19:18:59,2023-09-05 19:18:59,2023-09-05 19:18:59,
5152,1,5152,2023-06-30 19:18:59,2023-10-08 19:18:59,2023-09-05 19:18:59,2023-09-05 19:18:59,
5153,3,5153,2022-09-19 19:18:59,2024-06-04 19:18:59,2023-09-05 19:18:59,2023-09-05 19:18:59,
5154,2,5154,2023-07-09 19:18:59,2024-04-22 19:18:59,2023-09-05 19:18:59,2023-09-05 19:18:59,
5155,3,5155,2023-03-26 19:18:59,2023-10-18 19:18:59,2023-09-05 19:18:59,2023-09-05 19:18:59,
5156,1,5156,2023-01-04 19:18:59,2024-06-28 19:18:59,2023-09-05 19:18:59,2023-09-05 19:18:59,
5157,2,5157,2023-03-02 19:18:59,2024-04-09 19:18:59,2023-09-05 19:18:59,2023-09-05 19:18:59,
5158,2,5158,2022-12-10 19:18:59,2024-06-22 19:18:59,2023-09-05 19:18:59,2023-09-05 19:18:59,
5159,1,5159,2023-04-24 19:18:59,2023-12-21 19:18:59,2023-09-05 19:18:59,2023-09-05 19:18:59,
5160,3,5160,2023-02-02 19:18:59,2024-03-20 19:18:59,2023-09-05 19:18:59,2023-09-05 19:18:59,
5161,1,5161,2023-04-30 19:18:59,2023-10-21 19:18:59,2023-09-05 19:18:59,2023-09-05 19:18:59,
5162,3,5162,2022-09-16 19:18:59,2024-07-03 19:18:59,2023-09-05 19:18:59,2023-09-05 19:18:59,
5163,3,5163,2023-06-04 19:18:59,2024-07-21 19:18:59,2023-09-05 19:18:59,2023-09-05 19:18:59,
5164,3,5164,2023-05-11 19:18:59,2024-01-22 19:18:59,2023-09-05 19:18:59,2023-09-05 19:18:59,
5165,1,5165,2022-12-16 19:18:59,2024-06-28 19:18:59,2023-09-05 19:18:59,2023-09-05 19:18:59,
5166,1,5166,2022-11-04 19:18:59,2023-10-29 19:18:59,2023-09-05 19:18:59,2023-09-05 19:18:59,
5167,2,5167,2022-11-06 19:18:59,2024-07-26 19:18:59,2023-09-05 19:18:59,2023-09-05 19:18:59,
5168,3,5168,2022-09-15 19:18:59,2023-11-01 19:18:59,2023-09-05 19:18:59,2023-09-05 19:18:59,
5169,3,5169,2023-07-07 19:18:59,2024-07-26 19:18:59,2023-09-05 19:18:59,2023-09-05 19:18:59,
5170,3,5170,2023-03-09 19:18:59,2024-06-13 19:18:59,2023-09-05 19:18:59,2023-09-05 19:18:59,
5171,2,5171,2023-05-19 19:18:59,2023-10-29 19:18:59,2023-09-05 19:18:59,2023-09-05 19:18:59,
5172,1,5172,2023-03-20 19:18:59,2024-08-19 19:18:59,2023-09-05 19:18:59,2023-09-05 19:18:59,
5173,2,5173,2023-03-21 19:18:59,2024-02-19 19:18:59,2023-09-05 19:18:59,2023-09-05 19:18:59,
5174,3,5174,2023-06-18 19:18:59,2023-10-23 19:18:59,2023-09-05 19:18:59,2023-09-05 19:18:59,
5175,2,5175,2023-02-07 19:18:59,2024-01-29 19:18:59,2023-09-05 19:18:59,2023-09-05 19:18:59,
5176,1,5176,2023-04-09 19:18:59,2023-10-10 19:18:59,2023-09-05 19:18:59,2023-09-05 19:18:59,
5177,3,5177,2023-04-16 19:18:59,2024-07-16 19:18:59,2023-09-05 19:18:59,2023-09-05 19:18:59,
5178,2,5178,2023-07-19 19:18:59,2024-01-08 19:18:59,2023-09-05 19:18:59,2023-09-05 19:18:59,
5179,3,5179,2023-08-24 19:18:59,2024-02-17 19:18:59,2023-09-05 19:18:59,2023-09-05 19:18:59,
5180,1,5180,2023-05-02 19:18:59,2023-11-16 19:18:59,2023-09-05 19:18:59,2023-09-05 19:18:59,
5181,3,5181,2023-02-28 19:18:59,2024-02-09 19:18:59,2023-09-05 19:18:59,2023-09-05 19:18:59,
5182,3,5182,2022-11-23 19:18:59,2023-10-13 19:18:59,2023-09-05 19:18:59,2023-09-05 19:18:59,
5183,1,5183,2023-08-20 19:18:59,2024-08-12 19:18:59,2023-09-05 19:18:59,2023-09-05 19:18:59,
5184,2,5184,2022-09-07 19:18:59,2024-02-15 19:18:59,2023-09-05 19:18:59,2023-09-05 19:18:59,
5185,1,5185,2022-12-05 19:18:59,2024-01-10 19:18:59,2023-09-05 19:18:59,2023-09-05 19:18:59,
5186,1,5186,2023-01-21 19:18:59,2023-12-20 19:18:59,2023-09-05 19:18:59,2023-09-05 19:18:59,
5187,1,5187,2022-10-15 19:18:59,2024-06-10 19:18:59,2023-09-05 19:18:59,2023-09-05 19:18:59,
5188,3,5188,2023-07-13 19:18:59,2024-02-23 19:18:59,2023-09-05 19:18:59,2023-09-05 19:18:59,
5189,3,5189,2023-03-14 19:18:59,2024-08-02 19:18:59,2023-09-05 19:18:59,2023-09-05 19:18:59,
5190,2,5190,2023-08-05 19:18:59,2024-02-22 19:18:59,2023-09-05 19:18:59,2023-09-05 19:18:59,
5191,3,5191,2023-03-22 19:18:59,2024-08-03 19:18:59,2023-09-05 19:18:59,2023-09-05 19:18:59,
5192,3,5192,2023-02-22 19:18:59,2024-03-25 19:18:59,2023-09-05 19:18:59,2023-09-05 19:18:59,
5193,2,5193,2023-02-04 19:18:59,2023-12-05 19:18:59,2023-09-05 19:18:59,2023-09-05 19:18:59,
5194,1,5194,2022-09-22 19:18:59,2024-05-05 19:18:59,2023-09-05 19:18:59,2023-09-05 19:18:59,
5195,1,5195,2023-07-01 19:18:59,2024-06-19 19:18:59,2023-09-05 19:18:59,2023-09-05 19:18:59,
5196,3,5196,2023-02-16 19:18:59,2023-11-08 19:18:59,2023-09-05 19:18:59,2023-09-05 19:18:59,
5197,3,5197,2023-01-17 19:18:59,2024-05-16 19:18:59,2023-09-05 19:18:59,2023-09-05 19:18:59,
5198,1,5198,2022-12-11 19:18:59,2024-03-08 19:18:59,2023-09-05 19:18:59,2023-09-05 19:18:59,
5199,2,5199,2023-03-05 19:18:59,2024-01-12 19:18:59,2023-09-05 19:18:59,2023-09-05 19:18:59,
5200,3,5200,2022-10-11 19:18:59,2024-05-12 19:18:59,2023-09-05 19:18:59,2023-09-05 19:18:59,
5201,1,5201,2022-09-21 19:18:59,2024-04-01 19:18:59,2023-09-05 19:18:59,2023-09-05 19:18:59,
5202,1,5202,2023-06-09 19:18:59,2024-04-20 19:18:59,2023-09-05 19:18:59,2023-09-05 19:18:59,
5203,2,5203,2023-08-07 19:18:59,2023-11-29 19:18:59,2023-09-05 19:18:59,2023-09-05 19:18:59,
5204,3,5204,2023-02-01 19:18:59,2024-07-17 19:18:59,2023-09-05 19:18:59,2023-09-05 19:18:59,
5205,1,5205,2023-05-26 19:18:59,2024-04-21 19:18:59,2023-09-05 19:18:59,2023-09-05 19:18:59,
5206,1,5206,2022-11-04 19:18:59,2023-11-12 19:18:59,2023-09-05 19:18:59,2023-09-05 19:18:59,
5207,1,5207,2022-09-11 19:18:59,2024-06-22 19:18:59,2023-09-05 19:18:59,2023-09-05 19:18:59,
5208,3,5208,2022-09-19 19:18:59,2023-12-13 19:18:59,2023-09-05 19:18:59,2023-09-05 19:18:59,
5209,3,5209,2022-11-02 19:18:59,2023-11-06 19:18:59,2023-09-05 19:18:59,2023-09-05 19:18:59,
5210,3,5210,2023-05-13 19:18:59,2024-04-18 19:18:59,2023-09-05 19:18:59,2023-09-05 19:18:59,
5211,2,5211,2023-03-15 19:18:59,2023-11-08 19:18:59,2023-09-05 19:18:59,2023-09-05 19:18:59,
5212,1,5212,2023-01-22 19:18:59,2024-04-03 19:18:59,2023-09-05 19:18:59,2023-09-05 19:18:59,
5213,1,5213,2022-12-10 19:18:59,2024-04-24 19:18:59,2023-09-05 19:18:59,2023-09-05 19:18:59,
5214,2,5214,2022-11-11 19:18:59,2024-03-27 19:18:59,2023-09-05 19:18:59,2023-09-05 19:18:59,
5215,2,5215,2023-08-10 19:18:59,2024-01-21 19:18:59,2023-09-05 19:18:59,2023-09-05 19:18:59,
5216,1,5216,2022-10-28 19:18:59,2024-02-13 19:18:59,2023-09-05 19:18:59,2023-09-05 19:18:59,
5217,2,5217,2023-01-16 19:18:59,2023-11-12 19:18:59,2023-09-05 19:18:59,2023-09-05 19:18:59,
5218,2,5218,2023-03-04 19:18:59,2024-08-10 19:18:59,2023-09-05 19:18:59,2023-09-05 19:18:59,
5219,3,5219,2022-11-08 19:18:59,2024-01-01 19:18:59,2023-09-05 19:18:59,2023-09-05 19:18:59,
5220,1,5220,2023-01-25 19:18:59,2023-11-15 19:18:59,2023-09-05 19:18:59,2023-09-05 19:18:59,
5221,1,5221,2023-03-26 19:18:59,2024-01-07 19:18:59,2023-09-05 19:18:59,2023-09-05 19:18:59,
5222,2,5222,2022-12-25 19:18:59,2024-04-02 19:18:59,2023-09-05 19:18:59,2023-09-05 19:18:59,
5223,3,5223,2022-09-06 19:18:59,2023-12-17 19:18:59,2023-09-05 19:18:59,2023-09-05 19:18:59,
5224,2,5224,2023-01-15 19:18:59,2023-10-21 19:18:59,2023-09-05 19:18:59,2023-09-05 19:18:59,
5225,2,5225,2023-08-11 19:18:59,2024-06-29 19:18:59,2023-09-05 19:18:59,2023-09-05 19:18:59,
5226,1,5226,2022-09-08 19:18:59,2024-03-14 19:18:59,2023-09-05 19:18:59,2023-09-05 19:18:59,
5227,1,5227,2023-04-10 19:18:59,2024-07-18 19:18:59,2023-09-05 19:18:59,2023-09-05 19:18:59,
5228,2,5228,2023-04-18 19:18:59,2024-05-04 19:18:59,2023-09-05 19:18:59,2023-09-05 19:18:59,
5229,3,5229,2023-08-15 19:18:59,2024-05-25 19:18:59,2023-09-05 19:18:59,2023-09-05 19:18:59,
5230,3,5230,2023-01-31 19:18:59,2024-07-08 19:18:59,2023-09-05 19:18:59,2023-09-05 19:18:59,
5231,3,5231,2022-10-19 19:18:59,2024-06-07 19:18:59,2023-09-05 19:18:59,2023-09-05 19:18:59,
5232,1,5232,2023-01-07 19:18:59,2024-05-05 19:18:59,2023-09-05 19:18:59,2023-09-05 19:18:59,
5233,2,5233,2023-07-30 19:18:59,2023-12-21 19:18:59,2023-09-05 19:18:59,2023-09-05 19:18:59,
5234,1,5234,2023-02-07 19:18:59,2024-03-01 19:18:59,2023-09-05 19:18:59,2023-09-05 19:18:59,
5235,1,5235,2022-12-21 19:18:59,2024-01-06 19:18:59,2023-09-05 19:18:59,2023-09-05 19:18:59,
5236,1,5236,2023-05-09 19:18:59,2023-12-21 19:18:59,2023-09-05 19:18:59,2023-09-05 19:18:59,
5237,2,5237,2022-10-08 19:18:59,2024-05-15 19:18:59,2023-09-05 19:18:59,2023-09-05 19:18:59,
5238,2,5238,2023-04-24 19:18:59,2024-05-25 19:18:59,2023-09-05 19:18:59,2023-09-05 19:18:59,
5239,1,5239,2023-04-04 19:18:59,2024-01-16 19:18:59,2023-09-05 19:18:59,2023-09-05 19:18:59,
5240,3,5240,2022-10-01 19:18:59,2024-07-26 19:18:59,2023-09-05 19:18:59,2023-09-05 19:18:59,
5241,2,5241,2023-03-13 19:18:59,2023-11-15 19:18:59,2023-09-05 19:18:59,2023-09-05 19:18:59,
5242,1,5242,2023-05-27 19:18:59,2024-02-18 19:18:59,2023-09-05 19:18:59,2023-09-05 19:18:59,
5243,1,5243,2023-04-20 19:18:59,2024-06-21 19:18:59,2023-09-05 19:18:59,2023-09-05 19:18:59,
5244,3,5244,2022-09-09 19:18:59,2024-01-16 19:18:59,2023-09-05 19:18:59,2023-09-05 19:18:59,
5245,3,5245,2023-03-09 19:18:59,2024-02-09 19:18:59,2023-09-05 19:18:59,2023-09-05 19:18:59,
5246,1,5246,2023-06-21 19:18:59,2024-07-10 19:18:59,2023-09-05 19:18:59,2023-09-05 19:18:59,
5247,3,5247,2023-06-09 19:18:59,2024-08-12 19:18:59,2023-09-05 19:18:59,2023-09-05 19:18:59,
5248,2,5248,2022-09-09 19:18:59,2023-11-16 19:18:59,2023-09-05 19:18:59,2023-09-05 19:18:59,
5249,2,5249,2023-04-30 19:18:59,2024-06-15 19:18:59,2023-09-05 19:18:59,2023-09-05 19:18:59,
5250,2,5250,2023-04-09 19:18:59,2023-11-21 19:18:59,2023-09-05 19:18:59,2023-09-05 19:18:59,
5251,1,5251,2022-10-08 19:18:59,2024-05-09 19:18:59,2023-09-05 19:18:59,2023-09-05 19:18:59,
5252,3,5252,2022-10-07 19:18:59,2024-08-03 19:18:59,2023-09-05 19:18:59,2023-09-05 19:18:59,
5253,2,5253,2023-03-02 19:18:59,2024-08-04 19:18:59,2023-09-05 19:18:59,2023-09-05 19:18:59,
5254,1,5254,2022-12-08 19:18:59,2024-02-15 19:18:59,2023-09-05 19:18:59,2023-09-05 19:18:59,
5255,3,5255,2022-10-07 19:18:59,2024-02-15 19:18:59,2023-09-05 19:18:59,2023-09-05 19:18:59,
5256,1,5256,2023-08-14 19:18:59,2023-10-10 19:18:59,2023-09-05 19:18:59,2023-09-05 19:18:59,
5257,1,5257,2023-05-01 19:18:59,2023-11-14 19:18:59,2023-09-05 19:18:59,2023-09-05 19:18:59,
5258,3,5258,2023-01-02 19:18:59,2024-07-11 19:18:59,2023-09-05 19:18:59,2023-09-05 19:18:59,
5259,3,5259,2022-12-11 19:18:59,2024-08-09 19:18:59,2023-09-05 19:18:59,2023-09-05 19:18:59,
5260,2,5260,2023-08-06 19:18:59,2024-08-17 19:18:59,2023-09-05 19:18:59,2023-09-05 19:18:59,
5261,3,5261,2023-04-02 19:18:59,2024-09-04 19:18:59,2023-09-05 19:18:59,2023-09-05 19:18:59,
5262,3,5262,2022-12-29 19:18:59,2024-08-23 19:18:59,2023-09-05 19:18:59,2023-09-05 19:18:59,
5263,2,5263,2023-04-02 19:18:59,2024-03-14 19:18:59,2023-09-05 19:18:59,2023-09-05 19:18:59,
5264,3,5264,2022-11-26 19:18:59,2024-03-03 19:18:59,2023-09-05 19:18:59,2023-09-05 19:18:59,
5265,3,5265,2022-09-28 19:18:59,2024-02-24 19:18:59,2023-09-05 19:18:59,2023-09-05 19:18:59,
5266,1,5266,2022-09-07 19:18:59,2023-10-06 19:18:59,2023-09-05 19:18:59,2023-09-05 19:18:59,
5267,3,5267,2023-04-04 19:18:59,2024-05-22 19:18:59,2023-09-05 19:18:59,2023-09-05 19:18:59,
5268,1,5268,2022-10-07 19:18:59,2024-05-12 19:18:59,2023-09-05 19:18:59,2023-09-05 19:18:59,
5269,2,5269,2023-03-28 19:18:59,2023-10-16 19:18:59,2023-09-05 19:18:59,2023-09-05 19:18:59,
5270,1,5270,2022-12-05 19:18:59,2024-05-21 19:18:59,2023-09-05 19:18:59,2023-09-05 19:18:59,
5271,1,5271,2022-10-25 19:18:59,2024-03-23 19:18:59,2023-09-05 19:18:59,2023-09-05 19:18:59,
5272,3,5272,2022-12-17 19:18:59,2023-11-15 19:18:59,2023-09-05 19:18:59,2023-09-05 19:18:59,
5273,3,5273,2023-01-30 19:18:59,2024-05-29 19:18:59,2023-09-05 19:18:59,2023-09-05 19:18:59,
5274,2,5274,2022-10-19 19:18:59,2023-12-11 19:18:59,2023-09-05 19:18:59,2023-09-05 19:18:59,
5275,1,5275,2022-11-28 19:18:59,2024-02-05 19:18:59,2023-09-05 19:18:59,2023-09-05 19:18:59,
5276,3,5276,2023-07-22 19:18:59,2024-04-15 19:18:59,2023-09-05 19:18:59,2023-09-05 19:18:59,
5277,2,5277,2023-08-15 19:18:59,2024-08-01 19:18:59,2023-09-05 19:18:59,2023-09-05 19:18:59,
5278,2,5278,2023-01-13 19:18:59,2024-04-03 19:18:59,2023-09-05 19:18:59,2023-09-05 19:18:59,
5279,3,5279,2023-06-21 19:18:59,2024-06-06 19:18:59,2023-09-05 19:18:59,2023-09-05 19:18:59,
5280,1,5280,2023-05-09 19:18:59,2024-05-19 19:18:59,2023-09-05 19:18:59,2023-09-05 19:18:59,
5281,1,5281,2023-06-21 19:18:59,2024-02-14 19:18:59,2023-09-05 19:18:59,2023-09-05 19:18:59,
5282,2,5282,2023-01-01 19:18:59,2024-06-02 19:18:59,2023-09-05 19:18:59,2023-09-05 19:18:59,
5283,3,5283,2022-11-18 19:18:59,2024-08-22 19:18:59,2023-09-05 19:18:59,2023-09-05 19:18:59,
5284,1,5284,2023-08-29 19:18:59,2024-01-04 19:18:59,2023-09-05 19:18:59,2023-09-05 19:18:59,
5285,1,5285,2023-08-11 19:18:59,2024-04-03 19:18:59,2023-09-05 19:18:59,2023-09-05 19:18:59,
5286,2,5286,2023-01-24 19:18:59,2024-08-19 19:18:59,2023-09-05 19:18:59,2023-09-05 19:18:59,
5287,1,5287,2022-12-04 19:18:59,2024-03-07 19:18:59,2023-09-05 19:18:59,2023-09-05 19:18:59,
5288,1,5288,2022-11-02 19:18:59,2023-11-28 19:18:59,2023-09-05 19:18:59,2023-09-05 19:18:59,
5289,1,5289,2023-08-23 19:18:59,2023-10-05 19:18:59,2023-09-05 19:18:59,2023-09-05 19:18:59,
5290,2,5290,2022-09-22 19:18:59,2024-03-18 19:18:59,2023-09-05 19:18:59,2023-09-05 19:18:59,
5291,3,5291,2023-04-22 19:18:59,2024-06-05 19:18:59,2023-09-05 19:18:59,2023-09-05 19:18:59,
5292,3,5292,2023-01-20 19:18:59,2024-07-13 19:18:59,2023-09-05 19:18:59,2023-09-05 19:18:59,
5293,3,5293,2022-09-10 19:18:59,2024-01-16 19:18:59,2023-09-05 19:18:59,2023-09-05 19:18:59,
5294,1,5294,2023-08-09 19:18:59,2024-06-15 19:18:59,2023-09-05 19:18:59,2023-09-05 19:18:59,
5295,1,5295,2023-03-18 19:18:59,2024-07-25 19:18:59,2023-09-05 19:18:59,2023-09-05 19:18:59,
5296,3,5296,2023-04-22 19:18:59,2024-08-17 19:18:59,2023-09-05 19:18:59,2023-09-05 19:18:59,
5297,2,5297,2023-02-25 19:18:59,2023-11-12 19:18:59,2023-09-05 19:18:59,2023-09-05 19:18:59,
5298,1,5298,2023-03-04 19:18:59,2023-10-19 19:18:59,2023-09-05 19:18:59,2023-09-05 19:18:59,
5299,2,5299,2022-12-22 19:18:59,2023-10-18 19:18:59,2023-09-05 19:18:59,2023-09-05 19:18:59,
5300,1,5300,2022-11-03 19:18:59,2023-12-13 19:18:59,2023-09-05 19:18:59,2023-09-05 19:18:59,
5301,2,5301,2023-01-25 19:18:59,2023-12-23 19:18:59,2023-09-05 19:18:59,2023-09-05 19:18:59,
5302,3,5302,2023-05-07 19:18:59,2024-08-20 19:18:59,2023-09-05 19:18:59,2023-09-05 19:18:59,
5303,3,5303,2023-08-18 19:18:59,2024-03-30 19:18:59,2023-09-05 19:18:59,2023-09-05 19:18:59,
5304,3,5304,2023-02-23 19:18:59,2024-08-07 19:18:59,2023-09-05 19:18:59,2023-09-05 19:18:59,
5305,3,5305,2023-01-19 19:18:59,2024-06-07 19:18:59,2023-09-05 19:18:59,2023-09-05 19:18:59,
5306,1,5306,2023-07-06 19:18:59,2024-07-20 19:18:59,2023-09-05 19:18:59,2023-09-05 19:18:59,
5307,1,5307,2023-06-10 19:18:59,2024-05-01 19:18:59,2023-09-05 19:18:59,2023-09-05 19:18:59,
5308,1,5308,2022-10-06 19:18:59,2023-10-28 19:18:59,2023-09-05 19:18:59,2023-09-05 19:18:59,
5309,2,5309,2023-05-07 19:18:59,2024-04-25 19:18:59,2023-09-05 19:18:59,2023-09-05 19:18:59,
5310,3,5310,2023-08-05 19:18:59,2024-03-22 19:18:59,2023-09-05 19:18:59,2023-09-05 19:18:59,
5311,2,5311,2023-08-03 19:18:59,2024-06-05 19:18:59,2023-09-05 19:18:59,2023-09-05 19:18:59,
5312,2,5312,2022-11-03 19:18:59,2024-08-14 19:18:59,2023-09-05 19:18:59,2023-09-05 19:18:59,
5313,2,5313,2023-04-07 19:18:59,2024-02-23 19:18:59,2023-09-05 19:18:59,2023-09-05 19:18:59,
5314,3,5314,2022-10-06 19:18:59,2024-04-04 19:18:59,2023-09-05 19:18:59,2023-09-05 19:18:59,
5315,1,5315,2023-05-03 19:18:59,2024-03-24 19:18:59,2023-09-05 19:18:59,2023-09-05 19:18:59,
5316,1,5316,2023-04-05 19:18:59,2024-06-02 19:18:59,2023-09-05 19:18:59,2023-09-05 19:18:59,
5317,1,5317,2023-08-16 19:18:59,2024-02-11 19:18:59,2023-09-05 19:18:59,2023-09-05 19:18:59,
5318,2,5318,2023-02-06 19:18:59,2023-12-01 19:18:59,2023-09-05 19:18:59,2023-09-05 19:18:59,
5319,1,5319,2023-05-04 19:18:59,2024-03-02 19:18:59,2023-09-05 19:18:59,2023-09-05 19:18:59,
5320,2,5320,2023-06-18 19:18:59,2024-03-26 19:18:59,2023-09-05 19:18:59,2023-09-05 19:18:59,
5321,2,5321,2023-02-15 19:18:59,2024-08-25 19:18:59,2023-09-05 19:18:59,2023-09-05 19:18:59,
5322,3,5322,2023-06-26 19:18:59,2024-03-01 19:18:59,2023-09-05 19:18:59,2023-09-05 19:18:59,
5323,3,5323,2022-09-21 19:18:59,2024-03-27 19:18:59,2023-09-05 19:18:59,2023-09-05 19:18:59,
5324,2,5324,2023-03-28 19:18:59,2024-03-17 19:18:59,2023-09-05 19:18:59,2023-09-05 19:18:59,
5325,3,5325,2022-12-16 19:18:59,2024-04-19 19:18:59,2023-09-05 19:18:59,2023-09-05 19:18:59,
5326,1,5326,2023-06-24 19:18:59,2024-01-19 19:18:59,2023-09-05 19:18:59,2023-09-05 19:18:59,
5327,2,5327,2023-01-23 19:18:59,2024-04-23 19:18:59,2023-09-05 19:18:59,2023-09-05 19:18:59,
5328,2,5328,2023-06-07 19:18:59,2024-08-07 19:18:59,2023-09-05 19:18:59,2023-09-05 19:18:59,
5329,3,5329,2022-10-22 19:18:59,2024-02-16 19:18:59,2023-09-05 19:18:59,2023-09-05 19:18:59,
5330,3,5330,2023-01-25 19:18:59,2024-07-08 19:18:59,2023-09-05 19:18:59,2023-09-05 19:18:59,
5331,3,5331,2023-06-08 19:18:59,2023-12-08 19:18:59,2023-09-05 19:18:59,2023-09-05 19:18:59,
5332,2,5332,2022-09-05 19:18:59,2024-08-22 19:18:59,2023-09-05 19:18:59,2023-09-05 19:18:59,
5333,2,5333,2023-03-21 19:18:59,2024-08-19 19:18:59,2023-09-05 19:18:59,2023-09-05 19:18:59,
5334,2,5334,2023-07-26 19:18:59,2024-06-01 19:18:59,2023-09-05 19:18:59,2023-09-05 19:18:59,
5335,1,5335,2022-12-31 19:18:59,2024-03-15 19:18:59,2023-09-05 19:18:59,2023-09-05 19:18:59,
5336,3,5336,2022-10-28 19:18:59,2024-08-01 19:18:59,2023-09-05 19:18:59,2023-09-05 19:18:59,
5337,1,5337,2022-11-13 19:18:59,2024-01-20 19:18:59,2023-09-05 19:18:59,2023-09-05 19:18:59,
5338,3,5338,2022-09-26 19:18:59,2023-10-27 19:18:59,2023-09-05 19:18:59,2023-09-05 19:18:59,
5339,3,5339,2023-02-09 19:18:59,2023-10-09 19:18:59,2023-09-05 19:18:59,2023-09-05 19:18:59,
5340,3,5340,2023-03-15 19:18:59,2024-02-29 19:18:59,2023-09-05 19:18:59,2023-09-05 19:18:59,
5341,1,5341,2023-02-08 19:18:59,2024-06-07 19:18:59,2023-09-05 19:18:59,2023-09-05 19:18:59,
5342,3,5342,2022-11-09 19:18:59,2023-10-10 19:18:59,2023-09-05 19:18:59,2023-09-05 19:18:59,
5343,3,5343,2022-12-23 19:18:59,2024-02-08 19:18:59,2023-09-05 19:18:59,2023-09-05 19:18:59,
5344,3,5344,2023-05-23 19:18:59,2023-10-24 19:18:59,2023-09-05 19:18:59,2023-09-05 19:18:59,
5345,2,5345,2023-06-02 19:18:59,2024-08-02 19:18:59,2023-09-05 19:18:59,2023-09-05 19:18:59,
5346,2,5346,2023-01-21 19:18:59,2024-07-19 19:18:59,2023-09-05 19:18:59,2023-09-05 19:18:59,
5347,2,5347,2023-01-10 19:18:59,2024-08-10 19:18:59,2023-09-05 19:18:59,2023-09-05 19:18:59,
5348,1,5348,2023-02-15 19:18:59,2024-04-30 19:18:59,2023-09-05 19:18:59,2023-09-05 19:18:59,
5349,2,5349,2023-05-13 19:18:59,2024-01-15 19:18:59,2023-09-05 19:18:59,2023-09-05 19:18:59,
5350,1,5350,2023-04-24 19:18:59,2024-06-30 19:18:59,2023-09-05 19:18:59,2023-09-05 19:18:59,
5351,3,5351,2023-08-28 19:18:59,2024-03-12 19:18:59,2023-09-05 19:18:59,2023-09-05 19:18:59,
5352,3,5352,2022-11-09 19:18:59,2024-03-12 19:18:59,2023-09-05 19:18:59,2023-09-05 19:18:59,
5353,3,5353,2023-06-12 19:18:59,2024-06-06 19:18:59,2023-09-05 19:18:59,2023-09-05 19:18:59,
5354,2,5354,2023-07-01 19:18:59,2024-02-10 19:18:59,2023-09-05 19:18:59,2023-09-05 19:18:59,
5355,2,5355,2023-01-26 19:18:59,2024-09-03 19:18:59,2023-09-05 19:18:59,2023-09-05 19:18:59,
5356,3,5356,2023-02-13 19:18:59,2024-03-21 19:18:59,2023-09-05 19:18:59,2023-09-05 19:18:59,
5357,2,5357,2022-11-05 19:18:59,2024-03-11 19:18:59,2023-09-05 19:18:59,2023-09-05 19:18:59,
5358,3,5358,2023-08-01 19:18:59,2023-12-22 19:18:59,2023-09-05 19:18:59,2023-09-05 19:18:59,
5359,2,5359,2023-06-08 19:18:59,2024-01-03 19:18:59,2023-09-05 19:18:59,2023-09-05 19:18:59,
5360,2,5360,2023-05-28 19:18:59,2023-11-11 19:18:59,2023-09-05 19:18:59,2023-09-05 19:18:59,
5361,3,5361,2022-10-29 19:18:59,2024-07-28 19:18:59,2023-09-05 19:18:59,2023-09-05 19:18:59,
5362,1,5362,2023-06-07 19:18:59,2023-12-20 19:18:59,2023-09-05 19:18:59,2023-09-05 19:18:59,
5363,3,5363,2023-07-17 19:18:59,2023-11-03 19:18:59,2023-09-05 19:18:59,2023-09-05 19:18:59,
5364,1,5364,2023-05-08 19:18:59,2024-01-27 19:18:59,2023-09-05 19:18:59,2023-09-05 19:18:59,
5365,1,5365,2023-08-03 19:18:59,2024-02-11 19:18:59,2023-09-05 19:18:59,2023-09-05 19:18:59,
5366,1,5366,2023-01-04 19:18:59,2024-08-05 19:18:59,2023-09-05 19:18:59,2023-09-05 19:18:59,
5367,1,5367,2023-01-01 19:18:59,2024-02-02 19:18:59,2023-09-05 19:18:59,2023-09-05 19:18:59,
5368,3,5368,2023-03-11 19:18:59,2023-11-09 19:18:59,2023-09-05 19:18:59,2023-09-05 19:18:59,
5369,1,5369,2022-12-25 19:18:59,2023-11-09 19:18:59,2023-09-05 19:18:59,2023-09-05 19:18:59,
5370,3,5370,2023-09-03 19:18:59,2024-01-23 19:18:59,2023-09-05 19:18:59,2023-09-05 19:18:59,
5371,2,5371,2023-06-13 19:18:59,2023-11-04 19:18:59,2023-09-05 19:18:59,2023-09-05 19:18:59,
5372,3,5372,2023-07-28 19:18:59,2024-02-04 19:18:59,2023-09-05 19:18:59,2023-09-05 19:18:59,
5373,1,5373,2023-01-16 19:18:59,2024-05-19 19:18:59,2023-09-05 19:18:59,2023-09-05 19:18:59,
5374,1,5374,2023-04-14 19:18:59,2024-03-05 19:18:59,2023-09-05 19:18:59,2023-09-05 19:18:59,
5375,1,5375,2023-01-17 19:18:59,2024-05-13 19:18:59,2023-09-05 19:18:59,2023-09-05 19:18:59,
5376,3,5376,2022-10-02 19:18:59,2024-04-25 19:18:59,2023-09-05 19:18:59,2023-09-05 19:18:59,
5377,3,5377,2022-10-03 19:18:59,2024-07-31 19:18:59,2023-09-05 19:18:59,2023-09-05 19:18:59,
5378,2,5378,2022-09-05 19:18:59,2023-10-30 19:18:59,2023-09-05 19:18:59,2023-09-05 19:18:59,
5379,1,5379,2023-06-23 19:18:59,2024-07-09 19:18:59,2023-09-05 19:18:59,2023-09-05 19:18:59,
5380,3,5380,2022-12-23 19:18:59,2024-07-10 19:18:59,2023-09-05 19:18:59,2023-09-05 19:18:59,
5381,1,5381,2023-02-02 19:18:59,2024-01-18 19:18:59,2023-09-05 19:18:59,2023-09-05 19:18:59,
5382,2,5382,2023-03-30 19:18:59,2024-06-24 19:18:59,2023-09-05 19:18:59,2023-09-05 19:18:59,
5383,1,5383,2022-12-31 19:18:59,2023-12-15 19:18:59,2023-09-05 19:18:59,2023-09-05 19:18:59,
5384,1,5384,2022-09-25 19:18:59,2024-04-19 19:18:59,2023-09-05 19:18:59,2023-09-05 19:18:59,
5385,1,5385,2023-01-24 19:18:59,2023-12-11 19:18:59,2023-09-05 19:18:59,2023-09-05 19:18:59,
5386,2,5386,2023-04-27 19:18:59,2024-03-09 19:18:59,2023-09-05 19:18:59,2023-09-05 19:18:59,
5387,3,5387,2022-10-31 19:18:59,2024-02-19 19:18:59,2023-09-05 19:18:59,2023-09-05 19:18:59,
5388,1,5388,2023-07-17 19:18:59,2024-01-17 19:18:59,2023-09-05 19:18:59,2023-09-05 19:18:59,
5389,3,5389,2023-01-14 19:18:59,2024-03-13 19:18:59,2023-09-05 19:18:59,2023-09-05 19:18:59,
5390,1,5390,2022-10-04 19:18:59,2023-10-06 19:18:59,2023-09-05 19:18:59,2023-09-05 19:18:59,
5391,2,5391,2022-10-26 19:18:59,2024-05-07 19:18:59,2023-09-05 19:18:59,2023-09-05 19:18:59,
5392,3,5392,2022-11-07 19:18:59,2024-06-28 19:18:59,2023-09-05 19:18:59,2023-09-05 19:18:59,
5393,2,5393,2023-03-09 19:18:59,2024-05-19 19:18:59,2023-09-05 19:18:59,2023-09-05 19:18:59,
5394,1,5394,2023-05-17 19:18:59,2024-01-28 19:18:59,2023-09-05 19:18:59,2023-09-05 19:18:59,
5395,2,5395,2022-11-09 19:18:59,2024-02-05 19:18:59,2023-09-05 19:18:59,2023-09-05 19:18:59,
5396,2,5396,2022-09-12 19:18:59,2024-08-14 19:18:59,2023-09-05 19:18:59,2023-09-05 19:18:59,
5397,2,5397,2023-05-22 19:18:59,2024-08-04 19:18:59,2023-09-05 19:18:59,2023-09-05 19:18:59,
5398,1,5398,2023-07-25 19:18:59,2024-01-30 19:18:59,2023-09-05 19:18:59,2023-09-05 19:18:59,
5399,3,5399,2023-01-27 19:18:59,2024-03-25 19:18:59,2023-09-05 19:18:59,2023-09-05 19:18:59,
5400,1,5400,2022-12-30 19:18:59,2023-10-25 19:18:59,2023-09-05 19:18:59,2023-09-05 19:18:59,
5401,3,5401,2023-03-13 19:18:59,2024-04-29 19:18:59,2023-09-05 19:18:59,2023-09-05 19:18:59,
5402,1,5402,2023-05-18 19:18:59,2024-01-05 19:18:59,2023-09-05 19:18:59,2023-09-05 19:18:59,
5403,3,5403,2022-11-02 19:18:59,2023-12-30 19:18:59,2023-09-05 19:18:59,2023-09-05 19:18:59,
5404,3,5404,2023-02-03 19:18:59,2024-03-16 19:18:59,2023-09-05 19:18:59,2023-09-05 19:18:59,
5405,2,5405,2023-05-23 19:18:59,2024-06-06 19:18:59,2023-09-05 19:18:59,2023-09-05 19:18:59,
5406,3,5406,2023-07-15 19:18:59,2024-06-28 19:18:59,2023-09-05 19:18:59,2023-09-05 19:18:59,
5407,1,5407,2022-10-04 19:18:59,2023-11-12 19:18:59,2023-09-05 19:18:59,2023-09-05 19:18:59,
5408,2,5408,2023-05-18 19:18:59,2024-08-09 19:18:59,2023-09-05 19:18:59,2023-09-05 19:18:59,
5409,1,5409,2022-10-12 19:18:59,2023-12-12 19:18:59,2023-09-05 19:18:59,2023-09-05 19:18:59,
5410,3,5410,2023-08-24 19:18:59,2024-06-08 19:18:59,2023-09-05 19:18:59,2023-09-05 19:18:59,
5411,1,5411,2022-11-26 19:18:59,2023-12-10 19:18:59,2023-09-05 19:18:59,2023-09-05 19:18:59,
5412,2,5412,2023-07-28 19:18:59,2024-03-02 19:18:59,2023-09-05 19:18:59,2023-09-05 19:18:59,
5413,1,5413,2023-06-24 19:18:59,2024-04-27 19:18:59,2023-09-05 19:18:59,2023-09-05 19:18:59,
5414,2,5414,2023-05-24 19:18:59,2024-08-28 19:18:59,2023-09-05 19:18:59,2023-09-05 19:18:59,
5415,2,5415,2023-01-21 19:18:59,2024-08-03 19:18:59,2023-09-05 19:18:59,2023-09-05 19:18:59,
5416,1,5416,2022-10-01 19:18:59,2024-06-19 19:18:59,2023-09-05 19:18:59,2023-09-05 19:18:59,
5417,2,5417,2023-02-20 19:18:59,2024-03-25 19:18:59,2023-09-05 19:18:59,2023-09-05 19:18:59,
5418,1,5418,2022-09-22 19:18:59,2023-12-14 19:18:59,2023-09-05 19:18:59,2023-09-05 19:18:59,
5419,3,5419,2023-05-24 19:18:59,2024-01-20 19:18:59,2023-09-05 19:18:59,2023-09-05 19:18:59,
5420,1,5420,2023-04-30 19:18:59,2024-08-18 19:18:59,2023-09-05 19:18:59,2023-09-05 19:18:59,
5421,1,5421,2023-01-22 19:18:59,2024-06-07 19:18:59,2023-09-05 19:18:59,2023-09-05 19:18:59,
5422,1,5422,2023-05-18 19:18:59,2024-05-20 19:18:59,2023-09-05 19:18:59,2023-09-05 19:18:59,
5423,1,5423,2022-11-17 19:18:59,2024-05-30 19:18:59,2023-09-05 19:18:59,2023-09-05 19:18:59,
5424,1,5424,2023-03-03 19:18:59,2024-06-22 19:18:59,2023-09-05 19:18:59,2023-09-05 19:18:59,
5425,3,5425,2023-05-27 19:18:59,2024-08-26 19:18:59,2023-09-05 19:18:59,2023-09-05 19:18:59,
5426,3,5426,2023-01-03 19:18:59,2023-12-06 19:18:59,2023-09-05 19:18:59,2023-09-05 19:18:59,
5427,2,5427,2023-03-09 19:18:59,2024-01-30 19:18:59,2023-09-05 19:18:59,2023-09-05 19:18:59,
5428,2,5428,2023-07-01 19:18:59,2024-01-29 19:18:59,2023-09-05 19:18:59,2023-09-05 19:18:59,
5429,3,5429,2023-01-18 19:18:59,2024-01-06 19:18:59,2023-09-05 19:18:59,2023-09-05 19:18:59,
5430,1,5430,2023-08-23 19:18:59,2024-08-18 19:18:59,2023-09-05 19:18:59,2023-09-05 19:18:59,
5431,1,5431,2023-04-21 19:18:59,2024-05-11 19:18:59,2023-09-05 19:18:59,2023-09-05 19:18:59,
5432,1,5432,2022-10-13 19:18:59,2024-04-05 19:18:59,2023-09-05 19:18:59,2023-09-05 19:18:59,
5433,3,5433,2023-03-03 19:18:59,2023-11-12 19:18:59,2023-09-05 19:18:59,2023-09-05 19:18:59,
5434,1,5434,2023-02-21 19:18:59,2024-08-01 19:18:59,2023-09-05 19:18:59,2023-09-05 19:18:59,
5435,3,5435,2022-11-18 19:18:59,2024-06-12 19:18:59,2023-09-05 19:18:59,2023-09-05 19:18:59,
5436,2,5436,2023-09-05 19:18:59,2024-05-31 19:18:59,2023-09-05 19:18:59,2023-09-05 19:18:59,
5437,2,5437,2023-09-05 19:18:59,2024-09-01 19:18:59,2023-09-05 19:18:59,2023-09-05 19:18:59,
5438,1,5438,2023-08-03 19:18:59,2024-02-22 19:18:59,2023-09-05 19:18:59,2023-09-05 19:18:59,
5439,3,5439,2023-07-10 19:18:59,2024-04-27 19:18:59,2023-09-05 19:18:59,2023-09-05 19:18:59,
5440,3,5440,2023-06-13 19:18:59,2024-08-05 19:18:59,2023-09-05 19:18:59,2023-09-05 19:18:59,
5441,3,5441,2022-12-05 19:18:59,2024-02-06 19:18:59,2023-09-05 19:18:59,2023-09-05 19:18:59,
5442,1,5442,2023-03-28 19:18:59,2023-10-26 19:18:59,2023-09-05 19:18:59,2023-09-05 19:18:59,
5443,3,5443,2023-01-31 19:18:59,2024-01-02 19:18:59,2023-09-05 19:18:59,2023-09-05 19:18:59,
5444,3,5444,2022-11-18 19:18:59,2024-06-29 19:18:59,2023-09-05 19:18:59,2023-09-05 19:18:59,
5445,1,5445,2023-01-07 19:18:59,2024-04-23 19:18:59,2023-09-05 19:18:59,2023-09-05 19:18:59,
5446,3,5446,2023-07-05 19:18:59,2024-07-23 19:18:59,2023-09-05 19:18:59,2023-09-05 19:18:59,
5447,1,5447,2022-09-23 19:18:59,2024-06-07 19:18:59,2023-09-05 19:18:59,2023-09-05 19:18:59,
5448,1,5448,2022-11-16 19:18:59,2024-02-28 19:18:59,2023-09-05 19:18:59,2023-09-05 19:18:59,
5449,3,5449,2022-10-15 19:18:59,2024-06-21 19:18:59,2023-09-05 19:18:59,2023-09-05 19:18:59,
5450,3,5450,2023-06-15 19:18:59,2024-03-15 19:18:59,2023-09-05 19:18:59,2023-09-05 19:18:59,
5451,2,5451,2023-04-11 19:18:59,2024-02-29 19:18:59,2023-09-05 19:18:59,2023-09-05 19:18:59,
5452,2,5452,2023-07-24 19:18:59,2024-07-21 19:18:59,2023-09-05 19:18:59,2023-09-05 19:18:59,
5453,2,5453,2023-07-14 19:18:59,2024-05-12 19:18:59,2023-09-05 19:18:59,2023-09-05 19:18:59,
5454,1,5454,2023-01-24 19:18:59,2024-05-30 19:18:59,2023-09-05 19:18:59,2023-09-05 19:18:59,
5455,2,5455,2023-01-16 19:18:59,2023-11-06 19:18:59,2023-09-05 19:18:59,2023-09-05 19:18:59,
5456,2,5456,2023-08-12 19:18:59,2023-12-29 19:18:59,2023-09-05 19:18:59,2023-09-05 19:18:59,
5457,3,5457,2023-05-26 19:18:59,2023-10-23 19:18:59,2023-09-05 19:18:59,2023-09-05 19:18:59,
5458,2,5458,2022-11-17 19:18:59,2024-02-04 19:18:59,2023-09-05 19:18:59,2023-09-05 19:18:59,
5459,2,5459,2023-05-18 19:18:59,2024-06-06 19:18:59,2023-09-05 19:18:59,2023-09-05 19:18:59,
5460,3,5460,2023-07-09 19:18:59,2024-03-05 19:18:59,2023-09-05 19:18:59,2023-09-05 19:18:59,
5461,1,5461,2023-01-24 19:18:59,2024-03-09 19:18:59,2023-09-05 19:18:59,2023-09-05 19:18:59,
5462,1,5462,2023-09-03 19:18:59,2024-04-23 19:18:59,2023-09-05 19:18:59,2023-09-05 19:18:59,
5463,1,5463,2023-06-26 19:18:59,2023-11-20 19:18:59,2023-09-05 19:18:59,2023-09-05 19:18:59,
5464,3,5464,2022-09-16 19:18:59,2024-06-03 19:18:59,2023-09-05 19:18:59,2023-09-05 19:18:59,
5465,2,5465,2022-10-10 19:18:59,2023-11-15 19:18:59,2023-09-05 19:18:59,2023-09-05 19:18:59,
5466,3,5466,2023-04-24 19:18:59,2023-10-24 19:18:59,2023-09-05 19:18:59,2023-09-05 19:18:59,
5467,3,5467,2022-09-14 19:18:59,2023-12-25 19:18:59,2023-09-05 19:18:59,2023-09-05 19:18:59,
5468,1,5468,2023-01-09 19:18:59,2024-05-20 19:18:59,2023-09-05 19:18:59,2023-09-05 19:18:59,
5469,3,5469,2023-01-07 19:18:59,2024-07-30 19:18:59,2023-09-05 19:18:59,2023-09-05 19:18:59,
5470,3,5470,2023-06-20 19:18:59,2023-11-01 19:18:59,2023-09-05 19:18:59,2023-09-05 19:18:59,
5471,1,5471,2023-01-22 19:18:59,2023-10-23 19:18:59,2023-09-05 19:18:59,2023-09-05 19:18:59,
5472,1,5472,2022-12-13 19:18:59,2024-04-01 19:18:59,2023-09-05 19:18:59,2023-09-05 19:18:59,
5473,1,5473,2023-04-13 19:18:59,2024-01-12 19:18:59,2023-09-05 19:18:59,2023-09-05 19:18:59,
5474,3,5474,2022-12-06 19:18:59,2024-02-23 19:18:59,2023-09-05 19:18:59,2023-09-05 19:18:59,
5475,2,5475,2022-10-28 19:18:59,2023-10-05 19:18:59,2023-09-05 19:18:59,2023-09-05 19:18:59,
5476,1,5476,2023-01-13 19:18:59,2024-02-25 19:18:59,2023-09-05 19:18:59,2023-09-05 19:18:59,
5477,2,5477,2023-03-15 19:18:59,2024-05-22 19:18:59,2023-09-05 19:18:59,2023-09-05 19:18:59,
5478,3,5478,2023-07-26 19:18:59,2023-11-16 19:18:59,2023-09-05 19:18:59,2023-09-05 19:18:59,
5479,2,5479,2023-05-05 19:18:59,2024-07-13 19:18:59,2023-09-05 19:18:59,2023-09-05 19:18:59,
5480,1,5480,2023-04-08 19:18:59,2024-07-24 19:18:59,2023-09-05 19:18:59,2023-09-05 19:18:59,
5481,1,5481,2022-10-22 19:18:59,2024-05-02 19:18:59,2023-09-05 19:18:59,2023-09-05 19:18:59,
5482,2,5482,2023-01-20 19:18:59,2023-11-22 19:18:59,2023-09-05 19:18:59,2023-09-05 19:18:59,
5483,1,5483,2023-01-24 19:18:59,2024-02-14 19:18:59,2023-09-05 19:18:59,2023-09-05 19:18:59,
5484,3,5484,2022-10-29 19:18:59,2024-07-22 19:18:59,2023-09-05 19:18:59,2023-09-05 19:18:59,
5485,3,5485,2023-06-18 19:18:59,2023-10-25 19:18:59,2023-09-05 19:18:59,2023-09-05 19:18:59,
5486,1,5486,2023-09-03 19:18:59,2023-11-25 19:18:59,2023-09-05 19:18:59,2023-09-05 19:18:59,
5487,2,5487,2022-11-12 19:18:59,2023-12-15 19:18:59,2023-09-05 19:18:59,2023-09-05 19:18:59,
5488,1,5488,2023-07-01 19:18:59,2024-02-22 19:18:59,2023-09-05 19:18:59,2023-09-05 19:18:59,
5489,1,5489,2023-06-22 19:18:59,2023-10-24 19:18:59,2023-09-05 19:18:59,2023-09-05 19:18:59,
5490,1,5490,2023-08-21 19:18:59,2023-12-27 19:18:59,2023-09-05 19:18:59,2023-09-05 19:18:59,
5491,1,5491,2023-07-25 19:18:59,2024-06-12 19:18:59,2023-09-05 19:18:59,2023-09-05 19:18:59,
5492,1,5492,2023-02-15 19:18:59,2023-12-05 19:18:59,2023-09-05 19:18:59,2023-09-05 19:18:59,
5493,3,5493,2023-04-27 19:18:59,2023-11-19 19:18:59,2023-09-05 19:18:59,2023-09-05 19:18:59,
5494,2,5494,2022-10-16 19:18:59,2024-09-03 19:18:59,2023-09-05 19:18:59,2023-09-05 19:18:59,
5495,2,5495,2023-06-24 19:18:59,2023-10-07 19:18:59,2023-09-05 19:18:59,2023-09-05 19:18:59,
5496,2,5496,2022-12-03 19:18:59,2023-10-10 19:18:59,2023-09-05 19:18:59,2023-09-05 19:18:59,
5497,1,5497,2023-06-23 19:18:59,2023-11-30 19:18:59,2023-09-05 19:18:59,2023-09-05 19:18:59,
5498,2,5498,2023-02-02 19:18:59,2024-06-27 19:18:59,2023-09-05 19:18:59,2023-09-05 19:18:59,
5499,2,5499,2023-06-26 19:18:59,2024-02-02 19:18:59,2023-09-05 19:18:59,2023-09-05 19:18:59,
5500,2,5500,2022-12-22 19:18:59,2024-06-20 19:18:59,2023-09-05 19:18:59,2023-09-05 19:18:59,
5501,1,5501,2022-11-19 19:18:59,2024-08-22 19:18:59,2023-09-05 19:18:59,2023-09-05 19:18:59,
5502,1,5502,2023-03-16 19:18:59,2023-10-16 19:18:59,2023-09-05 19:18:59,2023-09-05 19:18:59,
5503,2,5503,2023-05-17 19:18:59,2024-03-26 19:18:59,2023-09-05 19:18:59,2023-09-05 19:18:59,
5504,2,5504,2022-11-05 19:18:59,2023-12-27 19:18:59,2023-09-05 19:18:59,2023-09-05 19:18:59,
5505,1,5505,2023-08-17 19:18:59,2024-04-07 19:18:59,2023-09-05 19:18:59,2023-09-05 19:18:59,
5506,1,5506,2023-09-04 19:18:59,2023-11-17 19:18:59,2023-09-05 19:18:59,2023-09-05 19:18:59,
5507,2,5507,2023-07-31 19:18:59,2024-08-15 19:18:59,2023-09-05 19:18:59,2023-09-05 19:18:59,
5508,2,5508,2023-05-09 19:18:59,2024-06-01 19:18:59,2023-09-05 19:18:59,2023-09-05 19:18:59,
5509,1,5509,2023-08-15 19:18:59,2023-10-20 19:18:59,2023-09-05 19:18:59,2023-09-05 19:18:59,
5510,1,5510,2022-09-30 19:18:59,2024-02-15 19:18:59,2023-09-05 19:18:59,2023-09-05 19:18:59,
5511,1,5511,2022-12-12 19:18:59,2024-06-08 19:18:59,2023-09-05 19:18:59,2023-09-05 19:18:59,
5512,2,5512,2022-09-09 19:18:59,2024-02-22 19:18:59,2023-09-05 19:18:59,2023-09-05 19:18:59,
5513,1,5513,2022-11-30 19:18:59,2024-03-06 19:18:59,2023-09-05 19:18:59,2023-09-05 19:18:59,
5514,2,5514,2022-09-09 19:18:59,2024-07-27 19:18:59,2023-09-05 19:18:59,2023-09-05 19:18:59,
5515,3,5515,2023-06-24 19:18:59,2024-06-14 19:18:59,2023-09-05 19:18:59,2023-09-05 19:18:59,
5516,3,5516,2023-04-28 19:18:59,2024-04-05 19:18:59,2023-09-05 19:18:59,2023-09-05 19:18:59,
5517,2,5517,2023-08-29 19:18:59,2023-11-22 19:18:59,2023-09-05 19:18:59,2023-09-05 19:18:59,
5518,2,5518,2023-07-04 19:18:59,2023-12-26 19:18:59,2023-09-05 19:18:59,2023-09-05 19:18:59,
5519,1,5519,2023-08-09 19:18:59,2024-08-10 19:18:59,2023-09-05 19:18:59,2023-09-05 19:18:59,
5520,1,5520,2023-02-12 19:18:59,2024-02-14 19:18:59,2023-09-05 19:18:59,2023-09-05 19:18:59,
5521,1,5521,2023-03-09 19:18:59,2024-01-09 19:18:59,2023-09-05 19:18:59,2023-09-05 19:18:59,
5522,3,5522,2022-11-14 19:18:59,2024-07-12 19:18:59,2023-09-05 19:18:59,2023-09-05 19:18:59,
5523,2,5523,2023-01-10 19:18:59,2024-02-27 19:18:59,2023-09-05 19:18:59,2023-09-05 19:18:59,
5524,1,5524,2023-08-17 19:18:59,2023-12-22 19:18:59,2023-09-05 19:18:59,2023-09-05 19:18:59,
5525,2,5525,2022-12-16 19:18:59,2024-03-16 19:18:59,2023-09-05 19:18:59,2023-09-05 19:18:59,
5526,1,5526,2023-01-18 19:18:59,2023-11-24 19:18:59,2023-09-05 19:18:59,2023-09-05 19:18:59,
5527,2,5527,2023-01-13 19:18:59,2024-06-27 19:18:59,2023-09-05 19:18:59,2023-09-05 19:18:59,
5528,3,5528,2023-02-16 19:18:59,2024-08-27 19:18:59,2023-09-05 19:18:59,2023-09-05 19:18:59,
5529,2,5529,2023-07-04 19:18:59,2023-11-06 19:18:59,2023-09-05 19:18:59,2023-09-05 19:18:59,
5530,1,5530,2023-08-04 19:18:59,2024-05-13 19:18:59,2023-09-05 19:18:59,2023-09-05 19:18:59,
5531,2,5531,2023-01-13 19:18:59,2024-02-18 19:18:59,2023-09-05 19:18:59,2023-09-05 19:18:59,
5532,3,5532,2023-05-25 19:18:59,2024-03-02 19:18:59,2023-09-05 19:18:59,2023-09-05 19:18:59,
5533,1,5533,2023-03-27 19:18:59,2024-01-21 19:18:59,2023-09-05 19:18:59,2023-09-05 19:18:59,
5534,2,5534,2023-06-18 19:18:59,2023-12-12 19:18:59,2023-09-05 19:18:59,2023-09-05 19:18:59,
5535,3,5535,2023-01-12 19:18:59,2024-01-24 19:18:59,2023-09-05 19:18:59,2023-09-05 19:18:59,
5536,1,5536,2023-05-05 19:18:59,2024-03-05 19:18:59,2023-09-05 19:18:59,2023-09-05 19:18:59,
5537,2,5537,2022-09-17 19:18:59,2024-06-13 19:18:59,2023-09-05 19:18:59,2023-09-05 19:18:59,
5538,1,5538,2023-07-18 19:18:59,2024-01-15 19:18:59,2023-09-05 19:18:59,2023-09-05 19:18:59,
5539,2,5539,2023-07-18 19:18:59,2024-09-04 19:18:59,2023-09-05 19:18:59,2023-09-05 19:18:59,
5540,2,5540,2023-05-27 19:18:59,2024-08-27 19:18:59,2023-09-05 19:18:59,2023-09-05 19:18:59,
5541,2,5541,2023-07-10 19:18:59,2024-01-02 19:18:59,2023-09-05 19:18:59,2023-09-05 19:18:59,
5542,2,5542,2022-10-02 19:18:59,2024-01-12 19:18:59,2023-09-05 19:18:59,2023-09-05 19:18:59,
5543,3,5543,2022-12-03 19:18:59,2024-04-24 19:18:59,2023-09-05 19:18:59,2023-09-05 19:18:59,
5544,1,5544,2022-12-01 19:18:59,2024-07-14 19:18:59,2023-09-05 19:18:59,2023-09-05 19:18:59,
5545,3,5545,2023-06-24 19:18:59,2024-04-27 19:18:59,2023-09-05 19:18:59,2023-09-05 19:18:59,
5546,2,5546,2022-12-01 19:18:59,2023-10-28 19:18:59,2023-09-05 19:18:59,2023-09-05 19:18:59,
5547,2,5547,2022-12-27 19:18:59,2024-08-11 19:18:59,2023-09-05 19:18:59,2023-09-05 19:18:59,
5548,1,5548,2022-10-29 19:18:59,2024-07-19 19:18:59,2023-09-05 19:18:59,2023-09-05 19:18:59,
5549,3,5549,2023-03-22 19:18:59,2024-07-07 19:18:59,2023-09-05 19:18:59,2023-09-05 19:18:59,
5550,3,5550,2023-05-22 19:18:59,2024-01-01 19:18:59,2023-09-05 19:18:59,2023-09-05 19:18:59,
5551,1,5551,2022-10-18 19:18:59,2023-11-21 19:18:59,2023-09-05 19:18:59,2023-09-05 19:18:59,
5552,3,5552,2023-06-29 19:18:59,2024-08-06 19:18:59,2023-09-05 19:18:59,2023-09-05 19:18:59,
5553,2,5553,2023-06-14 19:18:59,2024-01-27 19:18:59,2023-09-05 19:18:59,2023-09-05 19:18:59,
5554,1,5554,2022-11-05 19:18:59,2024-07-26 19:18:59,2023-09-05 19:18:59,2023-09-05 19:18:59,
5555,1,5555,2023-05-06 19:18:59,2023-11-15 19:18:59,2023-09-05 19:18:59,2023-09-05 19:18:59,
5556,1,5556,2022-11-05 19:18:59,2024-05-10 19:18:59,2023-09-05 19:18:59,2023-09-05 19:18:59,
5557,1,5557,2023-06-01 19:18:59,2024-01-21 19:18:59,2023-09-05 19:18:59,2023-09-05 19:18:59,
5558,1,5558,2023-03-13 19:18:59,2024-08-25 19:18:59,2023-09-05 19:18:59,2023-09-05 19:18:59,
5559,1,5559,2022-10-20 19:18:59,2024-04-22 19:18:59,2023-09-05 19:18:59,2023-09-05 19:18:59,
5560,1,5560,2023-06-26 19:18:59,2023-11-04 19:18:59,2023-09-05 19:18:59,2023-09-05 19:18:59,
5561,2,5561,2022-12-27 19:18:59,2024-08-17 19:18:59,2023-09-05 19:18:59,2023-09-05 19:18:59,
5562,1,5562,2022-11-09 19:18:59,2024-05-12 19:18:59,2023-09-05 19:18:59,2023-09-05 19:18:59,
5563,1,5563,2023-05-16 19:18:59,2024-01-06 19:18:59,2023-09-05 19:18:59,2023-09-05 19:18:59,
5564,3,5564,2023-03-25 19:18:59,2024-05-13 19:18:59,2023-09-05 19:18:59,2023-09-05 19:18:59,
5565,1,5565,2023-01-21 19:18:59,2024-05-19 19:18:59,2023-09-05 19:18:59,2023-09-05 19:18:59,
5566,1,5566,2022-12-26 19:18:59,2024-03-10 19:18:59,2023-09-05 19:18:59,2023-09-05 19:18:59,
5567,2,5567,2023-01-10 19:18:59,2023-11-27 19:18:59,2023-09-05 19:18:59,2023-09-05 19:18:59,
5568,1,5568,2023-09-05 19:18:59,2024-09-03 19:18:59,2023-09-05 19:18:59,2023-09-05 19:18:59,
5569,2,5569,2022-09-27 19:18:59,2024-01-19 19:18:59,2023-09-05 19:18:59,2023-09-05 19:18:59,
5570,1,5570,2023-08-23 19:18:59,2023-11-06 19:18:59,2023-09-05 19:18:59,2023-09-05 19:18:59,
5571,3,5571,2022-10-04 19:18:59,2024-05-21 19:18:59,2023-09-05 19:18:59,2023-09-05 19:18:59,
5572,3,5572,2023-08-27 19:18:59,2024-01-07 19:18:59,2023-09-05 19:18:59,2023-09-05 19:18:59,
5573,1,5573,2022-09-17 19:18:59,2024-08-07 19:18:59,2023-09-05 19:18:59,2023-09-05 19:18:59,
5574,3,5574,2023-06-26 19:18:59,2024-08-23 19:18:59,2023-09-05 19:18:59,2023-09-05 19:18:59,
5575,1,5575,2023-03-20 19:18:59,2023-12-15 19:18:59,2023-09-05 19:18:59,2023-09-05 19:18:59,
5576,3,5576,2023-02-02 19:18:59,2023-11-10 19:18:59,2023-09-05 19:18:59,2023-09-05 19:18:59,
5577,2,5577,2022-10-22 19:18:59,2023-12-11 19:18:59,2023-09-05 19:18:59,2023-09-05 19:18:59,
5578,3,5578,2023-09-03 19:18:59,2024-07-23 19:18:59,2023-09-05 19:18:59,2023-09-05 19:18:59,
5579,1,5579,2022-10-05 19:18:59,2024-03-21 19:18:59,2023-09-05 19:18:59,2023-09-05 19:18:59,
5580,3,5580,2023-06-25 19:18:59,2024-07-15 19:18:59,2023-09-05 19:18:59,2023-09-05 19:18:59,
5581,2,5581,2022-12-21 19:18:59,2024-02-17 19:18:59,2023-09-05 19:18:59,2023-09-05 19:18:59,
5582,2,5582,2022-09-25 19:18:59,2024-08-31 19:18:59,2023-09-05 19:18:59,2023-09-05 19:18:59,
5583,1,5583,2022-12-08 19:18:59,2023-12-07 19:18:59,2023-09-05 19:18:59,2023-09-05 19:18:59,
5584,3,5584,2023-08-06 19:18:59,2024-08-11 19:18:59,2023-09-05 19:18:59,2023-09-05 19:18:59,
5585,1,5585,2022-10-02 19:18:59,2024-06-05 19:18:59,2023-09-05 19:18:59,2023-09-05 19:18:59,
5586,1,5586,2023-06-01 19:18:59,2024-03-07 19:18:59,2023-09-05 19:18:59,2023-09-05 19:18:59,
5587,1,5587,2023-03-29 19:18:59,2024-03-06 19:18:59,2023-09-05 19:18:59,2023-09-05 19:18:59,
5588,1,5588,2023-01-04 19:18:59,2024-04-16 19:18:59,2023-09-05 19:18:59,2023-09-05 19:18:59,
5589,2,5589,2022-09-06 19:18:59,2024-03-17 19:18:59,2023-09-05 19:18:59,2023-09-05 19:18:59,
5590,2,5590,2023-06-11 19:18:59,2024-06-18 19:18:59,2023-09-05 19:18:59,2023-09-05 19:18:59,
5591,3,5591,2023-07-12 19:18:59,2024-03-12 19:18:59,2023-09-05 19:18:59,2023-09-05 19:18:59,
5592,2,5592,2023-02-15 19:18:59,2024-08-03 19:18:59,2023-09-05 19:18:59,2023-09-05 19:18:59,
5593,2,5593,2022-11-02 19:18:59,2024-01-21 19:18:59,2023-09-05 19:18:59,2023-09-05 19:18:59,
5594,2,5594,2022-11-01 19:18:59,2023-10-29 19:18:59,2023-09-05 19:18:59,2023-09-05 19:18:59,
5595,1,5595,2023-01-08 19:18:59,2024-03-27 19:18:59,2023-09-05 19:18:59,2023-09-05 19:18:59,
5596,2,5596,2023-02-16 19:18:59,2024-02-17 19:18:59,2023-09-05 19:18:59,2023-09-05 19:18:59,
5597,1,5597,2022-12-01 19:18:59,2023-10-22 19:18:59,2023-09-05 19:18:59,2023-09-05 19:18:59,
5598,3,5598,2023-01-26 19:18:59,2024-03-11 19:18:59,2023-09-05 19:18:59,2023-09-05 19:18:59,
5599,1,5599,2023-04-28 19:18:59,2024-07-30 19:18:59,2023-09-05 19:18:59,2023-09-05 19:18:59,
5600,3,5600,2022-11-28 19:18:59,2023-11-23 19:18:59,2023-09-05 19:18:59,2023-09-05 19:18:59,
5601,2,5601,2023-01-09 19:18:59,2024-05-24 19:18:59,2023-09-05 19:18:59,2023-09-05 19:18:59,
5602,1,5602,2023-05-22 19:18:59,2024-03-24 19:18:59,2023-09-05 19:18:59,2023-09-05 19:18:59,
5603,1,5603,2023-05-08 19:18:59,2024-08-08 19:18:59,2023-09-05 19:18:59,2023-09-05 19:18:59,
5604,1,5604,2022-12-26 19:18:59,2024-06-28 19:18:59,2023-09-05 19:18:59,2023-09-05 19:18:59,
5605,2,5605,2023-05-24 19:18:59,2023-11-04 19:18:59,2023-09-05 19:18:59,2023-09-05 19:18:59,
5606,3,5606,2022-10-04 19:18:59,2024-02-12 19:18:59,2023-09-05 19:18:59,2023-09-05 19:18:59,
5607,2,5607,2023-08-28 19:18:59,2023-11-18 19:18:59,2023-09-05 19:18:59,2023-09-05 19:18:59,
5608,3,5608,2023-06-19 19:18:59,2024-07-15 19:18:59,2023-09-05 19:18:59,2023-09-05 19:18:59,
5609,2,5609,2023-05-16 19:18:59,2024-08-19 19:18:59,2023-09-05 19:18:59,2023-09-05 19:18:59,
5610,2,5610,2023-07-13 19:18:59,2024-06-08 19:18:59,2023-09-05 19:18:59,2023-09-05 19:18:59,
5611,1,5611,2022-12-18 19:18:59,2023-12-02 19:18:59,2023-09-05 19:18:59,2023-09-05 19:18:59,
5612,3,5612,2023-03-23 19:18:59,2023-10-31 19:18:59,2023-09-05 19:18:59,2023-09-05 19:18:59,
5613,2,5613,2023-03-30 19:18:59,2024-06-09 19:18:59,2023-09-05 19:18:59,2023-09-05 19:18:59,
5614,2,5614,2023-03-26 19:18:59,2023-12-24 19:18:59,2023-09-05 19:18:59,2023-09-05 19:18:59,
5615,2,5615,2023-01-05 19:18:59,2024-04-14 19:18:59,2023-09-05 19:18:59,2023-09-05 19:18:59,
5616,3,5616,2023-04-23 19:18:59,2023-12-09 19:18:59,2023-09-05 19:18:59,2023-09-05 19:18:59,
5617,1,5617,2023-04-24 19:18:59,2024-07-11 19:18:59,2023-09-05 19:18:59,2023-09-05 19:18:59,
5618,1,5618,2022-11-30 19:18:59,2024-04-24 19:18:59,2023-09-05 19:18:59,2023-09-05 19:18:59,
5619,1,5619,2022-11-09 19:18:59,2024-04-26 19:18:59,2023-09-05 19:18:59,2023-09-05 19:18:59,
5620,2,5620,2023-06-07 19:18:59,2024-07-15 19:18:59,2023-09-05 19:18:59,2023-09-05 19:18:59,
5621,2,5621,2023-02-16 19:18:59,2024-05-31 19:18:59,2023-09-05 19:18:59,2023-09-05 19:18:59,
5622,2,5622,2023-02-03 19:18:59,2024-06-05 19:18:59,2023-09-05 19:18:59,2023-09-05 19:18:59,
5623,3,5623,2022-10-16 19:18:59,2024-08-05 19:18:59,2023-09-05 19:18:59,2023-09-05 19:18:59,
5624,1,5624,2023-01-04 19:18:59,2024-04-29 19:18:59,2023-09-05 19:18:59,2023-09-05 19:18:59,
5625,2,5625,2023-04-30 19:18:59,2024-02-27 19:18:59,2023-09-05 19:18:59,2023-09-05 19:18:59,
5626,3,5626,2023-02-24 19:18:59,2024-01-17 19:18:59,2023-09-05 19:18:59,2023-09-05 19:18:59,
5627,1,5627,2023-05-07 19:18:59,2024-03-10 19:18:59,2023-09-05 19:18:59,2023-09-05 19:18:59,
5628,1,5628,2023-03-16 19:18:59,2023-11-02 19:18:59,2023-09-05 19:18:59,2023-09-05 19:18:59,
5629,2,5629,2023-06-28 19:18:59,2024-08-14 19:18:59,2023-09-05 19:18:59,2023-09-05 19:18:59,
5630,2,5630,2023-06-23 19:18:59,2024-01-22 19:18:59,2023-09-05 19:18:59,2023-09-05 19:18:59,
5631,3,5631,2022-12-16 19:18:59,2024-04-19 19:18:59,2023-09-05 19:18:59,2023-09-05 19:18:59,
5632,3,5632,2022-11-25 19:18:59,2024-04-18 19:18:59,2023-09-05 19:18:59,2023-09-05 19:18:59,
5633,1,5633,2023-08-04 19:18:59,2024-03-06 19:18:59,2023-09-05 19:18:59,2023-09-05 19:18:59,
5634,1,5634,2023-04-04 19:18:59,2024-05-01 19:18:59,2023-09-05 19:18:59,2023-09-05 19:18:59,
5635,2,5635,2022-12-29 19:18:59,2024-01-02 19:18:59,2023-09-05 19:18:59,2023-09-05 19:18:59,
5636,2,5636,2022-11-18 19:18:59,2024-01-31 19:18:59,2023-09-05 19:18:59,2023-09-05 19:18:59,
5637,1,5637,2023-07-17 19:18:59,2023-11-27 19:18:59,2023-09-05 19:18:59,2023-09-05 19:18:59,
5638,1,5638,2023-05-25 19:18:59,2024-01-11 19:18:59,2023-09-05 19:18:59,2023-09-05 19:18:59,
5639,2,5639,2023-03-27 19:18:59,2024-06-08 19:18:59,2023-09-05 19:18:59,2023-09-05 19:18:59,
5640,2,5640,2023-01-24 19:18:59,2024-04-09 19:18:59,2023-09-05 19:18:59,2023-09-05 19:18:59,
5641,3,5641,2023-03-03 19:18:59,2024-02-15 19:18:59,2023-09-05 19:18:59,2023-09-05 19:18:59,
5642,2,5642,2023-06-03 19:18:59,2024-04-01 19:18:59,2023-09-05 19:18:59,2023-09-05 19:18:59,
5643,1,5643,2023-03-25 19:18:59,2024-02-05 19:18:59,2023-09-05 19:18:59,2023-09-05 19:18:59,
5644,2,5644,2023-04-30 19:18:59,2024-02-12 19:18:59,2023-09-05 19:18:59,2023-09-05 19:18:59,
5645,3,5645,2023-08-14 19:18:59,2024-02-23 19:18:59,2023-09-05 19:18:59,2023-09-05 19:18:59,
5646,1,5646,2022-11-25 19:18:59,2024-07-14 19:18:59,2023-09-05 19:18:59,2023-09-05 19:18:59,
5647,3,5647,2023-04-08 19:18:59,2024-03-13 19:18:59,2023-09-05 19:18:59,2023-09-05 19:18:59,
5648,3,5648,2022-11-11 19:18:59,2024-06-03 19:18:59,2023-09-05 19:18:59,2023-09-05 19:18:59,
5649,2,5649,2023-07-06 19:18:59,2024-06-06 19:18:59,2023-09-05 19:18:59,2023-09-05 19:18:59,
5650,2,5650,2023-03-13 19:18:59,2024-04-01 19:18:59,2023-09-05 19:18:59,2023-09-05 19:18:59,
5651,2,5651,2023-08-30 19:18:59,2023-10-18 19:18:59,2023-09-05 19:18:59,2023-09-05 19:18:59,
5652,2,5652,2023-04-18 19:18:59,2024-08-17 19:18:59,2023-09-05 19:18:59,2023-09-05 19:18:59,
5653,3,5653,2023-01-30 19:18:59,2024-04-26 19:18:59,2023-09-05 19:18:59,2023-09-05 19:18:59,
5654,3,5654,2023-01-30 19:18:59,2024-06-11 19:18:59,2023-09-05 19:18:59,2023-09-05 19:18:59,
5655,3,5655,2022-10-19 19:18:59,2023-11-23 19:18:59,2023-09-05 19:18:59,2023-09-05 19:18:59,
5656,2,5656,2022-11-16 19:18:59,2024-03-19 19:18:59,2023-09-05 19:18:59,2023-09-05 19:18:59,
5657,3,5657,2023-04-28 19:18:59,2023-12-04 19:18:59,2023-09-05 19:18:59,2023-09-05 19:18:59,
5658,2,5658,2023-08-12 19:18:59,2023-11-09 19:18:59,2023-09-05 19:18:59,2023-09-05 19:18:59,
5659,2,5659,2023-04-15 19:18:59,2023-11-12 19:18:59,2023-09-05 19:18:59,2023-09-05 19:18:59,
5660,3,5660,2022-10-20 19:18:59,2024-08-08 19:18:59,2023-09-05 19:18:59,2023-09-05 19:18:59,
5661,1,5661,2022-11-19 19:18:59,2023-11-03 19:18:59,2023-09-05 19:18:59,2023-09-05 19:18:59,
5662,1,5662,2023-01-10 19:18:59,2024-01-17 19:18:59,2023-09-05 19:18:59,2023-09-05 19:18:59,
5663,1,5663,2022-10-28 19:18:59,2024-04-23 19:18:59,2023-09-05 19:18:59,2023-09-05 19:18:59,
5664,3,5664,2022-10-27 19:18:59,2024-08-14 19:18:59,2023-09-05 19:18:59,2023-09-05 19:18:59,
5665,2,5665,2023-03-19 19:18:59,2024-07-14 19:18:59,2023-09-05 19:18:59,2023-09-05 19:18:59,
5666,3,5666,2023-01-24 19:18:59,2024-06-30 19:18:59,2023-09-05 19:18:59,2023-09-05 19:18:59,
5667,1,5667,2023-03-20 19:18:59,2024-06-06 19:18:59,2023-09-05 19:18:59,2023-09-05 19:18:59,
5668,1,5668,2023-03-09 19:18:59,2024-02-02 19:18:59,2023-09-05 19:18:59,2023-09-05 19:18:59,
5669,2,5669,2023-01-07 19:18:59,2024-04-02 19:18:59,2023-09-05 19:18:59,2023-09-05 19:18:59,
5670,3,5670,2023-06-13 19:18:59,2024-07-31 19:18:59,2023-09-05 19:18:59,2023-09-05 19:18:59,
5671,3,5671,2023-06-30 19:18:59,2023-12-27 19:18:59,2023-09-05 19:18:59,2023-09-05 19:18:59,
5672,3,5672,2023-03-11 19:18:59,2024-07-10 19:18:59,2023-09-05 19:18:59,2023-09-05 19:18:59,
5673,1,5673,2022-11-25 19:18:59,2024-03-17 19:18:59,2023-09-05 19:18:59,2023-09-05 19:18:59,
5674,3,5674,2022-11-10 19:18:59,2024-01-09 19:18:59,2023-09-05 19:18:59,2023-09-05 19:18:59,
5675,2,5675,2023-08-23 19:18:59,2024-06-22 19:18:59,2023-09-05 19:18:59,2023-09-05 19:18:59,
5676,3,5676,2023-08-19 19:18:59,2024-06-20 19:18:59,2023-09-05 19:18:59,2023-09-05 19:18:59,
5677,1,5677,2023-04-26 19:18:59,2024-07-19 19:18:59,2023-09-05 19:18:59,2023-09-05 19:18:59,
5678,3,5678,2023-01-15 19:18:59,2024-08-24 19:18:59,2023-09-05 19:18:59,2023-09-05 19:18:59,
5679,1,5679,2023-07-16 19:18:59,2024-04-16 19:18:59,2023-09-05 19:18:59,2023-09-05 19:18:59,
5680,3,5680,2023-03-30 19:18:59,2024-05-02 19:18:59,2023-09-05 19:18:59,2023-09-05 19:18:59,
5681,1,5681,2022-12-21 19:18:59,2024-05-05 19:18:59,2023-09-05 19:18:59,2023-09-05 19:18:59,
5682,3,5682,2023-08-30 19:18:59,2024-01-04 19:18:59,2023-09-05 19:18:59,2023-09-05 19:18:59,
5683,1,5683,2023-08-18 19:18:59,2024-06-10 19:18:59,2023-09-05 19:18:59,2023-09-05 19:18:59,
5684,2,5684,2023-01-04 19:18:59,2023-11-11 19:18:59,2023-09-05 19:18:59,2023-09-05 19:18:59,
5685,1,5685,2023-07-04 19:18:59,2024-08-25 19:18:59,2023-09-05 19:18:59,2023-09-05 19:18:59,
5686,3,5686,2023-01-08 19:18:59,2024-02-05 19:18:59,2023-09-05 19:18:59,2023-09-05 19:18:59,
5687,2,5687,2023-05-15 19:18:59,2023-10-09 19:18:59,2023-09-05 19:18:59,2023-09-05 19:18:59,
5688,2,5688,2022-09-23 19:18:59,2023-10-15 19:18:59,2023-09-05 19:18:59,2023-09-05 19:18:59,
5689,1,5689,2022-12-02 19:18:59,2023-12-31 19:18:59,2023-09-05 19:18:59,2023-09-05 19:18:59,
5690,2,5690,2023-05-25 19:18:59,2023-11-03 19:18:59,2023-09-05 19:18:59,2023-09-05 19:18:59,
5691,2,5691,2023-08-01 19:18:59,2023-12-05 19:18:59,2023-09-05 19:18:59,2023-09-05 19:18:59,
5692,2,5692,2023-03-28 19:18:59,2024-06-30 19:18:59,2023-09-05 19:18:59,2023-09-05 19:18:59,
5693,1,5693,2023-09-05 19:18:59,2023-10-26 19:18:59,2023-09-05 19:18:59,2023-09-05 19:18:59,
5694,3,5694,2023-06-24 19:18:59,2023-12-22 19:18:59,2023-09-05 19:18:59,2023-09-05 19:18:59,
5695,2,5695,2022-10-08 19:18:59,2023-11-11 19:18:59,2023-09-05 19:18:59,2023-09-05 19:18:59,
5696,1,5696,2022-11-18 19:18:59,2023-11-29 19:18:59,2023-09-05 19:18:59,2023-09-05 19:18:59,
5697,2,5697,2023-07-08 19:18:59,2024-07-13 19:18:59,2023-09-05 19:18:59,2023-09-05 19:18:59,
5698,1,5698,2022-12-23 19:18:59,2024-02-14 19:18:59,2023-09-05 19:18:59,2023-09-05 19:18:59,
5699,3,5699,2022-11-11 19:18:59,2024-06-23 19:18:59,2023-09-05 19:18:59,2023-09-05 19:18:59,
5700,2,5700,2023-05-29 19:18:59,2023-11-13 19:18:59,2023-09-05 19:18:59,2023-09-05 19:18:59,
5701,2,5701,2022-11-10 19:18:59,2024-01-31 19:18:59,2023-09-05 19:18:59,2023-09-05 19:18:59,
5702,2,5702,2023-02-18 19:18:59,2024-02-27 19:18:59,2023-09-05 19:18:59,2023-09-05 19:18:59,
5703,2,5703,2023-06-14 19:18:59,2024-01-14 19:18:59,2023-09-05 19:18:59,2023-09-05 19:18:59,
5704,1,5704,2022-12-05 19:18:59,2024-05-15 19:18:59,2023-09-05 19:18:59,2023-09-05 19:18:59,
5705,3,5705,2023-06-18 19:18:59,2023-12-28 19:18:59,2023-09-05 19:18:59,2023-09-05 19:18:59,
5706,1,5706,2022-12-24 19:18:59,2024-07-26 19:18:59,2023-09-05 19:18:59,2023-09-05 19:18:59,
5707,1,5707,2023-06-21 19:18:59,2024-02-21 19:18:59,2023-09-05 19:18:59,2023-09-05 19:18:59,
5708,3,5708,2023-06-07 19:18:59,2024-04-05 19:18:59,2023-09-05 19:18:59,2023-09-05 19:18:59,
5709,3,5709,2023-08-09 19:18:59,2024-03-12 19:18:59,2023-09-05 19:18:59,2023-09-05 19:18:59,
5710,3,5710,2022-11-03 19:18:59,2024-07-31 19:18:59,2023-09-05 19:18:59,2023-09-05 19:18:59,
5711,1,5711,2023-03-19 19:18:59,2024-01-09 19:18:59,2023-09-05 19:18:59,2023-09-05 19:18:59,
5712,3,5712,2022-11-02 19:18:59,2024-06-25 19:18:59,2023-09-05 19:18:59,2023-09-05 19:18:59,
5713,2,5713,2023-01-02 19:18:59,2024-01-24 19:18:59,2023-09-05 19:18:59,2023-09-05 19:18:59,
5714,2,5714,2023-08-23 19:18:59,2024-07-17 19:18:59,2023-09-05 19:18:59,2023-09-05 19:18:59,
5715,1,5715,2022-12-27 19:18:59,2024-07-23 19:18:59,2023-09-05 19:18:59,2023-09-05 19:18:59,
5716,2,5716,2023-07-17 19:18:59,2024-03-05 19:18:59,2023-09-05 19:18:59,2023-09-05 19:18:59,
5717,3,5717,2023-08-06 19:18:59,2023-12-01 19:18:59,2023-09-05 19:18:59,2023-09-05 19:18:59,
5718,3,5718,2023-08-20 19:18:59,2023-11-05 19:18:59,2023-09-05 19:18:59,2023-09-05 19:18:59,
5719,1,5719,2023-01-03 19:18:59,2023-12-21 19:18:59,2023-09-05 19:18:59,2023-09-05 19:18:59,
5720,1,5720,2023-07-21 19:18:59,2023-12-21 19:18:59,2023-09-05 19:18:59,2023-09-05 19:18:59,
5721,2,5721,2022-11-23 19:18:59,2024-05-25 19:18:59,2023-09-05 19:18:59,2023-09-05 19:18:59,
5722,1,5722,2023-03-21 19:18:59,2023-10-17 19:18:59,2023-09-05 19:18:59,2023-09-05 19:18:59,
5723,2,5723,2023-04-19 19:18:59,2024-01-10 19:18:59,2023-09-05 19:18:59,2023-09-05 19:18:59,
5724,3,5724,2023-06-14 19:18:59,2024-08-08 19:18:59,2023-09-05 19:18:59,2023-09-05 19:18:59,
5725,1,5725,2022-10-17 19:18:59,2024-07-24 19:18:59,2023-09-05 19:18:59,2023-09-05 19:18:59,
5726,3,5726,2023-05-24 19:18:59,2024-04-22 19:18:59,2023-09-05 19:18:59,2023-09-05 19:18:59,
5727,1,5727,2023-08-30 19:18:59,2023-12-27 19:18:59,2023-09-05 19:18:59,2023-09-05 19:18:59,
5728,3,5728,2022-12-24 19:18:59,2024-03-17 19:18:59,2023-09-05 19:18:59,2023-09-05 19:18:59,
5729,3,5729,2023-04-23 19:18:59,2024-08-06 19:18:59,2023-09-05 19:18:59,2023-09-05 19:18:59,
5730,3,5730,2023-02-18 19:18:59,2024-04-20 19:18:59,2023-09-05 19:18:59,2023-09-05 19:18:59,
5731,2,5731,2023-05-23 19:18:59,2023-11-11 19:18:59,2023-09-05 19:18:59,2023-09-05 19:18:59,
5732,2,5732,2023-05-22 19:18:59,2024-03-11 19:18:59,2023-09-05 19:18:59,2023-09-05 19:18:59,
5733,2,5733,2022-09-18 19:18:59,2024-06-02 19:18:59,2023-09-05 19:18:59,2023-09-05 19:18:59,
5734,3,5734,2022-10-31 19:18:59,2024-02-09 19:18:59,2023-09-05 19:18:59,2023-09-05 19:18:59,
5735,3,5735,2023-07-23 19:18:59,2024-02-27 19:18:59,2023-09-05 19:18:59,2023-09-05 19:18:59,
5736,1,5736,2023-07-24 19:18:59,2023-12-04 19:18:59,2023-09-05 19:18:59,2023-09-05 19:18:59,
5737,3,5737,2023-08-02 19:18:59,2024-07-23 19:18:59,2023-09-05 19:18:59,2023-09-05 19:18:59,
5738,1,5738,2022-12-15 19:18:59,2024-02-23 19:18:59,2023-09-05 19:18:59,2023-09-05 19:18:59,
5739,3,5739,2023-06-14 19:18:59,2024-06-10 19:18:59,2023-09-05 19:18:59,2023-09-05 19:18:59,
5740,3,5740,2022-11-27 19:18:59,2024-04-30 19:18:59,2023-09-05 19:18:59,2023-09-05 19:18:59,
5741,2,5741,2023-05-08 19:18:59,2023-12-18 19:18:59,2023-09-05 19:18:59,2023-09-05 19:18:59,
5742,1,5742,2023-01-10 19:18:59,2023-10-19 19:18:59,2023-09-05 19:18:59,2023-09-05 19:18:59,
5743,3,5743,2023-01-01 19:18:59,2024-01-04 19:18:59,2023-09-05 19:18:59,2023-09-05 19:18:59,
5744,3,5744,2023-08-30 19:18:59,2023-12-27 19:18:59,2023-09-05 19:18:59,2023-09-05 19:18:59,
5745,3,5745,2022-10-02 19:18:59,2024-01-24 19:18:59,2023-09-05 19:18:59,2023-09-05 19:18:59,
5746,1,5746,2023-08-05 19:18:59,2024-07-05 19:18:59,2023-09-05 19:18:59,2023-09-05 19:18:59,
5747,2,5747,2023-06-29 19:18:59,2024-05-05 19:18:59,2023-09-05 19:18:59,2023-09-05 19:18:59,
5748,2,5748,2023-02-03 19:18:59,2023-12-29 19:18:59,2023-09-05 19:18:59,2023-09-05 19:18:59,
5749,1,5749,2022-11-05 19:18:59,2024-03-04 19:18:59,2023-09-05 19:18:59,2023-09-05 19:18:59,
5750,1,5750,2023-04-11 19:18:59,2024-04-20 19:18:59,2023-09-05 19:18:59,2023-09-05 19:18:59,
5751,3,5751,2023-06-24 19:18:59,2023-10-29 19:18:59,2023-09-05 19:18:59,2023-09-05 19:18:59,
5752,2,5752,2023-02-01 19:18:59,2024-01-04 19:18:59,2023-09-05 19:18:59,2023-09-05 19:18:59,
5753,1,5753,2023-09-04 19:18:59,2023-10-18 19:18:59,2023-09-05 19:18:59,2023-09-05 19:18:59,
5754,3,5754,2023-04-18 19:18:59,2023-12-02 19:18:59,2023-09-05 19:18:59,2023-09-05 19:18:59,
5755,2,5755,2023-07-19 19:18:59,2023-10-11 19:18:59,2023-09-05 19:18:59,2023-09-05 19:18:59,
5756,1,5756,2022-10-18 19:18:59,2024-07-12 19:18:59,2023-09-05 19:18:59,2023-09-05 19:18:59,
5757,2,5757,2023-02-16 19:18:59,2024-06-30 19:18:59,2023-09-05 19:18:59,2023-09-05 19:18:59,
5758,2,5758,2023-01-22 19:18:59,2023-11-15 19:18:59,2023-09-05 19:18:59,2023-09-05 19:18:59,
5759,1,5759,2023-08-31 19:18:59,2024-03-23 19:18:59,2023-09-05 19:18:59,2023-09-05 19:18:59,
5760,1,5760,2023-02-27 19:18:59,2024-06-05 19:18:59,2023-09-05 19:18:59,2023-09-05 19:18:59,
5761,2,5761,2023-04-17 19:18:59,2024-01-19 19:18:59,2023-09-05 19:18:59,2023-09-05 19:18:59,
5762,2,5762,2023-02-21 19:18:59,2023-12-29 19:18:59,2023-09-05 19:18:59,2023-09-05 19:18:59,
5763,2,5763,2023-04-29 19:18:59,2023-11-07 19:18:59,2023-09-05 19:18:59,2023-09-05 19:18:59,
5764,2,5764,2023-07-27 19:18:59,2024-04-04 19:18:59,2023-09-05 19:18:59,2023-09-05 19:18:59,
5765,1,5765,2023-08-21 19:18:59,2024-01-04 19:18:59,2023-09-05 19:18:59,2023-09-05 19:18:59,
5766,2,5766,2023-07-27 19:18:59,2024-08-23 19:18:59,2023-09-05 19:18:59,2023-09-05 19:18:59,
5767,3,5767,2022-10-14 19:18:59,2024-06-21 19:18:59,2023-09-05 19:18:59,2023-09-05 19:18:59,
5768,2,5768,2023-08-12 19:18:59,2024-02-14 19:18:59,2023-09-05 19:18:59,2023-09-05 19:18:59,
5769,3,5769,2023-04-17 19:18:59,2023-12-16 19:18:59,2023-09-05 19:18:59,2023-09-05 19:18:59,
5770,2,5770,2023-04-06 19:18:59,2024-05-06 19:18:59,2023-09-05 19:18:59,2023-09-05 19:18:59,
5771,3,5771,2022-11-27 19:18:59,2023-12-13 19:18:59,2023-09-05 19:18:59,2023-09-05 19:18:59,
5772,2,5772,2023-06-11 19:18:59,2024-09-04 19:18:59,2023-09-05 19:18:59,2023-09-05 19:18:59,
5773,3,5773,2023-01-10 19:18:59,2024-09-01 19:18:59,2023-09-05 19:18:59,2023-09-05 19:18:59,
5774,1,5774,2023-09-04 19:18:59,2023-11-24 19:18:59,2023-09-05 19:18:59,2023-09-05 19:18:59,
5775,3,5775,2023-09-02 19:18:59,2023-11-28 19:18:59,2023-09-05 19:18:59,2023-09-05 19:18:59,
5776,1,5776,2023-06-09 19:18:59,2023-11-04 19:18:59,2023-09-05 19:18:59,2023-09-05 19:18:59,
5777,2,5777,2023-08-18 19:18:59,2024-02-21 19:18:59,2023-09-05 19:18:59,2023-09-05 19:18:59,
5778,1,5778,2022-12-25 19:18:59,2024-04-24 19:18:59,2023-09-05 19:18:59,2023-09-05 19:18:59,
5779,1,5779,2023-06-24 19:18:59,2024-07-27 19:18:59,2023-09-05 19:18:59,2023-09-05 19:18:59,
5780,2,5780,2022-12-13 19:18:59,2024-08-21 19:18:59,2023-09-05 19:18:59,2023-09-05 19:18:59,
5781,1,5781,2023-02-22 19:18:59,2024-03-02 19:18:59,2023-09-05 19:18:59,2023-09-05 19:18:59,
5782,3,5782,2023-04-05 19:18:59,2024-09-01 19:18:59,2023-09-05 19:18:59,2023-09-05 19:18:59,
5783,3,5783,2023-01-27 19:18:59,2023-10-09 19:18:59,2023-09-05 19:18:59,2023-09-05 19:18:59,
5784,3,5784,2023-06-06 19:18:59,2023-10-07 19:18:59,2023-09-05 19:18:59,2023-09-05 19:18:59,
5785,1,5785,2023-04-20 19:18:59,2023-12-16 19:18:59,2023-09-05 19:18:59,2023-09-05 19:18:59,
5786,2,5786,2023-07-09 19:18:59,2024-04-10 19:18:59,2023-09-05 19:18:59,2023-09-05 19:18:59,
5787,2,5787,2023-07-23 19:18:59,2024-09-01 19:18:59,2023-09-05 19:18:59,2023-09-05 19:18:59,
5788,1,5788,2022-12-31 19:18:59,2024-05-11 19:18:59,2023-09-05 19:18:59,2023-09-05 19:18:59,
5789,2,5789,2023-03-07 19:18:59,2024-07-08 19:18:59,2023-09-05 19:18:59,2023-09-05 19:18:59,
5790,3,5790,2023-06-27 19:18:59,2024-07-03 19:18:59,2023-09-05 19:18:59,2023-09-05 19:18:59,
5791,3,5791,2023-03-18 19:18:59,2024-05-22 19:18:59,2023-09-05 19:18:59,2023-09-05 19:18:59,
5792,1,5792,2023-04-21 19:18:59,2024-01-19 19:18:59,2023-09-05 19:18:59,2023-09-05 19:18:59,
5793,1,5793,2023-08-29 19:18:59,2023-11-05 19:18:59,2023-09-05 19:18:59,2023-09-05 19:18:59,
5794,2,5794,2023-04-17 19:18:59,2024-02-09 19:18:59,2023-09-05 19:18:59,2023-09-05 19:18:59,
5795,2,5795,2023-07-12 19:18:59,2024-04-27 19:18:59,2023-09-05 19:18:59,2023-09-05 19:18:59,
5796,1,5796,2023-01-06 19:18:59,2024-06-17 19:18:59,2023-09-05 19:18:59,2023-09-05 19:18:59,
5797,2,5797,2023-06-22 19:18:59,2023-10-23 19:18:59,2023-09-05 19:18:59,2023-09-05 19:18:59,
5798,1,5798,2023-07-01 19:18:59,2024-04-25 19:18:59,2023-09-05 19:18:59,2023-09-05 19:18:59,
5799,2,5799,2022-11-17 19:18:59,2023-10-29 19:18:59,2023-09-05 19:18:59,2023-09-05 19:18:59,
5800,3,5800,2023-07-15 19:18:59,2023-12-12 19:18:59,2023-09-05 19:18:59,2023-09-05 19:18:59,
5801,3,5801,2023-03-20 19:18:59,2024-02-27 19:18:59,2023-09-05 19:18:59,2023-09-05 19:18:59,
5802,2,5802,2023-08-15 19:18:59,2024-06-21 19:18:59,2023-09-05 19:18:59,2023-09-05 19:18:59,
5803,3,5803,2022-11-16 19:18:59,2024-04-04 19:18:59,2023-09-05 19:18:59,2023-09-05 19:18:59,
5804,1,5804,2023-07-07 19:18:59,2024-08-30 19:18:59,2023-09-05 19:18:59,2023-09-05 19:18:59,
5805,3,5805,2023-03-19 19:18:59,2024-08-13 19:18:59,2023-09-05 19:18:59,2023-09-05 19:18:59,
5806,3,5806,2023-08-06 19:18:59,2024-02-22 19:18:59,2023-09-05 19:18:59,2023-09-05 19:18:59,
5807,3,5807,2022-11-14 19:18:59,2024-08-02 19:18:59,2023-09-05 19:18:59,2023-09-05 19:18:59,
5808,1,5808,2023-03-21 19:18:59,2024-03-31 19:18:59,2023-09-05 19:18:59,2023-09-05 19:18:59,
5809,2,5809,2023-04-15 19:18:59,2023-12-27 19:18:59,2023-09-05 19:18:59,2023-09-05 19:18:59,
5810,3,5810,2023-05-06 19:18:59,2024-04-28 19:18:59,2023-09-05 19:18:59,2023-09-05 19:18:59,
5811,2,5811,2022-10-31 19:18:59,2024-06-04 19:18:59,2023-09-05 19:18:59,2023-09-05 19:18:59,
5812,3,5812,2022-11-14 19:18:59,2024-07-17 19:18:59,2023-09-05 19:18:59,2023-09-05 19:18:59,
5813,3,5813,2023-05-11 19:18:59,2024-08-27 19:18:59,2023-09-05 19:18:59,2023-09-05 19:18:59,
5814,3,5814,2023-08-27 19:18:59,2024-04-10 19:18:59,2023-09-05 19:18:59,2023-09-05 19:18:59,
5815,1,5815,2022-11-06 19:18:59,2024-02-04 19:18:59,2023-09-05 19:18:59,2023-09-05 19:18:59,
5816,1,5816,2022-11-04 19:18:59,2024-01-03 19:18:59,2023-09-05 19:18:59,2023-09-05 19:18:59,
5817,2,5817,2023-03-03 19:18:59,2024-03-29 19:18:59,2023-09-05 19:18:59,2023-09-05 19:18:59,
5818,2,5818,2023-08-28 19:18:59,2023-11-24 19:18:59,2023-09-05 19:18:59,2023-09-05 19:18:59,
5819,3,5819,2023-02-06 19:18:59,2024-06-28 19:18:59,2023-09-05 19:18:59,2023-09-05 19:18:59,
5820,3,5820,2022-11-22 19:18:59,2024-08-02 19:18:59,2023-09-05 19:18:59,2023-09-05 19:18:59,
5821,3,5821,2023-04-21 19:18:59,2024-07-27 19:18:59,2023-09-05 19:18:59,2023-09-05 19:18:59,
5822,1,5822,2023-03-16 19:18:59,2024-01-02 19:18:59,2023-09-05 19:18:59,2023-09-05 19:18:59,
5823,3,5823,2022-11-29 19:18:59,2023-12-09 19:18:59,2023-09-05 19:18:59,2023-09-05 19:18:59,
5824,2,5824,2023-05-09 19:18:59,2023-11-05 19:18:59,2023-09-05 19:18:59,2023-09-05 19:18:59,
5825,2,5825,2023-01-26 19:18:59,2024-06-28 19:18:59,2023-09-05 19:18:59,2023-09-05 19:18:59,
5826,3,5826,2022-11-04 19:18:59,2024-02-12 19:18:59,2023-09-05 19:18:59,2023-09-05 19:18:59,
5827,1,5827,2022-10-02 19:18:59,2024-06-25 19:18:59,2023-09-05 19:18:59,2023-09-05 19:18:59,
5828,1,5828,2022-12-28 19:18:59,2024-08-10 19:18:59,2023-09-05 19:18:59,2023-09-05 19:18:59,
5829,3,5829,2022-12-31 19:18:59,2024-02-04 19:18:59,2023-09-05 19:18:59,2023-09-05 19:18:59,
5830,2,5830,2023-08-28 19:18:59,2024-08-30 19:18:59,2023-09-05 19:18:59,2023-09-05 19:18:59,
5831,2,5831,2022-12-30 19:18:59,2024-01-21 19:18:59,2023-09-05 19:18:59,2023-09-05 19:18:59,
5832,3,5832,2023-06-28 19:18:59,2024-02-21 19:18:59,2023-09-05 19:18:59,2023-09-05 19:18:59,
5833,3,5833,2022-10-03 19:18:59,2024-04-08 19:18:59,2023-09-05 19:18:59,2023-09-05 19:18:59,
5834,1,5834,2023-03-04 19:18:59,2024-05-15 19:18:59,2023-09-05 19:18:59,2023-09-05 19:18:59,
5835,3,5835,2023-01-03 19:18:59,2024-03-09 19:18:59,2023-09-05 19:18:59,2023-09-05 19:18:59,
5836,3,5836,2022-09-08 19:18:59,2023-12-11 19:18:59,2023-09-05 19:18:59,2023-09-05 19:18:59,
5837,1,5837,2022-10-18 19:18:59,2024-07-17 19:18:59,2023-09-05 19:18:59,2023-09-05 19:18:59,
5838,1,5838,2022-10-07 19:18:59,2024-07-08 19:18:59,2023-09-05 19:18:59,2023-09-05 19:18:59,
5839,1,5839,2023-08-11 19:18:59,2024-04-01 19:18:59,2023-09-05 19:18:59,2023-09-05 19:18:59,
5840,3,5840,2023-03-15 19:18:59,2023-10-18 19:18:59,2023-09-05 19:18:59,2023-09-05 19:18:59,
5841,3,5841,2022-12-14 19:18:59,2024-05-06 19:18:59,2023-09-05 19:18:59,2023-09-05 19:18:59,
5842,3,5842,2023-06-02 19:18:59,2024-07-13 19:18:59,2023-09-05 19:18:59,2023-09-05 19:18:59,
5843,2,5843,2022-11-07 19:18:59,2024-07-05 19:18:59,2023-09-05 19:18:59,2023-09-05 19:18:59,
5844,2,5844,2023-04-05 19:18:59,2023-10-08 19:18:59,2023-09-05 19:18:59,2023-09-05 19:18:59,
5845,3,5845,2023-07-12 19:18:59,2024-02-21 19:18:59,2023-09-05 19:18:59,2023-09-05 19:18:59,
5846,3,5846,2023-09-04 19:18:59,2024-06-12 19:18:59,2023-09-05 19:18:59,2023-09-05 19:18:59,
5847,2,5847,2022-09-18 19:18:59,2024-01-29 19:18:59,2023-09-05 19:18:59,2023-09-05 19:18:59,
5848,2,5848,2023-03-12 19:18:59,2024-01-31 19:18:59,2023-09-05 19:18:59,2023-09-05 19:18:59,
5849,1,5849,2023-06-10 19:18:59,2024-04-12 19:18:59,2023-09-05 19:18:59,2023-09-05 19:18:59,
5850,2,5850,2022-12-15 19:18:59,2024-06-14 19:18:59,2023-09-05 19:18:59,2023-09-05 19:18:59,
5851,1,5851,2023-02-03 19:18:59,2024-08-14 19:18:59,2023-09-05 19:18:59,2023-09-05 19:18:59,
5852,1,5852,2023-04-19 19:18:59,2024-06-07 19:18:59,2023-09-05 19:18:59,2023-09-05 19:18:59,
5853,3,5853,2023-02-19 19:18:59,2023-11-27 19:18:59,2023-09-05 19:18:59,2023-09-05 19:18:59,
5854,3,5854,2023-03-27 19:18:59,2024-02-09 19:18:59,2023-09-05 19:18:59,2023-09-05 19:18:59,
5855,2,5855,2022-11-04 19:18:59,2023-10-19 19:18:59,2023-09-05 19:18:59,2023-09-05 19:18:59,
5856,1,5856,2023-04-12 19:18:59,2024-08-18 19:18:59,2023-09-05 19:18:59,2023-09-05 19:18:59,
5857,2,5857,2023-07-26 19:18:59,2024-01-15 19:18:59,2023-09-05 19:18:59,2023-09-05 19:18:59,
5858,3,5858,2022-12-19 19:18:59,2024-01-07 19:18:59,2023-09-05 19:18:59,2023-09-05 19:18:59,
5859,1,5859,2023-01-02 19:18:59,2024-04-21 19:18:59,2023-09-05 19:18:59,2023-09-05 19:18:59,
5860,3,5860,2022-09-18 19:18:59,2024-07-15 19:18:59,2023-09-05 19:18:59,2023-09-05 19:18:59,
5861,2,5861,2023-03-29 19:18:59,2023-11-24 19:18:59,2023-09-05 19:18:59,2023-09-05 19:18:59,
5862,3,5862,2023-04-08 19:18:59,2024-06-03 19:18:59,2023-09-05 19:18:59,2023-09-05 19:18:59,
5863,2,5863,2022-09-26 19:18:59,2024-06-18 19:18:59,2023-09-05 19:18:59,2023-09-05 19:18:59,
5864,3,5864,2022-09-22 19:18:59,2024-02-26 19:18:59,2023-09-05 19:18:59,2023-09-05 19:18:59,
5865,2,5865,2023-09-04 19:18:59,2024-02-09 19:18:59,2023-09-05 19:18:59,2023-09-05 19:18:59,
5866,1,5866,2022-09-16 19:18:59,2024-03-09 19:18:59,2023-09-05 19:18:59,2023-09-05 19:18:59,
5867,1,5867,2023-03-16 19:18:59,2024-04-09 19:18:59,2023-09-05 19:18:59,2023-09-05 19:18:59,
5868,3,5868,2023-02-27 19:18:59,2024-02-01 19:18:59,2023-09-05 19:18:59,2023-09-05 19:18:59,
5869,2,5869,2022-09-30 19:18:59,2024-06-04 19:18:59,2023-09-05 19:18:59,2023-09-05 19:18:59,
5870,2,5870,2022-12-22 19:18:59,2024-07-05 19:18:59,2023-09-05 19:18:59,2023-09-05 19:18:59,
5871,2,5871,2023-04-13 19:18:59,2024-08-18 19:18:59,2023-09-05 19:18:59,2023-09-05 19:18:59,
5872,3,5872,2023-02-14 19:18:59,2024-02-11 19:18:59,2023-09-05 19:18:59,2023-09-05 19:18:59,
5873,1,5873,2022-10-03 19:18:59,2024-06-30 19:18:59,2023-09-05 19:18:59,2023-09-05 19:18:59,
5874,1,5874,2022-11-10 19:18:59,2023-10-18 19:18:59,2023-09-05 19:18:59,2023-09-05 19:18:59,
5875,2,5875,2023-07-02 19:18:59,2023-11-04 19:18:59,2023-09-05 19:18:59,2023-09-05 19:18:59,
5876,2,5876,2022-10-03 19:18:59,2024-05-13 19:18:59,2023-09-05 19:18:59,2023-09-05 19:18:59,
5877,1,5877,2022-11-13 19:18:59,2024-04-14 19:18:59,2023-09-05 19:18:59,2023-09-05 19:18:59,
5878,2,5878,2022-10-23 19:18:59,2024-03-03 19:18:59,2023-09-05 19:18:59,2023-09-05 19:18:59,
5879,3,5879,2023-07-04 19:18:59,2023-10-15 19:18:59,2023-09-05 19:18:59,2023-09-05 19:18:59,
5880,3,5880,2022-10-19 19:18:59,2024-04-28 19:18:59,2023-09-05 19:18:59,2023-09-05 19:18:59,
5881,2,5881,2023-03-10 19:18:59,2024-02-03 19:18:59,2023-09-05 19:18:59,2023-09-05 19:18:59,
5882,1,5882,2022-10-08 19:18:59,2023-12-17 19:18:59,2023-09-05 19:18:59,2023-09-05 19:18:59,
5883,1,5883,2023-02-11 19:18:59,2024-06-05 19:18:59,2023-09-05 19:18:59,2023-09-05 19:18:59,
5884,3,5884,2023-08-19 19:18:59,2024-02-28 19:18:59,2023-09-05 19:18:59,2023-09-05 19:18:59,
5885,2,5885,2023-01-30 19:18:59,2024-03-28 19:18:59,2023-09-05 19:18:59,2023-09-05 19:18:59,
5886,3,5886,2023-02-17 19:18:59,2024-07-06 19:18:59,2023-09-05 19:18:59,2023-09-05 19:18:59,
5887,3,5887,2022-11-19 19:18:59,2023-10-25 19:18:59,2023-09-05 19:18:59,2023-09-05 19:18:59,
5888,3,5888,2023-08-18 19:18:59,2024-08-31 19:18:59,2023-09-05 19:18:59,2023-09-05 19:18:59,
5889,2,5889,2023-04-05 19:18:59,2024-02-06 19:18:59,2023-09-05 19:18:59,2023-09-05 19:18:59,
5890,3,5890,2022-10-07 19:18:59,2024-01-28 19:18:59,2023-09-05 19:18:59,2023-09-05 19:18:59,
5891,2,5891,2023-06-26 19:18:59,2023-11-06 19:18:59,2023-09-05 19:18:59,2023-09-05 19:18:59,
5892,2,5892,2023-03-21 19:18:59,2024-07-02 19:18:59,2023-09-05 19:18:59,2023-09-05 19:18:59,
5893,1,5893,2023-08-08 19:18:59,2024-01-27 19:18:59,2023-09-05 19:18:59,2023-09-05 19:18:59,
5894,1,5894,2023-06-11 19:18:59,2024-03-29 19:18:59,2023-09-05 19:18:59,2023-09-05 19:18:59,
5895,2,5895,2023-02-05 19:18:59,2024-04-06 19:18:59,2023-09-05 19:18:59,2023-09-05 19:18:59,
5896,3,5896,2023-04-17 19:18:59,2024-02-17 19:18:59,2023-09-05 19:18:59,2023-09-05 19:18:59,
5897,3,5897,2023-01-10 19:18:59,2023-12-12 19:18:59,2023-09-05 19:18:59,2023-09-05 19:18:59,
5898,2,5898,2022-11-09 19:18:59,2024-01-17 19:18:59,2023-09-05 19:18:59,2023-09-05 19:18:59,
5899,3,5899,2023-02-05 19:18:59,2024-03-09 19:18:59,2023-09-05 19:18:59,2023-09-05 19:18:59,
5900,2,5900,2023-05-12 19:18:59,2024-01-23 19:18:59,2023-09-05 19:18:59,2023-09-05 19:18:59,
5901,1,5901,2023-01-03 19:18:59,2023-11-08 19:18:59,2023-09-05 19:18:59,2023-09-05 19:18:59,
5902,2,5902,2023-05-04 19:18:59,2024-07-19 19:18:59,2023-09-05 19:18:59,2023-09-05 19:18:59,
5903,3,5903,2023-08-28 19:18:59,2024-07-08 19:18:59,2023-09-05 19:18:59,2023-09-05 19:18:59,
5904,2,5904,2022-09-26 19:18:59,2024-01-28 19:18:59,2023-09-05 19:18:59,2023-09-05 19:18:59,
5905,2,5905,2023-05-31 19:18:59,2024-06-21 19:18:59,2023-09-05 19:18:59,2023-09-05 19:18:59,
5906,1,5906,2023-03-15 19:18:59,2024-05-12 19:18:59,2023-09-05 19:18:59,2023-09-05 19:18:59,
5907,2,5907,2023-03-08 19:18:59,2024-02-13 19:18:59,2023-09-05 19:18:59,2023-09-05 19:18:59,
5908,2,5908,2022-11-03 19:18:59,2024-08-11 19:18:59,2023-09-05 19:18:59,2023-09-05 19:18:59,
5909,2,5909,2022-12-10 19:18:59,2024-09-04 19:18:59,2023-09-05 19:18:59,2023-09-05 19:18:59,
5910,2,5910,2023-08-04 19:18:59,2024-05-18 19:18:59,2023-09-05 19:18:59,2023-09-05 19:18:59,
5911,1,5911,2023-01-12 19:18:59,2024-02-14 19:18:59,2023-09-05 19:18:59,2023-09-05 19:18:59,
5912,3,5912,2023-09-02 19:18:59,2024-05-13 19:18:59,2023-09-05 19:18:59,2023-09-05 19:18:59,
5913,1,5913,2023-02-28 19:18:59,2023-10-27 19:18:59,2023-09-05 19:18:59,2023-09-05 19:18:59,
5914,1,5914,2022-12-06 19:18:59,2024-04-22 19:18:59,2023-09-05 19:18:59,2023-09-05 19:18:59,
5915,1,5915,2023-02-04 19:18:59,2024-02-27 19:18:59,2023-09-05 19:18:59,2023-09-05 19:18:59,
5916,3,5916,2023-02-02 19:18:59,2024-04-12 19:18:59,2023-09-05 19:18:59,2023-09-05 19:18:59,
5917,1,5917,2023-08-27 19:18:59,2024-01-20 19:18:59,2023-09-05 19:18:59,2023-09-05 19:18:59,
5918,1,5918,2023-02-06 19:18:59,2024-03-27 19:18:59,2023-09-05 19:18:59,2023-09-05 19:18:59,
5919,1,5919,2023-01-05 19:18:59,2024-05-28 19:18:59,2023-09-05 19:18:59,2023-09-05 19:18:59,
5920,3,5920,2022-09-08 19:18:59,2024-08-23 19:18:59,2023-09-05 19:18:59,2023-09-05 19:18:59,
5921,3,5921,2022-12-17 19:18:59,2023-12-15 19:18:59,2023-09-05 19:18:59,2023-09-05 19:18:59,
5922,1,5922,2023-08-21 19:18:59,2023-10-22 19:18:59,2023-09-05 19:18:59,2023-09-05 19:18:59,
5923,3,5923,2023-05-10 19:18:59,2024-03-16 19:18:59,2023-09-05 19:18:59,2023-09-05 19:18:59,
5924,1,5924,2023-07-27 19:18:59,2023-12-13 19:18:59,2023-09-05 19:18:59,2023-09-05 19:18:59,
5925,1,5925,2023-07-16 19:18:59,2024-05-06 19:18:59,2023-09-05 19:18:59,2023-09-05 19:18:59,
5926,2,5926,2023-05-28 19:18:59,2024-06-04 19:18:59,2023-09-05 19:18:59,2023-09-05 19:18:59,
5927,2,5927,2023-05-26 19:18:59,2024-02-19 19:18:59,2023-09-05 19:18:59,2023-09-05 19:18:59,
5928,2,5928,2022-12-26 19:18:59,2023-12-12 19:18:59,2023-09-05 19:18:59,2023-09-05 19:18:59,
5929,3,5929,2023-03-15 19:18:59,2024-02-12 19:18:59,2023-09-05 19:18:59,2023-09-05 19:18:59,
5930,2,5930,2023-01-14 19:18:59,2023-10-19 19:18:59,2023-09-05 19:18:59,2023-09-05 19:18:59,
5931,1,5931,2023-03-16 19:18:59,2024-06-14 19:18:59,2023-09-05 19:18:59,2023-09-05 19:18:59,
5932,3,5932,2022-09-23 19:18:59,2024-01-16 19:18:59,2023-09-05 19:18:59,2023-09-05 19:18:59,
5933,1,5933,2023-06-20 19:18:59,2024-04-17 19:18:59,2023-09-05 19:18:59,2023-09-05 19:18:59,
5934,1,5934,2023-07-05 19:18:59,2024-04-10 19:18:59,2023-09-05 19:18:59,2023-09-05 19:18:59,
5935,2,5935,2023-07-27 19:18:59,2023-12-09 19:18:59,2023-09-05 19:18:59,2023-09-05 19:18:59,
5936,2,5936,2023-02-16 19:18:59,2024-03-29 19:18:59,2023-09-05 19:18:59,2023-09-05 19:18:59,
5937,1,5937,2023-03-22 19:18:59,2023-10-08 19:18:59,2023-09-05 19:18:59,2023-09-05 19:18:59,
5938,3,5938,2023-01-06 19:18:59,2023-10-25 19:18:59,2023-09-05 19:18:59,2023-09-05 19:18:59,
5939,1,5939,2023-05-14 19:18:59,2024-08-04 19:18:59,2023-09-05 19:18:59,2023-09-05 19:18:59,
5940,2,5940,2023-04-25 19:18:59,2024-05-18 19:18:59,2023-09-05 19:18:59,2023-09-05 19:18:59,
5941,3,5941,2023-06-01 19:18:59,2024-07-11 19:18:59,2023-09-05 19:18:59,2023-09-05 19:18:59,
5942,1,5942,2023-08-12 19:18:59,2024-01-05 19:18:59,2023-09-05 19:18:59,2023-09-05 19:18:59,
5943,1,5943,2022-12-15 19:18:59,2024-08-13 19:18:59,2023-09-05 19:18:59,2023-09-05 19:18:59,
5944,1,5944,2023-07-13 19:18:59,2024-06-04 19:18:59,2023-09-05 19:18:59,2023-09-05 19:18:59,
5945,1,5945,2023-07-15 19:18:59,2024-06-14 19:18:59,2023-09-05 19:18:59,2023-09-05 19:18:59,
5946,2,5946,2022-10-19 19:18:59,2024-05-15 19:18:59,2023-09-05 19:18:59,2023-09-05 19:18:59,
5947,1,5947,2023-01-19 19:18:59,2024-05-25 19:18:59,2023-09-05 19:18:59,2023-09-05 19:18:59,
5948,3,5948,2023-01-18 19:18:59,2023-12-01 19:18:59,2023-09-05 19:18:59,2023-09-05 19:18:59,
5949,1,5949,2023-05-27 19:18:59,2024-06-28 19:18:59,2023-09-05 19:18:59,2023-09-05 19:18:59,
5950,3,5950,2023-07-20 19:18:59,2024-04-21 19:18:59,2023-09-05 19:18:59,2023-09-05 19:18:59,
5951,1,5951,2023-08-23 19:18:59,2024-05-20 19:18:59,2023-09-05 19:18:59,2023-09-05 19:18:59,
5952,3,5952,2023-07-27 19:18:59,2024-03-18 19:18:59,2023-09-05 19:18:59,2023-09-05 19:18:59,
5953,3,5953,2022-11-05 19:18:59,2023-12-11 19:18:59,2023-09-05 19:18:59,2023-09-05 19:18:59,
5954,1,5954,2022-12-12 19:18:59,2024-08-19 19:18:59,2023-09-05 19:18:59,2023-09-05 19:18:59,
5955,3,5955,2023-05-10 19:18:59,2023-12-04 19:18:59,2023-09-05 19:18:59,2023-09-05 19:18:59,
5956,1,5956,2023-08-05 19:18:59,2024-08-09 19:18:59,2023-09-05 19:18:59,2023-09-05 19:18:59,
5957,3,5957,2023-05-13 19:18:59,2024-08-28 19:18:59,2023-09-05 19:18:59,2023-09-05 19:18:59,
5958,1,5958,2023-08-18 19:18:59,2024-05-21 19:18:59,2023-09-05 19:18:59,2023-09-05 19:18:59,
5959,1,5959,2023-02-22 19:18:59,2024-01-31 19:18:59,2023-09-05 19:18:59,2023-09-05 19:18:59,
5960,3,5960,2023-02-08 19:18:59,2024-08-31 19:18:59,2023-09-05 19:18:59,2023-09-05 19:18:59,
5961,3,5961,2023-08-05 19:18:59,2024-04-16 19:18:59,2023-09-05 19:18:59,2023-09-05 19:18:59,
5962,2,5962,2023-07-20 19:18:59,2023-11-24 19:18:59,2023-09-05 19:18:59,2023-09-05 19:18:59,
5963,2,5963,2022-11-02 19:18:59,2023-10-23 19:18:59,2023-09-05 19:18:59,2023-09-05 19:18:59,
5964,1,5964,2023-05-23 19:18:59,2024-05-24 19:18:59,2023-09-05 19:18:59,2023-09-05 19:18:59,
5965,2,5965,2023-01-21 19:18:59,2024-04-22 19:18:59,2023-09-05 19:18:59,2023-09-05 19:18:59,
5966,2,5966,2023-02-02 19:18:59,2023-11-30 19:18:59,2023-09-05 19:18:59,2023-09-05 19:18:59,
5967,2,5967,2023-01-20 19:18:59,2024-06-12 19:18:59,2023-09-05 19:18:59,2023-09-05 19:18:59,
5968,2,5968,2023-06-20 19:18:59,2024-01-26 19:18:59,2023-09-05 19:18:59,2023-09-05 19:18:59,
5969,2,5969,2023-02-26 19:18:59,2024-05-22 19:18:59,2023-09-05 19:18:59,2023-09-05 19:18:59,
5970,2,5970,2022-12-02 19:18:59,2024-06-24 19:18:59,2023-09-05 19:18:59,2023-09-05 19:18:59,
5971,1,5971,2023-07-14 19:18:59,2024-03-26 19:18:59,2023-09-05 19:18:59,2023-09-05 19:18:59,
5972,3,5972,2023-05-03 19:18:59,2024-07-06 19:18:59,2023-09-05 19:18:59,2023-09-05 19:18:59,
5973,2,5973,2023-04-07 19:18:59,2024-06-02 19:18:59,2023-09-05 19:18:59,2023-09-05 19:18:59,
5974,3,5974,2023-07-20 19:18:59,2024-08-03 19:18:59,2023-09-05 19:18:59,2023-09-05 19:18:59,
5975,3,5975,2023-04-16 19:18:59,2023-10-13 19:18:59,2023-09-05 19:18:59,2023-09-05 19:18:59,
5976,1,5976,2023-02-22 19:18:59,2024-07-12 19:18:59,2023-09-05 19:18:59,2023-09-05 19:18:59,
5977,2,5977,2022-09-27 19:18:59,2024-05-14 19:18:59,2023-09-05 19:18:59,2023-09-05 19:18:59,
5978,2,5978,2022-09-25 19:18:59,2024-04-04 19:18:59,2023-09-05 19:18:59,2023-09-05 19:18:59,
5979,1,5979,2022-11-24 19:18:59,2024-01-10 19:18:59,2023-09-05 19:18:59,2023-09-05 19:18:59,
5980,3,5980,2023-05-26 19:18:59,2023-12-19 19:18:59,2023-09-05 19:18:59,2023-09-05 19:18:59,
5981,2,5981,2023-04-13 19:18:59,2023-11-30 19:18:59,2023-09-05 19:18:59,2023-09-05 19:18:59,
5982,2,5982,2023-04-04 19:18:59,2023-10-24 19:18:59,2023-09-05 19:18:59,2023-09-05 19:18:59,
5983,1,5983,2022-12-04 19:18:59,2024-08-10 19:18:59,2023-09-05 19:18:59,2023-09-05 19:18:59,
5984,1,5984,2022-12-13 19:18:59,2023-11-07 19:18:59,2023-09-05 19:18:59,2023-09-05 19:18:59,
5985,1,5985,2023-05-19 19:18:59,2024-08-14 19:18:59,2023-09-05 19:18:59,2023-09-05 19:18:59,
5986,3,5986,2022-10-29 19:18:59,2024-07-06 19:18:59,2023-09-05 19:18:59,2023-09-05 19:18:59,
5987,2,5987,2023-04-09 19:18:59,2024-08-05 19:18:59,2023-09-05 19:18:59,2023-09-05 19:18:59,
5988,3,5988,2022-09-12 19:18:59,2023-11-30 19:18:59,2023-09-05 19:18:59,2023-09-05 19:18:59,
5989,3,5989,2023-05-22 19:18:59,2024-08-03 19:18:59,2023-09-05 19:18:59,2023-09-05 19:18:59,
5990,1,5990,2023-07-02 19:18:59,2024-05-27 19:18:59,2023-09-05 19:18:59,2023-09-05 19:18:59,
5991,3,5991,2022-10-16 19:18:59,2024-04-30 19:18:59,2023-09-05 19:18:59,2023-09-05 19:18:59,
5992,1,5992,2023-01-10 19:18:59,2024-04-15 19:18:59,2023-09-05 19:18:59,2023-09-05 19:18:59,
5993,1,5993,2023-08-06 19:18:59,2023-11-28 19:18:59,2023-09-05 19:18:59,2023-09-05 19:18:59,
5994,2,5994,2023-04-10 19:18:59,2024-05-15 19:18:59,2023-09-05 19:18:59,2023-09-05 19:18:59,
5995,3,5995,2023-02-05 19:18:59,2023-12-19 19:18:59,2023-09-05 19:18:59,2023-09-05 19:18:59,
5996,2,5996,2023-06-03 19:18:59,2024-02-23 19:18:59,2023-09-05 19:18:59,2023-09-05 19:18:59,
5997,3,5997,2023-06-04 19:18:59,2024-08-29 19:18:59,2023-09-05 19:18:59,2023-09-05 19:18:59,
5998,3,5998,2023-08-25 19:18:59,2023-11-20 19:18:59,2023-09-05 19:18:59,2023-09-05 19:18:59,
5999,1,5999,2023-05-11 19:18:59,2024-01-30 19:18:59,2023-09-05 19:18:59,2023-09-05 19:18:59,
6000,3,6000,2022-11-29 19:18:59,2023-12-09 19:18:59,2023-09-05 19:18:59,2023-09-05 19:18:59,
6001,2,6001,2023-06-14 19:18:59,2024-05-16 19:18:59,2023-09-05 19:18:59,2023-09-05 19:18:59,
6002,3,6002,2023-08-16 19:18:59,2024-08-10 19:18:59,2023-09-05 19:18:59,2023-09-05 19:18:59,
6003,1,6003,2022-12-29 19:18:59,2024-08-20 19:18:59,2023-09-05 19:18:59,2023-09-05 19:18:59,
6004,1,6004,2023-08-27 19:18:59,2024-08-18 19:18:59,2023-09-05 19:18:59,2023-09-05 19:18:59,
6005,3,6005,2022-09-28 19:18:59,2023-10-26 19:18:59,2023-09-05 19:18:59,2023-09-05 19:18:59,
6006,1,6006,2023-05-29 19:18:59,2023-11-13 19:18:59,2023-09-05 19:18:59,2023-09-05 19:18:59,
6007,3,6007,2023-06-08 19:18:59,2024-06-08 19:18:59,2023-09-05 19:18:59,2023-09-05 19:18:59,
6008,3,6008,2023-04-24 19:18:59,2024-01-06 19:18:59,2023-09-05 19:18:59,2023-09-05 19:18:59,
6009,1,6009,2023-06-03 19:18:59,2024-03-30 19:18:59,2023-09-05 19:18:59,2023-09-05 19:18:59,
6010,2,6010,2023-03-28 19:18:59,2024-05-09 19:18:59,2023-09-05 19:18:59,2023-09-05 19:18:59,
6011,3,6011,2022-12-09 19:18:59,2024-06-05 19:18:59,2023-09-05 19:18:59,2023-09-05 19:18:59,
6012,3,6012,2022-11-06 19:18:59,2024-01-26 19:18:59,2023-09-05 19:18:59,2023-09-05 19:18:59,
6013,1,6013,2022-09-07 19:18:59,2024-03-26 19:18:59,2023-09-05 19:18:59,2023-09-05 19:18:59,
6014,1,6014,2022-10-21 19:18:59,2024-08-14 19:18:59,2023-09-05 19:18:59,2023-09-05 19:18:59,
6015,1,6015,2023-03-21 19:18:59,2024-08-24 19:18:59,2023-09-05 19:18:59,2023-09-05 19:18:59,
6016,3,6016,2023-06-24 19:18:59,2024-04-03 19:18:59,2023-09-05 19:18:59,2023-09-05 19:18:59,
6017,3,6017,2023-02-16 19:18:59,2024-02-03 19:18:59,2023-09-05 19:18:59,2023-09-05 19:18:59,
6018,2,6018,2023-01-25 19:18:59,2024-04-27 19:18:59,2023-09-05 19:18:59,2023-09-05 19:18:59,
6019,2,6019,2023-06-01 19:18:59,2024-06-09 19:18:59,2023-09-05 19:18:59,2023-09-05 19:18:59,
6020,1,6020,2023-08-20 19:18:59,2023-10-09 19:18:59,2023-09-05 19:18:59,2023-09-05 19:18:59,
6021,1,6021,2023-05-06 19:18:59,2024-06-04 19:18:59,2023-09-05 19:18:59,2023-09-05 19:18:59,
6022,3,6022,2023-07-19 19:18:59,2024-02-20 19:18:59,2023-09-05 19:18:59,2023-09-05 19:18:59,
6023,1,6023,2022-12-28 19:18:59,2023-11-09 19:18:59,2023-09-05 19:18:59,2023-09-05 19:18:59,
6024,2,6024,2023-05-14 19:18:59,2024-01-05 19:18:59,2023-09-05 19:18:59,2023-09-05 19:18:59,
6025,1,6025,2022-10-14 19:18:59,2024-04-21 19:18:59,2023-09-05 19:18:59,2023-09-05 19:18:59,
6026,3,6026,2023-02-13 19:18:59,2023-11-17 19:18:59,2023-09-05 19:18:59,2023-09-05 19:18:59,
6027,3,6027,2023-04-09 19:18:59,2023-10-28 19:18:59,2023-09-05 19:18:59,2023-09-05 19:18:59,
6028,3,6028,2023-02-16 19:18:59,2024-04-13 19:18:59,2023-09-05 19:18:59,2023-09-05 19:18:59,
6029,2,6029,2023-06-08 19:18:59,2024-08-23 19:18:59,2023-09-05 19:18:59,2023-09-05 19:18:59,
6030,2,6030,2023-03-26 19:18:59,2024-08-10 19:18:59,2023-09-05 19:18:59,2023-09-05 19:18:59,
6031,3,6031,2023-04-17 19:18:59,2024-06-22 19:18:59,2023-09-05 19:18:59,2023-09-05 19:18:59,
6032,1,6032,2023-07-08 19:18:59,2024-03-21 19:18:59,2023-09-05 19:18:59,2023-09-05 19:18:59,
6033,3,6033,2023-02-23 19:18:59,2024-07-24 19:18:59,2023-09-05 19:18:59,2023-09-05 19:18:59,
6034,2,6034,2022-09-05 19:18:59,2024-06-07 19:18:59,2023-09-05 19:18:59,2023-09-05 19:18:59,
6035,3,6035,2023-01-09 19:18:59,2024-02-20 19:18:59,2023-09-05 19:18:59,2023-09-05 19:18:59,
6036,1,6036,2022-09-06 19:18:59,2024-04-03 19:18:59,2023-09-05 19:18:59,2023-09-05 19:18:59,
6037,3,6037,2023-03-26 19:18:59,2024-08-30 19:18:59,2023-09-05 19:18:59,2023-09-05 19:18:59,
6038,1,6038,2022-11-22 19:18:59,2024-04-27 19:18:59,2023-09-05 19:18:59,2023-09-05 19:18:59,
6039,2,6039,2022-10-16 19:18:59,2024-07-22 19:18:59,2023-09-05 19:18:59,2023-09-05 19:18:59,
6040,1,6040,2022-11-17 19:18:59,2024-08-31 19:18:59,2023-09-05 19:18:59,2023-09-05 19:18:59,
6041,3,6041,2023-04-03 19:18:59,2024-08-14 19:18:59,2023-09-05 19:18:59,2023-09-05 19:18:59,
6042,1,6042,2022-10-16 19:18:59,2023-11-02 19:18:59,2023-09-05 19:18:59,2023-09-05 19:18:59,
6043,1,6043,2023-01-18 19:18:59,2024-01-13 19:18:59,2023-09-05 19:18:59,2023-09-05 19:18:59,
6044,3,6044,2023-01-17 19:18:59,2024-06-23 19:18:59,2023-09-05 19:18:59,2023-09-05 19:18:59,
6045,2,6045,2023-01-19 19:18:59,2024-05-10 19:18:59,2023-09-05 19:18:59,2023-09-05 19:18:59,
6046,1,6046,2023-05-09 19:18:59,2024-02-16 19:18:59,2023-09-05 19:18:59,2023-09-05 19:18:59,
6047,2,6047,2023-08-06 19:18:59,2023-11-28 19:18:59,2023-09-05 19:18:59,2023-09-05 19:18:59,
6048,3,6048,2023-04-20 19:18:59,2024-07-19 19:18:59,2023-09-05 19:18:59,2023-09-05 19:18:59,
6049,2,6049,2023-06-28 19:18:59,2023-11-16 19:18:59,2023-09-05 19:18:59,2023-09-05 19:18:59,
6050,3,6050,2022-11-11 19:18:59,2024-02-21 19:18:59,2023-09-05 19:18:59,2023-09-05 19:18:59,
6051,2,6051,2022-12-21 19:18:59,2024-04-12 19:18:59,2023-09-05 19:18:59,2023-09-05 19:18:59,
6052,2,6052,2023-03-22 19:18:59,2024-06-01 19:18:59,2023-09-05 19:18:59,2023-09-05 19:18:59,
6053,3,6053,2022-10-05 19:18:59,2024-02-28 19:18:59,2023-09-05 19:18:59,2023-09-05 19:18:59,
6054,1,6054,2022-12-29 19:18:59,2024-05-07 19:18:59,2023-09-05 19:18:59,2023-09-05 19:18:59,
6055,2,6055,2022-12-23 19:18:59,2023-12-18 19:18:59,2023-09-05 19:18:59,2023-09-05 19:18:59,
6056,1,6056,2023-09-03 19:18:59,2023-12-12 19:18:59,2023-09-05 19:18:59,2023-09-05 19:18:59,
6057,1,6057,2023-07-24 19:18:59,2024-05-16 19:18:59,2023-09-05 19:18:59,2023-09-05 19:18:59,
6058,2,6058,2023-08-01 19:18:59,2024-01-22 19:18:59,2023-09-05 19:18:59,2023-09-05 19:18:59,
6059,1,6059,2022-12-07 19:18:59,2024-04-18 19:18:59,2023-09-05 19:18:59,2023-09-05 19:18:59,
6060,3,6060,2023-04-26 19:18:59,2024-01-01 19:18:59,2023-09-05 19:18:59,2023-09-05 19:18:59,
6061,2,6061,2022-11-23 19:18:59,2024-03-02 19:18:59,2023-09-05 19:18:59,2023-09-05 19:18:59,
6062,2,6062,2022-12-16 19:18:59,2024-04-05 19:18:59,2023-09-05 19:18:59,2023-09-05 19:18:59,
6063,2,6063,2022-10-02 19:18:59,2024-08-02 19:18:59,2023-09-05 19:18:59,2023-09-05 19:18:59,
6064,2,6064,2023-02-24 19:18:59,2024-02-06 19:18:59,2023-09-05 19:18:59,2023-09-05 19:18:59,
6065,3,6065,2023-05-03 19:18:59,2024-01-22 19:18:59,2023-09-05 19:18:59,2023-09-05 19:18:59,
6066,1,6066,2023-08-28 19:18:59,2023-11-02 19:18:59,2023-09-05 19:18:59,2023-09-05 19:18:59,
6067,3,6067,2023-08-14 19:18:59,2024-07-08 19:18:59,2023-09-05 19:18:59,2023-09-05 19:18:59,
6068,1,6068,2023-06-16 19:18:59,2024-04-05 19:18:59,2023-09-05 19:18:59,2023-09-05 19:18:59,
6069,3,6069,2023-06-01 19:18:59,2023-10-07 19:18:59,2023-09-05 19:18:59,2023-09-05 19:18:59,
6070,1,6070,2023-01-29 19:18:59,2024-01-12 19:18:59,2023-09-05 19:18:59,2023-09-05 19:18:59,
6071,1,6071,2022-10-09 19:18:59,2024-07-26 19:18:59,2023-09-05 19:18:59,2023-09-05 19:18:59,
6072,1,6072,2022-09-21 19:18:59,2024-01-31 19:18:59,2023-09-05 19:18:59,2023-09-05 19:18:59,
6073,2,6073,2022-10-22 19:18:59,2024-03-21 19:18:59,2023-09-05 19:18:59,2023-09-05 19:18:59,
6074,3,6074,2023-06-02 19:18:59,2024-07-31 19:18:59,2023-09-05 19:18:59,2023-09-05 19:18:59,
6075,2,6075,2023-01-25 19:18:59,2023-12-05 19:18:59,2023-09-05 19:18:59,2023-09-05 19:18:59,
6076,1,6076,2023-06-21 19:18:59,2024-07-26 19:18:59,2023-09-05 19:18:59,2023-09-05 19:18:59,
6077,2,6077,2023-04-30 19:18:59,2024-05-30 19:18:59,2023-09-05 19:18:59,2023-09-05 19:18:59,
6078,3,6078,2023-04-21 19:18:59,2024-06-04 19:18:59,2023-09-05 19:18:59,2023-09-05 19:18:59,
6079,2,6079,2023-06-24 19:18:59,2023-12-11 19:18:59,2023-09-05 19:18:59,2023-09-05 19:18:59,
6080,3,6080,2022-11-29 19:18:59,2024-02-07 19:18:59,2023-09-05 19:18:59,2023-09-05 19:18:59,
6081,1,6081,2023-05-17 19:18:59,2023-11-29 19:18:59,2023-09-05 19:18:59,2023-09-05 19:18:59,
6082,3,6082,2022-11-12 19:18:59,2023-11-26 19:18:59,2023-09-05 19:18:59,2023-09-05 19:18:59,
6083,1,6083,2022-11-19 19:18:59,2024-05-11 19:18:59,2023-09-05 19:18:59,2023-09-05 19:18:59,
6084,3,6084,2023-03-04 19:18:59,2023-12-07 19:18:59,2023-09-05 19:18:59,2023-09-05 19:18:59,
6085,2,6085,2022-11-15 19:18:59,2024-02-26 19:18:59,2023-09-05 19:18:59,2023-09-05 19:18:59,
6086,1,6086,2023-06-17 19:18:59,2024-07-06 19:18:59,2023-09-05 19:18:59,2023-09-05 19:18:59,
6087,1,6087,2023-06-06 19:18:59,2024-07-25 19:18:59,2023-09-05 19:18:59,2023-09-05 19:18:59,
6088,1,6088,2023-05-02 19:18:59,2024-08-31 19:18:59,2023-09-05 19:18:59,2023-09-05 19:18:59,
6089,3,6089,2023-08-16 19:18:59,2024-07-12 19:18:59,2023-09-05 19:18:59,2023-09-05 19:18:59,
6090,1,6090,2023-03-19 19:18:59,2024-03-07 19:18:59,2023-09-05 19:18:59,2023-09-05 19:18:59,
6091,2,6091,2023-08-31 19:18:59,2024-05-14 19:18:59,2023-09-05 19:18:59,2023-09-05 19:18:59,
6092,1,6092,2023-01-08 19:18:59,2023-10-16 19:18:59,2023-09-05 19:18:59,2023-09-05 19:18:59,
6093,3,6093,2023-01-08 19:18:59,2024-02-02 19:18:59,2023-09-05 19:18:59,2023-09-05 19:18:59,
6094,2,6094,2023-08-08 19:18:59,2024-05-07 19:18:59,2023-09-05 19:18:59,2023-09-05 19:18:59,
6095,3,6095,2023-05-18 19:18:59,2023-11-30 19:18:59,2023-09-05 19:18:59,2023-09-05 19:18:59,
6096,1,6096,2023-07-07 19:18:59,2024-01-06 19:18:59,2023-09-05 19:18:59,2023-09-05 19:18:59,
6097,2,6097,2023-06-25 19:18:59,2023-12-11 19:18:59,2023-09-05 19:18:59,2023-09-05 19:18:59,
6098,3,6098,2023-03-21 19:18:59,2024-03-15 19:18:59,2023-09-05 19:18:59,2023-09-05 19:18:59,
6099,1,6099,2022-09-10 19:18:59,2024-08-29 19:18:59,2023-09-05 19:18:59,2023-09-05 19:18:59,
6100,3,6100,2022-11-11 19:18:59,2024-05-10 19:18:59,2023-09-05 19:18:59,2023-09-05 19:18:59,
6101,2,6101,2023-04-05 19:18:59,2023-12-11 19:18:59,2023-09-05 19:18:59,2023-09-05 19:18:59,
6102,1,6102,2023-07-06 19:18:59,2023-10-07 19:18:59,2023-09-05 19:18:59,2023-09-05 19:18:59,
6103,1,6103,2022-09-21 19:18:59,2024-03-24 19:18:59,2023-09-05 19:18:59,2023-09-05 19:18:59,
6104,2,6104,2022-09-28 19:18:59,2024-03-19 19:18:59,2023-09-05 19:18:59,2023-09-05 19:18:59,
6105,3,6105,2023-01-28 19:18:59,2024-07-08 19:18:59,2023-09-05 19:18:59,2023-09-05 19:18:59,
6106,2,6106,2022-12-02 19:18:59,2023-11-17 19:18:59,2023-09-05 19:18:59,2023-09-05 19:18:59,
6107,1,6107,2023-02-11 19:18:59,2024-06-22 19:18:59,2023-09-05 19:18:59,2023-09-05 19:18:59,
6108,2,6108,2023-07-17 19:18:59,2023-12-20 19:18:59,2023-09-05 19:18:59,2023-09-05 19:18:59,
6109,3,6109,2023-05-28 19:18:59,2024-06-12 19:18:59,2023-09-05 19:18:59,2023-09-05 19:18:59,
6110,2,6110,2023-04-23 19:18:59,2023-10-17 19:18:59,2023-09-05 19:18:59,2023-09-05 19:18:59,
6111,3,6111,2022-10-30 19:18:59,2024-01-10 19:18:59,2023-09-05 19:18:59,2023-09-05 19:18:59,
6112,3,6112,2023-08-28 19:18:59,2024-04-08 19:18:59,2023-09-05 19:18:59,2023-09-05 19:18:59,
6113,1,6113,2022-10-20 19:18:59,2024-06-06 19:18:59,2023-09-05 19:18:59,2023-09-05 19:18:59,
6114,3,6114,2023-04-25 19:18:59,2024-07-04 19:18:59,2023-09-05 19:18:59,2023-09-05 19:18:59,
6115,3,6115,2023-01-22 19:18:59,2023-11-07 19:18:59,2023-09-05 19:18:59,2023-09-05 19:18:59,
6116,1,6116,2023-06-10 19:18:59,2023-11-18 19:18:59,2023-09-05 19:18:59,2023-09-05 19:18:59,
6117,2,6117,2022-11-18 19:18:59,2024-05-06 19:18:59,2023-09-05 19:18:59,2023-09-05 19:18:59,
6118,1,6118,2023-03-24 19:18:59,2023-11-02 19:18:59,2023-09-05 19:18:59,2023-09-05 19:18:59,
6119,1,6119,2023-07-29 19:18:59,2024-01-01 19:18:59,2023-09-05 19:18:59,2023-09-05 19:18:59,
6120,3,6120,2023-08-26 19:18:59,2023-11-23 19:18:59,2023-09-05 19:18:59,2023-09-05 19:18:59,
6121,1,6121,2023-07-20 19:18:59,2024-07-14 19:18:59,2023-09-05 19:18:59,2023-09-05 19:18:59,
6122,3,6122,2023-07-18 19:18:59,2024-07-09 19:18:59,2023-09-05 19:18:59,2023-09-05 19:18:59,
6123,3,6123,2023-07-19 19:18:59,2023-12-21 19:18:59,2023-09-05 19:18:59,2023-09-05 19:18:59,
6124,2,6124,2023-06-16 19:18:59,2023-11-08 19:18:59,2023-09-05 19:18:59,2023-09-05 19:18:59,
6125,1,6125,2023-04-21 19:18:59,2024-04-12 19:18:59,2023-09-05 19:18:59,2023-09-05 19:18:59,
6126,3,6126,2022-10-25 19:18:59,2024-01-14 19:18:59,2023-09-05 19:18:59,2023-09-05 19:18:59,
6127,1,6127,2023-05-20 19:18:59,2024-07-14 19:18:59,2023-09-05 19:18:59,2023-09-05 19:18:59,
6128,2,6128,2023-08-16 19:18:59,2024-06-12 19:18:59,2023-09-05 19:18:59,2023-09-05 19:18:59,
6129,2,6129,2023-03-14 19:18:59,2024-01-13 19:18:59,2023-09-05 19:18:59,2023-09-05 19:18:59,
6130,3,6130,2022-10-03 19:18:59,2024-05-30 19:18:59,2023-09-05 19:18:59,2023-09-05 19:18:59,
6131,2,6131,2023-03-18 19:18:59,2023-11-22 19:18:59,2023-09-05 19:18:59,2023-09-05 19:18:59,
6132,2,6132,2023-05-31 19:18:59,2023-10-19 19:18:59,2023-09-05 19:18:59,2023-09-05 19:18:59,
6133,3,6133,2022-09-26 19:18:59,2023-10-08 19:18:59,2023-09-05 19:18:59,2023-09-05 19:18:59,
6134,1,6134,2023-05-22 19:18:59,2024-05-08 19:18:59,2023-09-05 19:18:59,2023-09-05 19:18:59,
6135,2,6135,2023-03-11 19:18:59,2023-12-13 19:18:59,2023-09-05 19:18:59,2023-09-05 19:18:59,
6136,2,6136,2022-11-03 19:18:59,2024-08-03 19:18:59,2023-09-05 19:18:59,2023-09-05 19:18:59,
6137,2,6137,2022-12-11 19:18:59,2024-05-20 19:18:59,2023-09-05 19:18:59,2023-09-05 19:18:59,
6138,2,6138,2023-08-18 19:18:59,2024-04-28 19:18:59,2023-09-05 19:18:59,2023-09-05 19:18:59,
6139,1,6139,2023-02-25 19:18:59,2024-06-12 19:18:59,2023-09-05 19:18:59,2023-09-05 19:18:59,
6140,2,6140,2023-08-14 19:18:59,2023-12-24 19:18:59,2023-09-05 19:18:59,2023-09-05 19:18:59,
6141,3,6141,2023-04-24 19:18:59,2024-07-27 19:18:59,2023-09-05 19:18:59,2023-09-05 19:18:59,
6142,1,6142,2023-03-02 19:18:59,2024-07-17 19:18:59,2023-09-05 19:18:59,2023-09-05 19:18:59,
6143,2,6143,2023-06-12 19:18:59,2024-08-07 19:18:59,2023-09-05 19:18:59,2023-09-05 19:18:59,
6144,3,6144,2022-12-08 19:18:59,2024-05-02 19:18:59,2023-09-05 19:18:59,2023-09-05 19:18:59,
6145,3,6145,2023-01-24 19:18:59,2024-01-08 19:18:59,2023-09-05 19:18:59,2023-09-05 19:18:59,
6146,1,6146,2023-06-17 19:18:59,2023-12-29 19:18:59,2023-09-05 19:18:59,2023-09-05 19:18:59,
6147,3,6147,2023-05-27 19:18:59,2023-10-10 19:18:59,2023-09-05 19:18:59,2023-09-05 19:18:59,
6148,2,6148,2023-07-29 19:18:59,2023-10-18 19:18:59,2023-09-05 19:18:59,2023-09-05 19:18:59,
6149,3,6149,2023-05-10 19:18:59,2024-07-21 19:18:59,2023-09-05 19:18:59,2023-09-05 19:18:59,
6150,2,6150,2023-07-26 19:18:59,2024-06-09 19:18:59,2023-09-05 19:18:59,2023-09-05 19:18:59,
6151,3,6151,2023-07-01 19:18:59,2024-03-25 19:18:59,2023-09-05 19:18:59,2023-09-05 19:18:59,
6152,3,6152,2023-05-07 19:18:59,2024-03-30 19:18:59,2023-09-05 19:18:59,2023-09-05 19:18:59,
6153,1,6153,2022-12-30 19:18:59,2024-03-07 19:18:59,2023-09-05 19:18:59,2023-09-05 19:18:59,
6154,3,6154,2023-02-06 19:18:59,2023-10-24 19:18:59,2023-09-05 19:18:59,2023-09-05 19:18:59,
6155,1,6155,2022-11-07 19:18:59,2024-06-07 19:18:59,2023-09-05 19:18:59,2023-09-05 19:18:59,
6156,2,6156,2023-07-26 19:18:59,2024-08-25 19:18:59,2023-09-05 19:18:59,2023-09-05 19:18:59,
6157,3,6157,2023-03-05 19:18:59,2024-08-13 19:18:59,2023-09-05 19:18:59,2023-09-05 19:18:59,
6158,3,6158,2023-01-17 19:18:59,2023-10-09 19:18:59,2023-09-05 19:18:59,2023-09-05 19:18:59,
6159,3,6159,2023-03-17 19:18:59,2023-11-29 19:18:59,2023-09-05 19:18:59,2023-09-05 19:18:59,
6160,3,6160,2022-12-28 19:18:59,2024-01-04 19:18:59,2023-09-05 19:18:59,2023-09-05 19:18:59,
6161,3,6161,2022-12-05 19:18:59,2024-05-14 19:18:59,2023-09-05 19:18:59,2023-09-05 19:18:59,
6162,3,6162,2022-12-29 19:18:59,2024-02-15 19:18:59,2023-09-05 19:18:59,2023-09-05 19:18:59,
6163,1,6163,2023-03-30 19:18:59,2023-11-07 19:18:59,2023-09-05 19:18:59,2023-09-05 19:18:59,
6164,1,6164,2022-12-08 19:18:59,2024-04-04 19:18:59,2023-09-05 19:18:59,2023-09-05 19:18:59,
6165,1,6165,2022-12-30 19:18:59,2024-02-06 19:18:59,2023-09-05 19:18:59,2023-09-05 19:18:59,
6166,3,6166,2022-11-02 19:18:59,2024-07-16 19:18:59,2023-09-05 19:18:59,2023-09-05 19:18:59,
6167,1,6167,2023-03-19 19:18:59,2023-12-17 19:18:59,2023-09-05 19:18:59,2023-09-05 19:18:59,
6168,2,6168,2023-08-25 19:18:59,2024-09-04 19:18:59,2023-09-05 19:18:59,2023-09-05 19:18:59,
6169,1,6169,2023-07-29 19:18:59,2024-05-10 19:18:59,2023-09-05 19:18:59,2023-09-05 19:18:59,
6170,3,6170,2023-04-13 19:18:59,2024-06-04 19:18:59,2023-09-05 19:18:59,2023-09-05 19:18:59,
6171,2,6171,2023-07-12 19:18:59,2024-08-29 19:18:59,2023-09-05 19:18:59,2023-09-05 19:18:59,
6172,3,6172,2022-12-24 19:18:59,2024-05-11 19:18:59,2023-09-05 19:18:59,2023-09-05 19:18:59,
6173,2,6173,2022-12-17 19:18:59,2024-08-24 19:18:59,2023-09-05 19:18:59,2023-09-05 19:18:59,
6174,3,6174,2022-10-28 19:18:59,2024-04-26 19:18:59,2023-09-05 19:18:59,2023-09-05 19:18:59,
6175,3,6175,2023-08-07 19:18:59,2024-01-07 19:18:59,2023-09-05 19:18:59,2023-09-05 19:18:59,
6176,2,6176,2022-09-16 19:18:59,2024-02-25 19:18:59,2023-09-05 19:18:59,2023-09-05 19:18:59,
6177,2,6177,2022-11-24 19:18:59,2023-10-12 19:18:59,2023-09-05 19:18:59,2023-09-05 19:18:59,
6178,2,6178,2022-09-19 19:18:59,2024-01-04 19:18:59,2023-09-05 19:18:59,2023-09-05 19:18:59,
6179,2,6179,2023-04-10 19:18:59,2024-01-18 19:18:59,2023-09-05 19:18:59,2023-09-05 19:18:59,
6180,3,6180,2023-02-04 19:18:59,2024-06-29 19:18:59,2023-09-05 19:18:59,2023-09-05 19:18:59,
6181,1,6181,2023-04-28 19:18:59,2023-12-27 19:18:59,2023-09-05 19:18:59,2023-09-05 19:18:59,
6182,2,6182,2023-08-31 19:18:59,2024-04-27 19:18:59,2023-09-05 19:18:59,2023-09-05 19:18:59,
6183,1,6183,2022-11-01 19:18:59,2023-11-26 19:18:59,2023-09-05 19:18:59,2023-09-05 19:18:59,
6184,3,6184,2023-08-31 19:18:59,2024-02-10 19:18:59,2023-09-05 19:18:59,2023-09-05 19:18:59,
6185,1,6185,2023-05-07 19:18:59,2024-05-18 19:18:59,2023-09-05 19:18:59,2023-09-05 19:18:59,
6186,3,6186,2022-10-22 19:18:59,2024-03-03 19:18:59,2023-09-05 19:18:59,2023-09-05 19:18:59,
6187,2,6187,2023-06-18 19:18:59,2023-11-14 19:18:59,2023-09-05 19:18:59,2023-09-05 19:18:59,
6188,2,6188,2023-05-04 19:18:59,2024-04-24 19:18:59,2023-09-05 19:18:59,2023-09-05 19:18:59,
6189,1,6189,2023-05-05 19:18:59,2023-10-27 19:18:59,2023-09-05 19:18:59,2023-09-05 19:18:59,
6190,2,6190,2023-01-28 19:18:59,2024-05-28 19:18:59,2023-09-05 19:18:59,2023-09-05 19:18:59,
6191,3,6191,2023-08-11 19:18:59,2024-02-10 19:18:59,2023-09-05 19:18:59,2023-09-05 19:18:59,
6192,2,6192,2023-07-12 19:18:59,2023-12-13 19:18:59,2023-09-05 19:18:59,2023-09-05 19:18:59,
6193,2,6193,2023-04-11 19:18:59,2024-03-15 19:18:59,2023-09-05 19:18:59,2023-09-05 19:18:59,
6194,2,6194,2023-08-10 19:18:59,2024-03-13 19:18:59,2023-09-05 19:18:59,2023-09-05 19:18:59,
6195,1,6195,2023-04-24 19:18:59,2024-06-17 19:18:59,2023-09-05 19:18:59,2023-09-05 19:18:59,
6196,2,6196,2023-08-06 19:18:59,2023-10-17 19:18:59,2023-09-05 19:18:59,2023-09-05 19:18:59,
6197,1,6197,2023-03-27 19:18:59,2024-03-12 19:18:59,2023-09-05 19:18:59,2023-09-05 19:18:59,
6198,1,6198,2023-02-02 19:18:59,2024-04-08 19:18:59,2023-09-05 19:18:59,2023-09-05 19:18:59,
6199,1,6199,2023-07-28 19:18:59,2024-09-04 19:18:59,2023-09-05 19:18:59,2023-09-05 19:18:59,
6200,2,6200,2023-01-19 19:18:59,2024-03-12 19:18:59,2023-09-05 19:18:59,2023-09-05 19:18:59,
6201,1,6201,2023-02-03 19:18:59,2024-06-21 19:18:59,2023-09-05 19:18:59,2023-09-05 19:18:59,
6202,2,6202,2022-12-11 19:18:59,2024-02-21 19:18:59,2023-09-05 19:18:59,2023-09-05 19:18:59,
6203,2,6203,2022-11-11 19:18:59,2024-02-15 19:18:59,2023-09-05 19:18:59,2023-09-05 19:18:59,
6204,1,6204,2023-05-16 19:18:59,2024-07-17 19:18:59,2023-09-05 19:18:59,2023-09-05 19:18:59,
6205,2,6205,2023-02-11 19:18:59,2024-06-06 19:18:59,2023-09-05 19:18:59,2023-09-05 19:18:59,
6206,1,6206,2023-06-04 19:18:59,2024-07-06 19:18:59,2023-09-05 19:18:59,2023-09-05 19:18:59,
6207,3,6207,2023-07-02 19:18:59,2023-10-20 19:18:59,2023-09-05 19:18:59,2023-09-05 19:18:59,
6208,1,6208,2023-06-02 19:18:59,2023-12-10 19:18:59,2023-09-05 19:18:59,2023-09-05 19:18:59,
6209,2,6209,2022-11-12 19:18:59,2024-01-08 19:18:59,2023-09-05 19:18:59,2023-09-05 19:18:59,
6210,3,6210,2023-01-10 19:18:59,2024-02-08 19:18:59,2023-09-05 19:18:59,2023-09-05 19:18:59,
6211,2,6211,2023-08-23 19:18:59,2024-08-21 19:18:59,2023-09-05 19:18:59,2023-09-05 19:18:59,
6212,2,6212,2023-06-09 19:18:59,2024-04-28 19:18:59,2023-09-05 19:18:59,2023-09-05 19:18:59,
6213,3,6213,2023-07-13 19:18:59,2023-10-26 19:18:59,2023-09-05 19:18:59,2023-09-05 19:18:59,
6214,3,6214,2023-01-27 19:18:59,2023-11-19 19:18:59,2023-09-05 19:18:59,2023-09-05 19:18:59,
6215,2,6215,2023-04-18 19:18:59,2023-11-09 19:18:59,2023-09-05 19:18:59,2023-09-05 19:18:59,
6216,2,6216,2022-11-09 19:18:59,2024-04-02 19:18:59,2023-09-05 19:18:59,2023-09-05 19:18:59,
6217,2,6217,2022-11-01 19:18:59,2024-03-11 19:18:59,2023-09-05 19:18:59,2023-09-05 19:18:59,
6218,3,6218,2022-11-29 19:18:59,2023-11-05 19:18:59,2023-09-05 19:18:59,2023-09-05 19:18:59,
6219,3,6219,2023-04-10 19:18:59,2023-11-17 19:18:59,2023-09-05 19:18:59,2023-09-05 19:18:59,
6220,1,6220,2023-06-02 19:18:59,2024-06-27 19:18:59,2023-09-05 19:18:59,2023-09-05 19:18:59,
6221,1,6221,2023-04-23 19:18:59,2023-12-03 19:18:59,2023-09-05 19:18:59,2023-09-05 19:18:59,
6222,3,6222,2022-09-18 19:18:59,2023-12-09 19:18:59,2023-09-05 19:18:59,2023-09-05 19:18:59,
6223,3,6223,2022-09-07 19:18:59,2023-12-28 19:18:59,2023-09-05 19:18:59,2023-09-05 19:18:59,
6224,1,6224,2022-09-08 19:18:59,2024-01-09 19:18:59,2023-09-05 19:18:59,2023-09-05 19:18:59,
6225,2,6225,2023-05-09 19:18:59,2023-11-01 19:18:59,2023-09-05 19:18:59,2023-09-05 19:18:59,
6226,1,6226,2022-11-02 19:18:59,2023-10-28 19:18:59,2023-09-05 19:18:59,2023-09-05 19:18:59,
6227,1,6227,2023-03-28 19:18:59,2024-07-28 19:18:59,2023-09-05 19:18:59,2023-09-05 19:18:59,
6228,1,6228,2023-02-13 19:18:59,2024-03-18 19:18:59,2023-09-05 19:18:59,2023-09-05 19:18:59,
6229,2,6229,2023-07-17 19:18:59,2024-06-13 19:18:59,2023-09-05 19:18:59,2023-09-05 19:18:59,
6230,2,6230,2022-10-16 19:18:59,2024-06-02 19:18:59,2023-09-05 19:18:59,2023-09-05 19:18:59,
6231,3,6231,2023-05-29 19:18:59,2023-11-04 19:18:59,2023-09-05 19:18:59,2023-09-05 19:18:59,
6232,3,6232,2023-06-24 19:18:59,2024-08-26 19:18:59,2023-09-05 19:18:59,2023-09-05 19:18:59,
6233,3,6233,2023-04-15 19:18:59,2024-07-28 19:18:59,2023-09-05 19:18:59,2023-09-05 19:18:59,
6234,3,6234,2023-04-19 19:18:59,2024-02-24 19:18:59,2023-09-05 19:18:59,2023-09-05 19:18:59,
6235,1,6235,2023-01-03 19:18:59,2023-11-07 19:18:59,2023-09-05 19:18:59,2023-09-05 19:18:59,
6236,1,6236,2023-01-31 19:18:59,2024-02-04 19:18:59,2023-09-05 19:18:59,2023-09-05 19:18:59,
6237,2,6237,2023-08-24 19:18:59,2024-06-16 19:18:59,2023-09-05 19:18:59,2023-09-05 19:18:59,
6238,3,6238,2023-07-28 19:18:59,2023-10-25 19:18:59,2023-09-05 19:18:59,2023-09-05 19:18:59,
6239,1,6239,2023-03-03 19:18:59,2024-06-14 19:18:59,2023-09-05 19:18:59,2023-09-05 19:18:59,
6240,1,6240,2023-06-22 19:18:59,2024-01-24 19:18:59,2023-09-05 19:18:59,2023-09-05 19:18:59,
6241,2,6241,2023-08-12 19:18:59,2023-10-19 19:18:59,2023-09-05 19:18:59,2023-09-05 19:18:59,
6242,1,6242,2022-10-11 19:18:59,2023-10-30 19:18:59,2023-09-05 19:18:59,2023-09-05 19:18:59,
6243,3,6243,2023-08-11 19:18:59,2024-03-04 19:18:59,2023-09-05 19:18:59,2023-09-05 19:18:59,
6244,2,6244,2022-11-09 19:18:59,2024-04-24 19:18:59,2023-09-05 19:18:59,2023-09-05 19:18:59,
6245,1,6245,2023-07-23 19:18:59,2024-08-06 19:18:59,2023-09-05 19:18:59,2023-09-05 19:18:59,
6246,3,6246,2023-08-24 19:18:59,2024-04-12 19:18:59,2023-09-05 19:18:59,2023-09-05 19:18:59,
6247,3,6247,2023-07-09 19:18:59,2023-12-26 19:18:59,2023-09-05 19:18:59,2023-09-05 19:18:59,
6248,1,6248,2022-12-11 19:18:59,2024-03-14 19:18:59,2023-09-05 19:18:59,2023-09-05 19:18:59,
6249,3,6249,2022-12-25 19:18:59,2024-08-31 19:18:59,2023-09-05 19:18:59,2023-09-05 19:18:59,
6250,3,6250,2023-02-07 19:18:59,2024-05-29 19:18:59,2023-09-05 19:18:59,2023-09-05 19:18:59,
6251,2,6251,2023-08-25 19:18:59,2024-03-10 19:18:59,2023-09-05 19:18:59,2023-09-05 19:18:59,
6252,2,6252,2022-11-10 19:18:59,2023-11-26 19:18:59,2023-09-05 19:18:59,2023-09-05 19:18:59,
6253,2,6253,2022-11-06 19:18:59,2024-08-21 19:18:59,2023-09-05 19:18:59,2023-09-05 19:18:59,
6254,1,6254,2022-11-27 19:18:59,2024-01-05 19:18:59,2023-09-05 19:18:59,2023-09-05 19:18:59,
6255,3,6255,2023-04-27 19:18:59,2024-05-16 19:18:59,2023-09-05 19:18:59,2023-09-05 19:18:59,
6256,1,6256,2022-09-21 19:18:59,2024-04-22 19:18:59,2023-09-05 19:18:59,2023-09-05 19:18:59,
6257,1,6257,2023-02-15 19:18:59,2023-11-05 19:18:59,2023-09-05 19:18:59,2023-09-05 19:18:59,
6258,1,6258,2022-11-10 19:18:59,2024-08-02 19:18:59,2023-09-05 19:18:59,2023-09-05 19:18:59,
6259,1,6259,2023-05-25 19:18:59,2024-02-04 19:18:59,2023-09-05 19:18:59,2023-09-05 19:18:59,
6260,2,6260,2023-06-07 19:18:59,2024-07-16 19:18:59,2023-09-05 19:18:59,2023-09-05 19:18:59,
6261,2,6261,2022-10-02 19:18:59,2023-11-05 19:18:59,2023-09-05 19:18:59,2023-09-05 19:18:59,
6262,1,6262,2023-08-12 19:18:59,2024-07-04 19:18:59,2023-09-05 19:18:59,2023-09-05 19:18:59,
6263,1,6263,2022-10-14 19:18:59,2024-03-04 19:18:59,2023-09-05 19:18:59,2023-09-05 19:18:59,
6264,1,6264,2022-10-17 19:18:59,2024-03-16 19:18:59,2023-09-05 19:18:59,2023-09-05 19:18:59,
6265,3,6265,2023-08-04 19:18:59,2024-01-29 19:18:59,2023-09-05 19:18:59,2023-09-05 19:18:59,
6266,3,6266,2023-03-14 19:18:59,2024-03-01 19:18:59,2023-09-05 19:18:59,2023-09-05 19:18:59,
6267,2,6267,2023-04-10 19:18:59,2024-02-26 19:18:59,2023-09-05 19:18:59,2023-09-05 19:18:59,
6268,3,6268,2023-07-28 19:18:59,2024-04-29 19:18:59,2023-09-05 19:18:59,2023-09-05 19:18:59,
6269,1,6269,2023-06-01 19:18:59,2023-11-26 19:18:59,2023-09-05 19:18:59,2023-09-05 19:18:59,
6270,3,6270,2023-07-03 19:18:59,2024-04-11 19:18:59,2023-09-05 19:18:59,2023-09-05 19:18:59,
6271,2,6271,2023-01-07 19:18:59,2024-07-17 19:18:59,2023-09-05 19:18:59,2023-09-05 19:18:59,
6272,2,6272,2022-09-18 19:18:59,2024-08-20 19:18:59,2023-09-05 19:18:59,2023-09-05 19:18:59,
6273,1,6273,2023-08-12 19:18:59,2024-01-21 19:18:59,2023-09-05 19:18:59,2023-09-05 19:18:59,
6274,3,6274,2023-03-13 19:18:59,2024-03-29 19:18:59,2023-09-05 19:18:59,2023-09-05 19:18:59,
6275,3,6275,2023-01-28 19:18:59,2024-07-21 19:18:59,2023-09-05 19:18:59,2023-09-05 19:18:59,
6276,2,6276,2023-04-13 19:18:59,2023-12-03 19:18:59,2023-09-05 19:18:59,2023-09-05 19:18:59,
6277,3,6277,2022-12-28 19:18:59,2023-11-22 19:18:59,2023-09-05 19:18:59,2023-09-05 19:18:59,
6278,3,6278,2022-10-29 19:18:59,2024-03-10 19:18:59,2023-09-05 19:18:59,2023-09-05 19:18:59,
6279,1,6279,2023-02-19 19:18:59,2024-06-29 19:18:59,2023-09-05 19:18:59,2023-09-05 19:18:59,
6280,2,6280,2023-07-31 19:18:59,2024-07-12 19:18:59,2023-09-05 19:18:59,2023-09-05 19:18:59,
6281,3,6281,2023-03-03 19:18:59,2023-11-16 19:18:59,2023-09-05 19:18:59,2023-09-05 19:18:59,
6282,2,6282,2023-02-28 19:18:59,2024-07-02 19:18:59,2023-09-05 19:18:59,2023-09-05 19:18:59,
6283,2,6283,2023-07-01 19:18:59,2024-06-30 19:18:59,2023-09-05 19:18:59,2023-09-05 19:18:59,
6284,2,6284,2022-09-24 19:18:59,2024-03-05 19:18:59,2023-09-05 19:18:59,2023-09-05 19:18:59,
6285,1,6285,2023-03-25 19:18:59,2024-03-25 19:18:59,2023-09-05 19:18:59,2023-09-05 19:18:59,
6286,3,6286,2022-10-15 19:18:59,2024-04-06 19:18:59,2023-09-05 19:18:59,2023-09-05 19:18:59,
6287,1,6287,2023-05-11 19:18:59,2024-08-21 19:18:59,2023-09-05 19:18:59,2023-09-05 19:18:59,
6288,1,6288,2022-11-06 19:18:59,2024-01-29 19:18:59,2023-09-05 19:18:59,2023-09-05 19:18:59,
6289,2,6289,2022-10-23 19:18:59,2024-03-28 19:18:59,2023-09-05 19:18:59,2023-09-05 19:18:59,
6290,3,6290,2023-08-02 19:18:59,2024-06-09 19:18:59,2023-09-05 19:18:59,2023-09-05 19:18:59,
6291,1,6291,2023-08-03 19:18:59,2023-12-29 19:18:59,2023-09-05 19:18:59,2023-09-05 19:18:59,
6292,3,6292,2023-08-04 19:18:59,2024-08-21 19:18:59,2023-09-05 19:18:59,2023-09-05 19:18:59,
6293,1,6293,2023-01-15 19:18:59,2024-04-09 19:18:59,2023-09-05 19:18:59,2023-09-05 19:18:59,
6294,3,6294,2023-07-27 19:18:59,2024-08-03 19:18:59,2023-09-05 19:18:59,2023-09-05 19:18:59,
6295,3,6295,2023-07-06 19:18:59,2024-07-06 19:18:59,2023-09-05 19:18:59,2023-09-05 19:18:59,
6296,1,6296,2023-02-09 19:18:59,2024-01-22 19:18:59,2023-09-05 19:18:59,2023-09-05 19:18:59,
6297,2,6297,2023-05-29 19:18:59,2024-06-05 19:18:59,2023-09-05 19:18:59,2023-09-05 19:18:59,
6298,1,6298,2023-08-09 19:18:59,2024-07-27 19:18:59,2023-09-05 19:18:59,2023-09-05 19:18:59,
6299,3,6299,2023-03-06 19:18:59,2023-10-16 19:18:59,2023-09-05 19:18:59,2023-09-05 19:18:59,
6300,2,6300,2023-03-17 19:18:59,2024-04-09 19:18:59,2023-09-05 19:18:59,2023-09-05 19:18:59,
6301,2,6301,2023-08-21 19:18:59,2024-01-06 19:18:59,2023-09-05 19:18:59,2023-09-05 19:18:59,
6302,3,6302,2023-02-07 19:18:59,2024-01-01 19:18:59,2023-09-05 19:18:59,2023-09-05 19:18:59,
6303,2,6303,2023-02-07 19:18:59,2024-03-03 19:18:59,2023-09-05 19:18:59,2023-09-05 19:18:59,
6304,3,6304,2023-01-02 19:18:59,2024-09-04 19:18:59,2023-09-05 19:18:59,2023-09-05 19:18:59,
6305,3,6305,2023-01-28 19:18:59,2024-04-20 19:18:59,2023-09-05 19:18:59,2023-09-05 19:18:59,
6306,1,6306,2023-08-13 19:18:59,2024-06-02 19:18:59,2023-09-05 19:18:59,2023-09-05 19:18:59,
6307,1,6307,2023-03-21 19:18:59,2023-11-14 19:18:59,2023-09-05 19:18:59,2023-09-05 19:18:59,
6308,3,6308,2023-04-21 19:18:59,2024-04-05 19:18:59,2023-09-05 19:18:59,2023-09-05 19:18:59,
6309,2,6309,2023-06-24 19:18:59,2024-09-03 19:18:59,2023-09-05 19:18:59,2023-09-05 19:18:59,
6310,2,6310,2023-01-31 19:18:59,2024-06-18 19:18:59,2023-09-05 19:18:59,2023-09-05 19:18:59,
6311,3,6311,2023-01-09 19:18:59,2024-01-31 19:18:59,2023-09-05 19:18:59,2023-09-05 19:18:59,
6312,2,6312,2023-04-05 19:18:59,2024-08-04 19:18:59,2023-09-05 19:18:59,2023-09-05 19:18:59,
6313,2,6313,2022-09-13 19:18:59,2024-08-15 19:18:59,2023-09-05 19:18:59,2023-09-05 19:18:59,
6314,3,6314,2023-02-22 19:18:59,2024-03-01 19:18:59,2023-09-05 19:18:59,2023-09-05 19:18:59,
6315,1,6315,2023-08-05 19:18:59,2024-02-23 19:18:59,2023-09-05 19:18:59,2023-09-05 19:18:59,
6316,2,6316,2023-04-07 19:18:59,2024-08-16 19:18:59,2023-09-05 19:18:59,2023-09-05 19:18:59,
6317,1,6317,2023-02-26 19:18:59,2024-02-04 19:18:59,2023-09-05 19:18:59,2023-09-05 19:18:59,
6318,3,6318,2023-01-03 19:18:59,2023-12-11 19:18:59,2023-09-05 19:18:59,2023-09-05 19:18:59,
6319,2,6319,2023-02-04 19:18:59,2023-11-05 19:18:59,2023-09-05 19:18:59,2023-09-05 19:18:59,
6320,3,6320,2022-10-09 19:18:59,2024-01-22 19:18:59,2023-09-05 19:18:59,2023-09-05 19:18:59,
6321,1,6321,2023-08-11 19:18:59,2024-01-06 19:18:59,2023-09-05 19:18:59,2023-09-05 19:18:59,
6322,1,6322,2023-07-04 19:18:59,2023-11-21 19:18:59,2023-09-05 19:18:59,2023-09-05 19:18:59,
6323,2,6323,2023-02-15 19:18:59,2024-01-30 19:18:59,2023-09-05 19:18:59,2023-09-05 19:18:59,
6324,3,6324,2023-01-01 19:18:59,2024-04-20 19:18:59,2023-09-05 19:18:59,2023-09-05 19:18:59,
6325,1,6325,2023-07-02 19:18:59,2024-04-30 19:18:59,2023-09-05 19:18:59,2023-09-05 19:18:59,
6326,2,6326,2023-01-10 19:18:59,2024-07-23 19:18:59,2023-09-05 19:18:59,2023-09-05 19:18:59,
6327,3,6327,2022-11-25 19:18:59,2024-03-10 19:18:59,2023-09-05 19:18:59,2023-09-05 19:18:59,
6328,2,6328,2022-12-13 19:18:59,2024-02-06 19:18:59,2023-09-05 19:18:59,2023-09-05 19:18:59,
6329,1,6329,2023-08-23 19:18:59,2023-10-21 19:18:59,2023-09-05 19:18:59,2023-09-05 19:18:59,
6330,2,6330,2023-01-30 19:18:59,2024-04-29 19:18:59,2023-09-05 19:18:59,2023-09-05 19:18:59,
6331,3,6331,2022-12-05 19:18:59,2024-06-10 19:18:59,2023-09-05 19:18:59,2023-09-05 19:18:59,
6332,2,6332,2023-06-26 19:18:59,2024-07-12 19:18:59,2023-09-05 19:18:59,2023-09-05 19:18:59,
6333,1,6333,2023-01-15 19:18:59,2024-08-15 19:18:59,2023-09-05 19:18:59,2023-09-05 19:18:59,
6334,1,6334,2023-03-28 19:18:59,2024-08-28 19:18:59,2023-09-05 19:18:59,2023-09-05 19:18:59,
6335,2,6335,2023-08-24 19:18:59,2024-02-15 19:18:59,2023-09-05 19:18:59,2023-09-05 19:18:59,
6336,2,6336,2023-07-24 19:18:59,2024-05-02 19:18:59,2023-09-05 19:18:59,2023-09-05 19:18:59,
6337,2,6337,2022-12-05 19:18:59,2024-07-04 19:18:59,2023-09-05 19:18:59,2023-09-05 19:18:59,
6338,3,6338,2023-07-05 19:18:59,2023-11-18 19:18:59,2023-09-05 19:18:59,2023-09-05 19:18:59,
6339,3,6339,2022-09-11 19:18:59,2024-03-31 19:18:59,2023-09-05 19:18:59,2023-09-05 19:18:59,
6340,1,6340,2023-08-20 19:18:59,2024-06-12 19:18:59,2023-09-05 19:18:59,2023-09-05 19:18:59,
6341,1,6341,2022-11-22 19:18:59,2024-01-06 19:18:59,2023-09-05 19:18:59,2023-09-05 19:18:59,
6342,3,6342,2023-04-28 19:18:59,2023-12-24 19:18:59,2023-09-05 19:18:59,2023-09-05 19:18:59,
6343,3,6343,2022-10-23 19:18:59,2024-07-23 19:18:59,2023-09-05 19:18:59,2023-09-05 19:18:59,
6344,1,6344,2023-03-05 19:18:59,2024-06-06 19:18:59,2023-09-05 19:18:59,2023-09-05 19:18:59,
6345,1,6345,2022-09-09 19:18:59,2023-11-01 19:18:59,2023-09-05 19:18:59,2023-09-05 19:18:59,
6346,2,6346,2023-01-27 19:18:59,2024-08-24 19:18:59,2023-09-05 19:18:59,2023-09-05 19:18:59,
6347,1,6347,2023-03-11 19:18:59,2024-05-16 19:18:59,2023-09-05 19:18:59,2023-09-05 19:18:59,
6348,2,6348,2023-06-03 19:18:59,2024-06-24 19:18:59,2023-09-05 19:18:59,2023-09-05 19:18:59,
6349,3,6349,2023-08-31 19:18:59,2023-11-15 19:18:59,2023-09-05 19:18:59,2023-09-05 19:18:59,
6350,1,6350,2022-12-23 19:18:59,2023-10-05 19:18:59,2023-09-05 19:18:59,2023-09-05 19:18:59,
6351,2,6351,2023-05-03 19:18:59,2024-01-13 19:18:59,2023-09-05 19:18:59,2023-09-05 19:18:59,
6352,2,6352,2023-05-11 19:18:59,2024-05-15 19:18:59,2023-09-05 19:18:59,2023-09-05 19:18:59,
6353,2,6353,2022-12-24 19:18:59,2023-12-24 19:18:59,2023-09-05 19:18:59,2023-09-05 19:18:59,
6354,2,6354,2023-06-25 19:18:59,2024-02-13 19:18:59,2023-09-05 19:18:59,2023-09-05 19:18:59,
6355,1,6355,2023-05-21 19:18:59,2024-05-04 19:18:59,2023-09-05 19:18:59,2023-09-05 19:18:59,
6356,1,6356,2022-12-13 19:18:59,2024-02-26 19:18:59,2023-09-05 19:18:59,2023-09-05 19:18:59,
6357,3,6357,2023-01-24 19:18:59,2023-10-08 19:18:59,2023-09-05 19:18:59,2023-09-05 19:18:59,
6358,2,6358,2023-04-19 19:18:59,2024-01-09 19:18:59,2023-09-05 19:18:59,2023-09-05 19:18:59,
6359,1,6359,2023-06-12 19:18:59,2024-01-06 19:18:59,2023-09-05 19:18:59,2023-09-05 19:18:59,
6360,3,6360,2022-11-01 19:18:59,2024-07-07 19:18:59,2023-09-05 19:18:59,2023-09-05 19:18:59,
6361,1,6361,2023-01-12 19:18:59,2024-08-11 19:18:59,2023-09-05 19:18:59,2023-09-05 19:18:59,
6362,2,6362,2023-08-09 19:18:59,2024-02-22 19:18:59,2023-09-05 19:18:59,2023-09-05 19:18:59,
6363,1,6363,2023-09-03 19:18:59,2024-05-23 19:18:59,2023-09-05 19:18:59,2023-09-05 19:18:59,
6364,1,6364,2022-12-03 19:18:59,2024-03-15 19:18:59,2023-09-05 19:18:59,2023-09-05 19:18:59,
6365,1,6365,2022-11-04 19:18:59,2024-03-18 19:18:59,2023-09-05 19:18:59,2023-09-05 19:18:59,
6366,3,6366,2023-03-29 19:18:59,2024-06-30 19:18:59,2023-09-05 19:18:59,2023-09-05 19:18:59,
6367,3,6367,2022-11-05 19:18:59,2024-08-05 19:18:59,2023-09-05 19:18:59,2023-09-05 19:18:59,
6368,3,6368,2023-04-04 19:18:59,2023-12-18 19:18:59,2023-09-05 19:18:59,2023-09-05 19:18:59,
6369,3,6369,2023-02-27 19:18:59,2024-08-15 19:18:59,2023-09-05 19:18:59,2023-09-05 19:18:59,
6370,3,6370,2022-10-16 19:18:59,2023-12-19 19:18:59,2023-09-05 19:18:59,2023-09-05 19:18:59,
6371,1,6371,2023-06-04 19:18:59,2024-04-04 19:18:59,2023-09-05 19:18:59,2023-09-05 19:18:59,
6372,1,6372,2022-10-30 19:18:59,2024-01-08 19:18:59,2023-09-05 19:18:59,2023-09-05 19:18:59,
6373,2,6373,2023-03-23 19:18:59,2023-10-25 19:18:59,2023-09-05 19:18:59,2023-09-05 19:18:59,
6374,1,6374,2022-10-20 19:18:59,2023-12-20 19:18:59,2023-09-05 19:18:59,2023-09-05 19:18:59,
6375,3,6375,2022-12-26 19:18:59,2024-06-29 19:18:59,2023-09-05 19:18:59,2023-09-05 19:18:59,
6376,1,6376,2023-02-24 19:18:59,2024-04-13 19:18:59,2023-09-05 19:18:59,2023-09-05 19:18:59,
6377,3,6377,2022-11-19 19:18:59,2024-03-02 19:18:59,2023-09-05 19:18:59,2023-09-05 19:18:59,
6378,2,6378,2023-06-06 19:18:59,2023-12-13 19:18:59,2023-09-05 19:18:59,2023-09-05 19:18:59,
6379,3,6379,2023-08-19 19:18:59,2024-02-20 19:18:59,2023-09-05 19:18:59,2023-09-05 19:18:59,
6380,3,6380,2023-04-23 19:18:59,2024-06-13 19:18:59,2023-09-05 19:18:59,2023-09-05 19:18:59,
6381,2,6381,2023-03-02 19:18:59,2023-11-06 19:18:59,2023-09-05 19:18:59,2023-09-05 19:18:59,
6382,3,6382,2023-04-26 19:18:59,2024-01-30 19:18:59,2023-09-05 19:18:59,2023-09-05 19:18:59,
6383,3,6383,2023-03-08 19:18:59,2024-05-28 19:18:59,2023-09-05 19:18:59,2023-09-05 19:18:59,
6384,1,6384,2022-09-09 19:18:59,2024-02-18 19:18:59,2023-09-05 19:18:59,2023-09-05 19:18:59,
6385,1,6385,2023-06-03 19:18:59,2023-10-11 19:18:59,2023-09-05 19:18:59,2023-09-05 19:18:59,
6386,1,6386,2023-05-26 19:18:59,2024-09-04 19:18:59,2023-09-05 19:18:59,2023-09-05 19:18:59,
6387,2,6387,2023-07-10 19:18:59,2023-12-31 19:18:59,2023-09-05 19:18:59,2023-09-05 19:18:59,
6388,2,6388,2023-03-31 19:18:59,2024-04-15 19:18:59,2023-09-05 19:18:59,2023-09-05 19:18:59,
6389,1,6389,2022-12-03 19:18:59,2024-01-18 19:18:59,2023-09-05 19:18:59,2023-09-05 19:18:59,
6390,1,6390,2023-07-25 19:18:59,2023-12-09 19:18:59,2023-09-05 19:18:59,2023-09-05 19:18:59,
6391,2,6391,2023-01-01 19:18:59,2024-03-04 19:18:59,2023-09-05 19:18:59,2023-09-05 19:18:59,
6392,1,6392,2023-03-09 19:18:59,2024-03-28 19:18:59,2023-09-05 19:18:59,2023-09-05 19:18:59,
6393,2,6393,2023-04-19 19:18:59,2023-11-24 19:18:59,2023-09-05 19:18:59,2023-09-05 19:18:59,
6394,1,6394,2022-10-04 19:18:59,2023-12-03 19:18:59,2023-09-05 19:18:59,2023-09-05 19:18:59,
6395,2,6395,2022-10-01 19:18:59,2024-05-12 19:18:59,2023-09-05 19:18:59,2023-09-05 19:18:59,
6396,1,6396,2023-01-15 19:18:59,2023-10-11 19:18:59,2023-09-05 19:18:59,2023-09-05 19:18:59,
6397,3,6397,2022-11-14 19:18:59,2024-01-01 19:18:59,2023-09-05 19:18:59,2023-09-05 19:18:59,
6398,1,6398,2023-07-28 19:18:59,2024-04-28 19:18:59,2023-09-05 19:18:59,2023-09-05 19:18:59,
6399,1,6399,2023-05-10 19:18:59,2024-03-14 19:18:59,2023-09-05 19:18:59,2023-09-05 19:18:59,
6400,1,6400,2023-08-13 19:18:59,2024-01-03 19:18:59,2023-09-05 19:18:59,2023-09-05 19:18:59,
6401,2,6401,2023-06-08 19:18:59,2024-02-07 19:18:59,2023-09-05 19:18:59,2023-09-05 19:18:59,
6402,2,6402,2022-09-06 19:18:59,2023-11-19 19:18:59,2023-09-05 19:18:59,2023-09-05 19:18:59,
6403,1,6403,2022-09-19 19:18:59,2023-12-20 19:18:59,2023-09-05 19:18:59,2023-09-05 19:18:59,
6404,2,6404,2023-01-23 19:18:59,2023-12-12 19:18:59,2023-09-05 19:18:59,2023-09-05 19:18:59,
6405,2,6405,2022-09-17 19:18:59,2024-08-12 19:18:59,2023-09-05 19:18:59,2023-09-05 19:18:59,
6406,1,6406,2023-05-18 19:18:59,2024-03-01 19:18:59,2023-09-05 19:18:59,2023-09-05 19:18:59,
6407,1,6407,2023-07-13 19:18:59,2024-02-01 19:18:59,2023-09-05 19:18:59,2023-09-05 19:18:59,
6408,3,6408,2022-10-30 19:18:59,2024-06-18 19:18:59,2023-09-05 19:18:59,2023-09-05 19:18:59,
6409,3,6409,2022-12-31 19:18:59,2023-11-01 19:18:59,2023-09-05 19:18:59,2023-09-05 19:18:59,
6410,3,6410,2023-07-28 19:18:59,2024-04-10 19:18:59,2023-09-05 19:18:59,2023-09-05 19:18:59,
6411,1,6411,2023-07-06 19:18:59,2024-04-14 19:18:59,2023-09-05 19:18:59,2023-09-05 19:18:59,
6412,2,6412,2023-04-19 19:18:59,2024-01-23 19:18:59,2023-09-05 19:18:59,2023-09-05 19:18:59,
6413,1,6413,2023-08-18 19:18:59,2024-03-06 19:18:59,2023-09-05 19:18:59,2023-09-05 19:18:59,
6414,2,6414,2022-09-07 19:18:59,2024-03-16 19:18:59,2023-09-05 19:18:59,2023-09-05 19:18:59,
6415,1,6415,2023-03-25 19:18:59,2024-04-01 19:18:59,2023-09-05 19:18:59,2023-09-05 19:18:59,
6416,1,6416,2022-11-21 19:18:59,2024-03-24 19:18:59,2023-09-05 19:18:59,2023-09-05 19:18:59,
6417,3,6417,2023-08-29 19:18:59,2024-02-22 19:18:59,2023-09-05 19:18:59,2023-09-05 19:18:59,
6418,3,6418,2023-06-05 19:18:59,2024-04-01 19:18:59,2023-09-05 19:18:59,2023-09-05 19:18:59,
6419,1,6419,2022-10-21 19:18:59,2024-08-16 19:18:59,2023-09-05 19:18:59,2023-09-05 19:18:59,
6420,1,6420,2023-07-27 19:18:59,2024-01-21 19:18:59,2023-09-05 19:18:59,2023-09-05 19:18:59,
6421,1,6421,2022-12-25 19:18:59,2023-11-19 19:18:59,2023-09-05 19:18:59,2023-09-05 19:18:59,
6422,2,6422,2023-04-17 19:18:59,2024-01-09 19:18:59,2023-09-05 19:18:59,2023-09-05 19:18:59,
6423,3,6423,2023-05-17 19:18:59,2023-11-18 19:18:59,2023-09-05 19:18:59,2023-09-05 19:18:59,
6424,3,6424,2023-04-16 19:18:59,2023-12-06 19:18:59,2023-09-05 19:18:59,2023-09-05 19:18:59,
6425,1,6425,2023-08-22 19:18:59,2024-05-11 19:18:59,2023-09-05 19:18:59,2023-09-05 19:18:59,
6426,2,6426,2023-03-11 19:18:59,2024-01-09 19:18:59,2023-09-05 19:18:59,2023-09-05 19:18:59,
6427,3,6427,2023-03-19 19:18:59,2024-05-31 19:18:59,2023-09-05 19:18:59,2023-09-05 19:18:59,
6428,3,6428,2023-02-16 19:18:59,2023-11-23 19:18:59,2023-09-05 19:18:59,2023-09-05 19:18:59,
6429,2,6429,2022-09-27 19:18:59,2024-01-20 19:18:59,2023-09-05 19:18:59,2023-09-05 19:18:59,
6430,2,6430,2023-02-02 19:18:59,2023-12-27 19:18:59,2023-09-05 19:18:59,2023-09-05 19:18:59,
6431,1,6431,2023-03-26 19:18:59,2024-02-20 19:18:59,2023-09-05 19:18:59,2023-09-05 19:18:59,
6432,3,6432,2023-02-25 19:18:59,2024-06-02 19:18:59,2023-09-05 19:18:59,2023-09-05 19:18:59,
6433,1,6433,2023-08-08 19:18:59,2023-10-18 19:18:59,2023-09-05 19:18:59,2023-09-05 19:18:59,
6434,2,6434,2023-08-03 19:18:59,2024-05-22 19:18:59,2023-09-05 19:18:59,2023-09-05 19:18:59,
6435,1,6435,2023-03-04 19:18:59,2023-10-19 19:18:59,2023-09-05 19:18:59,2023-09-05 19:18:59,
6436,1,6436,2023-02-09 19:18:59,2024-04-02 19:18:59,2023-09-05 19:18:59,2023-09-05 19:18:59,
6437,3,6437,2023-06-10 19:18:59,2024-04-07 19:18:59,2023-09-05 19:18:59,2023-09-05 19:18:59,
6438,2,6438,2023-04-05 19:18:59,2023-12-26 19:18:59,2023-09-05 19:18:59,2023-09-05 19:18:59,
6439,2,6439,2023-04-15 19:18:59,2024-04-26 19:18:59,2023-09-05 19:18:59,2023-09-05 19:18:59,
6440,2,6440,2023-06-25 19:18:59,2024-04-29 19:18:59,2023-09-05 19:18:59,2023-09-05 19:18:59,
6441,1,6441,2023-01-07 19:18:59,2024-07-20 19:18:59,2023-09-05 19:18:59,2023-09-05 19:18:59,
6442,1,6442,2023-01-24 19:18:59,2024-07-24 19:18:59,2023-09-05 19:18:59,2023-09-05 19:18:59,
6443,1,6443,2022-09-30 19:18:59,2024-02-08 19:18:59,2023-09-05 19:18:59,2023-09-05 19:18:59,
6444,1,6444,2023-04-01 19:18:59,2024-02-25 19:18:59,2023-09-05 19:18:59,2023-09-05 19:18:59,
6445,2,6445,2023-07-19 19:18:59,2024-01-03 19:18:59,2023-09-05 19:18:59,2023-09-05 19:18:59,
6446,3,6446,2023-08-03 19:18:59,2024-04-16 19:18:59,2023-09-05 19:18:59,2023-09-05 19:18:59,
6447,1,6447,2023-05-03 19:18:59,2024-08-20 19:18:59,2023-09-05 19:18:59,2023-09-05 19:18:59,
6448,3,6448,2023-02-10 19:18:59,2024-08-22 19:18:59,2023-09-05 19:18:59,2023-09-05 19:18:59,
6449,3,6449,2023-07-06 19:18:59,2024-06-07 19:18:59,2023-09-05 19:18:59,2023-09-05 19:18:59,
6450,3,6450,2023-08-12 19:18:59,2024-02-13 19:18:59,2023-09-05 19:18:59,2023-09-05 19:18:59,
6451,3,6451,2023-09-01 19:18:59,2024-03-10 19:18:59,2023-09-05 19:18:59,2023-09-05 19:18:59,
6452,3,6452,2023-03-20 19:18:59,2024-01-15 19:18:59,2023-09-05 19:18:59,2023-09-05 19:18:59,
6453,2,6453,2023-03-13 19:18:59,2024-06-21 19:18:59,2023-09-05 19:18:59,2023-09-05 19:18:59,
6454,2,6454,2023-07-27 19:18:59,2023-12-29 19:18:59,2023-09-05 19:18:59,2023-09-05 19:18:59,
6455,1,6455,2023-05-12 19:18:59,2024-07-31 19:18:59,2023-09-05 19:18:59,2023-09-05 19:18:59,
6456,1,6456,2023-07-13 19:18:59,2023-11-25 19:18:59,2023-09-05 19:18:59,2023-09-05 19:18:59,
6457,3,6457,2022-12-07 19:18:59,2024-05-25 19:18:59,2023-09-05 19:18:59,2023-09-05 19:18:59,
6458,2,6458,2023-04-29 19:18:59,2023-12-07 19:18:59,2023-09-05 19:18:59,2023-09-05 19:18:59,
6459,2,6459,2023-07-14 19:18:59,2024-06-17 19:18:59,2023-09-05 19:18:59,2023-09-05 19:18:59,
6460,3,6460,2023-05-04 19:18:59,2024-06-06 19:18:59,2023-09-05 19:18:59,2023-09-05 19:18:59,
6461,1,6461,2023-01-12 19:18:59,2024-04-29 19:18:59,2023-09-05 19:18:59,2023-09-05 19:18:59,
6462,2,6462,2023-07-20 19:18:59,2024-08-16 19:18:59,2023-09-05 19:18:59,2023-09-05 19:18:59,
6463,2,6463,2022-12-24 19:18:59,2024-04-22 19:18:59,2023-09-05 19:18:59,2023-09-05 19:18:59,
6464,1,6464,2023-08-17 19:18:59,2023-11-07 19:18:59,2023-09-05 19:18:59,2023-09-05 19:18:59,
6465,2,6465,2023-01-18 19:18:59,2024-07-21 19:18:59,2023-09-05 19:18:59,2023-09-05 19:18:59,
6466,1,6466,2023-04-18 19:18:59,2024-07-07 19:18:59,2023-09-05 19:18:59,2023-09-05 19:18:59,
6467,3,6467,2023-02-28 19:18:59,2024-03-10 19:18:59,2023-09-05 19:18:59,2023-09-05 19:18:59,
6468,2,6468,2023-03-06 19:18:59,2023-12-10 19:18:59,2023-09-05 19:18:59,2023-09-05 19:18:59,
6469,3,6469,2023-02-24 19:18:59,2024-01-12 19:18:59,2023-09-05 19:18:59,2023-09-05 19:18:59,
6470,1,6470,2023-04-23 19:18:59,2023-12-06 19:18:59,2023-09-05 19:18:59,2023-09-05 19:18:59,
6471,3,6471,2023-07-19 19:18:59,2023-12-22 19:18:59,2023-09-05 19:18:59,2023-09-05 19:18:59,
6472,3,6472,2023-02-21 19:18:59,2024-02-16 19:18:59,2023-09-05 19:18:59,2023-09-05 19:18:59,
6473,1,6473,2023-06-18 19:18:59,2024-08-25 19:18:59,2023-09-05 19:18:59,2023-09-05 19:18:59,
6474,2,6474,2022-10-25 19:18:59,2024-05-13 19:18:59,2023-09-05 19:18:59,2023-09-05 19:18:59,
6475,1,6475,2022-12-11 19:18:59,2024-07-11 19:18:59,2023-09-05 19:18:59,2023-09-05 19:18:59,
6476,2,6476,2023-05-10 19:18:59,2023-11-27 19:18:59,2023-09-05 19:18:59,2023-09-05 19:18:59,
6477,3,6477,2023-03-18 19:18:59,2024-05-29 19:18:59,2023-09-05 19:18:59,2023-09-05 19:18:59,
6478,2,6478,2022-10-01 19:18:59,2024-01-02 19:18:59,2023-09-05 19:18:59,2023-09-05 19:18:59,
6479,2,6479,2023-02-28 19:18:59,2024-04-17 19:18:59,2023-09-05 19:18:59,2023-09-05 19:18:59,
6480,3,6480,2022-11-02 19:18:59,2024-06-05 19:18:59,2023-09-05 19:18:59,2023-09-05 19:18:59,
6481,2,6481,2023-01-03 19:18:59,2023-12-12 19:18:59,2023-09-05 19:18:59,2023-09-05 19:18:59,
6482,1,6482,2022-09-20 19:18:59,2024-01-14 19:18:59,2023-09-05 19:18:59,2023-09-05 19:18:59,
6483,1,6483,2022-09-24 19:18:59,2024-06-06 19:18:59,2023-09-05 19:18:59,2023-09-05 19:18:59,
6484,1,6484,2023-01-09 19:18:59,2024-07-08 19:18:59,2023-09-05 19:18:59,2023-09-05 19:18:59,
6485,1,6485,2023-06-16 19:18:59,2023-10-05 19:18:59,2023-09-05 19:18:59,2023-09-05 19:18:59,
6486,2,6486,2023-02-11 19:18:59,2024-02-18 19:18:59,2023-09-05 19:18:59,2023-09-05 19:18:59,
6487,2,6487,2023-03-14 19:18:59,2023-10-12 19:18:59,2023-09-05 19:18:59,2023-09-05 19:18:59,
6488,2,6488,2023-06-12 19:18:59,2023-11-25 19:18:59,2023-09-05 19:18:59,2023-09-05 19:18:59,
6489,1,6489,2023-07-27 19:18:59,2024-04-15 19:18:59,2023-09-05 19:18:59,2023-09-05 19:18:59,
6490,1,6490,2023-04-19 19:18:59,2023-12-04 19:18:59,2023-09-05 19:18:59,2023-09-05 19:18:59,
6491,3,6491,2022-12-29 19:18:59,2024-05-04 19:18:59,2023-09-05 19:18:59,2023-09-05 19:18:59,
6492,3,6492,2023-03-22 19:18:59,2024-07-19 19:18:59,2023-09-05 19:18:59,2023-09-05 19:18:59,
6493,2,6493,2023-02-21 19:18:59,2023-11-25 19:18:59,2023-09-05 19:18:59,2023-09-05 19:18:59,
6494,3,6494,2023-01-24 19:18:59,2023-12-21 19:18:59,2023-09-05 19:18:59,2023-09-05 19:18:59,
6495,3,6495,2023-01-24 19:18:59,2024-04-16 19:18:59,2023-09-05 19:18:59,2023-09-05 19:18:59,
6496,2,6496,2022-12-12 19:18:59,2024-02-16 19:18:59,2023-09-05 19:18:59,2023-09-05 19:18:59,
6497,1,6497,2022-09-15 19:18:59,2024-02-10 19:18:59,2023-09-05 19:18:59,2023-09-05 19:18:59,
6498,3,6498,2022-10-03 19:18:59,2024-04-26 19:18:59,2023-09-05 19:18:59,2023-09-05 19:18:59,
6499,1,6499,2023-03-30 19:18:59,2024-02-09 19:18:59,2023-09-05 19:18:59,2023-09-05 19:18:59,
6500,1,6500,2022-09-18 19:18:59,2023-10-10 19:18:59,2023-09-05 19:18:59,2023-09-05 19:18:59,
6501,1,6501,2022-09-11 19:18:59,2024-04-12 19:18:59,2023-09-05 19:18:59,2023-09-05 19:18:59,
6502,2,6502,2022-11-21 19:18:59,2024-04-18 19:18:59,2023-09-05 19:18:59,2023-09-05 19:18:59,
6503,2,6503,2023-01-31 19:18:59,2024-01-18 19:18:59,2023-09-05 19:18:59,2023-09-05 19:18:59,
6504,3,6504,2023-02-20 19:18:59,2024-06-14 19:18:59,2023-09-05 19:18:59,2023-09-05 19:18:59,
6505,1,6505,2023-07-11 19:18:59,2023-12-23 19:18:59,2023-09-05 19:18:59,2023-09-05 19:18:59,
6506,3,6506,2022-10-01 19:18:59,2024-04-21 19:18:59,2023-09-05 19:18:59,2023-09-05 19:18:59,
6507,3,6507,2022-09-08 19:18:59,2024-04-09 19:18:59,2023-09-05 19:18:59,2023-09-05 19:18:59,
6508,1,6508,2022-10-22 19:18:59,2024-04-06 19:18:59,2023-09-05 19:18:59,2023-09-05 19:18:59,
6509,3,6509,2023-03-13 19:18:59,2024-01-03 19:18:59,2023-09-05 19:18:59,2023-09-05 19:18:59,
6510,1,6510,2023-02-26 19:18:59,2024-04-30 19:18:59,2023-09-05 19:18:59,2023-09-05 19:18:59,
6511,2,6511,2022-12-30 19:18:59,2024-07-26 19:18:59,2023-09-05 19:18:59,2023-09-05 19:18:59,
6512,3,6512,2023-06-27 19:18:59,2024-01-07 19:18:59,2023-09-05 19:18:59,2023-09-05 19:18:59,
6513,2,6513,2023-05-21 19:18:59,2024-01-20 19:18:59,2023-09-05 19:18:59,2023-09-05 19:18:59,
6514,3,6514,2023-07-02 19:18:59,2023-10-23 19:18:59,2023-09-05 19:18:59,2023-09-05 19:18:59,
6515,3,6515,2023-08-10 19:18:59,2024-08-25 19:18:59,2023-09-05 19:18:59,2023-09-05 19:18:59,
6516,1,6516,2023-06-21 19:18:59,2024-02-20 19:18:59,2023-09-05 19:18:59,2023-09-05 19:18:59,
6517,3,6517,2023-08-27 19:18:59,2023-10-12 19:18:59,2023-09-05 19:18:59,2023-09-05 19:18:59,
6518,1,6518,2023-03-13 19:18:59,2023-10-05 19:18:59,2023-09-05 19:18:59,2023-09-05 19:18:59,
6519,2,6519,2023-01-25 19:18:59,2024-05-21 19:18:59,2023-09-05 19:18:59,2023-09-05 19:18:59,
6520,2,6520,2023-06-05 19:18:59,2024-03-07 19:18:59,2023-09-05 19:18:59,2023-09-05 19:18:59,
6521,2,6521,2023-06-22 19:18:59,2023-12-17 19:18:59,2023-09-05 19:18:59,2023-09-05 19:18:59,
6522,2,6522,2022-09-21 19:18:59,2023-12-29 19:18:59,2023-09-05 19:18:59,2023-09-05 19:18:59,
6523,3,6523,2023-06-11 19:18:59,2024-05-06 19:18:59,2023-09-05 19:18:59,2023-09-05 19:18:59,
6524,2,6524,2023-08-01 19:18:59,2024-08-04 19:18:59,2023-09-05 19:18:59,2023-09-05 19:18:59,
6525,1,6525,2023-04-08 19:18:59,2023-10-19 19:18:59,2023-09-05 19:18:59,2023-09-05 19:18:59,
6526,3,6526,2023-07-04 19:18:59,2024-02-20 19:18:59,2023-09-05 19:18:59,2023-09-05 19:18:59,
6527,1,6527,2022-12-30 19:18:59,2024-04-07 19:18:59,2023-09-05 19:18:59,2023-09-05 19:18:59,
6528,1,6528,2023-03-27 19:18:59,2023-12-22 19:18:59,2023-09-05 19:18:59,2023-09-05 19:18:59,
6529,1,6529,2022-12-17 19:18:59,2024-03-28 19:18:59,2023-09-05 19:18:59,2023-09-05 19:18:59,
6530,1,6530,2023-05-17 19:18:59,2024-04-28 19:18:59,2023-09-05 19:18:59,2023-09-05 19:18:59,
6531,2,6531,2023-08-08 19:18:59,2024-03-02 19:18:59,2023-09-05 19:18:59,2023-09-05 19:18:59,
6532,2,6532,2023-08-14 19:18:59,2024-08-28 19:18:59,2023-09-05 19:18:59,2023-09-05 19:18:59,
6533,1,6533,2023-06-19 19:18:59,2024-03-28 19:18:59,2023-09-05 19:18:59,2023-09-05 19:18:59,
6534,3,6534,2022-11-09 19:18:59,2024-05-29 19:18:59,2023-09-05 19:18:59,2023-09-05 19:18:59,
6535,2,6535,2023-06-30 19:18:59,2023-11-29 19:18:59,2023-09-05 19:18:59,2023-09-05 19:18:59,
6536,1,6536,2022-11-25 19:18:59,2024-03-30 19:18:59,2023-09-05 19:18:59,2023-09-05 19:18:59,
6537,3,6537,2023-01-09 19:18:59,2024-04-14 19:18:59,2023-09-05 19:18:59,2023-09-05 19:18:59,
6538,3,6538,2023-03-05 19:18:59,2024-03-31 19:18:59,2023-09-05 19:18:59,2023-09-05 19:18:59,
6539,1,6539,2022-12-31 19:18:59,2024-05-22 19:18:59,2023-09-05 19:18:59,2023-09-05 19:18:59,
6540,1,6540,2022-11-26 19:18:59,2024-01-09 19:18:59,2023-09-05 19:18:59,2023-09-05 19:18:59,
6541,2,6541,2022-09-29 19:18:59,2024-05-01 19:18:59,2023-09-05 19:18:59,2023-09-05 19:18:59,
6542,3,6542,2022-10-13 19:18:59,2024-07-04 19:18:59,2023-09-05 19:18:59,2023-09-05 19:18:59,
6543,1,6543,2023-07-26 19:18:59,2023-11-27 19:18:59,2023-09-05 19:18:59,2023-09-05 19:18:59,
6544,1,6544,2023-01-20 19:18:59,2024-04-29 19:18:59,2023-09-05 19:18:59,2023-09-05 19:18:59,
6545,2,6545,2023-01-06 19:18:59,2023-11-17 19:18:59,2023-09-05 19:18:59,2023-09-05 19:18:59,
6546,2,6546,2023-04-02 19:18:59,2023-10-19 19:18:59,2023-09-05 19:18:59,2023-09-05 19:18:59,
6547,1,6547,2023-07-08 19:18:59,2023-12-03 19:18:59,2023-09-05 19:18:59,2023-09-05 19:18:59,
6548,1,6548,2023-08-17 19:18:59,2024-03-17 19:18:59,2023-09-05 19:18:59,2023-09-05 19:18:59,
6549,3,6549,2022-09-08 19:18:59,2024-07-18 19:18:59,2023-09-05 19:18:59,2023-09-05 19:18:59,
6550,1,6550,2023-04-12 19:18:59,2023-10-22 19:18:59,2023-09-05 19:18:59,2023-09-05 19:18:59,
6551,2,6551,2023-06-25 19:18:59,2024-06-28 19:18:59,2023-09-05 19:18:59,2023-09-05 19:18:59,
6552,3,6552,2023-07-28 19:18:59,2023-12-31 19:18:59,2023-09-05 19:18:59,2023-09-05 19:18:59,
6553,1,6553,2022-11-17 19:18:59,2024-06-09 19:18:59,2023-09-05 19:18:59,2023-09-05 19:18:59,
6554,1,6554,2023-06-08 19:18:59,2024-05-04 19:18:59,2023-09-05 19:18:59,2023-09-05 19:18:59,
6555,2,6555,2023-06-19 19:18:59,2024-09-03 19:18:59,2023-09-05 19:18:59,2023-09-05 19:18:59,
6556,2,6556,2023-01-09 19:18:59,2024-08-27 19:18:59,2023-09-05 19:18:59,2023-09-05 19:18:59,
6557,1,6557,2023-01-27 19:18:59,2024-08-06 19:18:59,2023-09-05 19:18:59,2023-09-05 19:18:59,
6558,3,6558,2022-10-21 19:18:59,2024-06-27 19:18:59,2023-09-05 19:18:59,2023-09-05 19:18:59,
6559,3,6559,2023-01-12 19:18:59,2024-07-25 19:18:59,2023-09-05 19:18:59,2023-09-05 19:18:59,
6560,2,6560,2023-04-23 19:18:59,2024-02-06 19:18:59,2023-09-05 19:18:59,2023-09-05 19:18:59,
6561,1,6561,2023-01-12 19:18:59,2024-08-08 19:18:59,2023-09-05 19:18:59,2023-09-05 19:18:59,
6562,2,6562,2022-10-27 19:18:59,2023-10-23 19:18:59,2023-09-05 19:18:59,2023-09-05 19:18:59,
6563,1,6563,2023-08-30 19:18:59,2024-04-29 19:18:59,2023-09-05 19:18:59,2023-09-05 19:18:59,
6564,3,6564,2023-08-27 19:18:59,2023-11-09 19:18:59,2023-09-05 19:18:59,2023-09-05 19:18:59,
6565,3,6565,2023-07-18 19:18:59,2024-07-28 19:18:59,2023-09-05 19:18:59,2023-09-05 19:18:59,
6566,2,6566,2023-06-16 19:18:59,2024-08-03 19:18:59,2023-09-05 19:18:59,2023-09-05 19:18:59,
6567,1,6567,2023-08-21 19:18:59,2024-06-14 19:18:59,2023-09-05 19:18:59,2023-09-05 19:18:59,
6568,3,6568,2022-11-09 19:18:59,2024-06-21 19:18:59,2023-09-05 19:18:59,2023-09-05 19:18:59,
6569,2,6569,2022-11-29 19:18:59,2023-12-19 19:18:59,2023-09-05 19:18:59,2023-09-05 19:18:59,
6570,1,6570,2023-08-25 19:18:59,2023-11-21 19:18:59,2023-09-05 19:18:59,2023-09-05 19:18:59,
6571,1,6571,2022-10-31 19:18:59,2024-06-26 19:18:59,2023-09-05 19:18:59,2023-09-05 19:18:59,
6572,2,6572,2023-04-27 19:18:59,2023-10-16 19:18:59,2023-09-05 19:18:59,2023-09-05 19:18:59,
6573,3,6573,2022-09-30 19:18:59,2024-07-17 19:18:59,2023-09-05 19:18:59,2023-09-05 19:18:59,
6574,2,6574,2022-12-31 19:18:59,2024-02-07 19:18:59,2023-09-05 19:18:59,2023-09-05 19:18:59,
6575,1,6575,2023-04-21 19:18:59,2024-08-23 19:18:59,2023-09-05 19:18:59,2023-09-05 19:18:59,
6576,3,6576,2023-02-07 19:18:59,2024-03-11 19:18:59,2023-09-05 19:18:59,2023-09-05 19:18:59,
6577,3,6577,2022-09-12 19:18:59,2023-11-20 19:18:59,2023-09-05 19:18:59,2023-09-05 19:18:59,
6578,3,6578,2022-09-26 19:18:59,2024-08-17 19:18:59,2023-09-05 19:18:59,2023-09-05 19:18:59,
6579,1,6579,2023-04-14 19:18:59,2023-12-06 19:18:59,2023-09-05 19:18:59,2023-09-05 19:18:59,
6580,3,6580,2022-09-21 19:18:59,2023-11-28 19:18:59,2023-09-05 19:18:59,2023-09-05 19:18:59,
6581,2,6581,2022-10-30 19:18:59,2024-07-04 19:18:59,2023-09-05 19:18:59,2023-09-05 19:18:59,
6582,3,6582,2022-10-26 19:18:59,2023-10-13 19:18:59,2023-09-05 19:18:59,2023-09-05 19:18:59,
6583,1,6583,2023-05-18 19:18:59,2024-01-25 19:18:59,2023-09-05 19:18:59,2023-09-05 19:18:59,
6584,1,6584,2022-10-17 19:18:59,2024-08-24 19:18:59,2023-09-05 19:18:59,2023-09-05 19:18:59,
6585,3,6585,2022-12-13 19:18:59,2024-01-11 19:18:59,2023-09-05 19:18:59,2023-09-05 19:18:59,
6586,3,6586,2023-06-19 19:18:59,2023-10-07 19:18:59,2023-09-05 19:18:59,2023-09-05 19:18:59,
6587,1,6587,2022-12-17 19:18:59,2024-04-30 19:18:59,2023-09-05 19:18:59,2023-09-05 19:18:59,
6588,1,6588,2022-11-09 19:18:59,2024-07-27 19:18:59,2023-09-05 19:18:59,2023-09-05 19:18:59,
6589,2,6589,2023-01-19 19:18:59,2024-03-29 19:18:59,2023-09-05 19:18:59,2023-09-05 19:18:59,
6590,1,6590,2023-01-26 19:18:59,2024-06-28 19:18:59,2023-09-05 19:18:59,2023-09-05 19:18:59,
6591,1,6591,2023-02-06 19:18:59,2024-02-15 19:18:59,2023-09-05 19:18:59,2023-09-05 19:18:59,
6592,3,6592,2023-06-25 19:18:59,2024-03-01 19:18:59,2023-09-05 19:18:59,2023-09-05 19:18:59,
6593,1,6593,2023-07-09 19:18:59,2024-04-22 19:18:59,2023-09-05 19:18:59,2023-09-05 19:18:59,
6594,2,6594,2023-07-20 19:18:59,2023-10-22 19:18:59,2023-09-05 19:18:59,2023-09-05 19:18:59,
6595,1,6595,2023-03-10 19:18:59,2024-05-09 19:18:59,2023-09-05 19:18:59,2023-09-05 19:18:59,
6596,1,6596,2023-04-29 19:18:59,2024-05-10 19:18:59,2023-09-05 19:18:59,2023-09-05 19:18:59,
6597,3,6597,2023-02-07 19:18:59,2024-05-01 19:18:59,2023-09-05 19:18:59,2023-09-05 19:18:59,
6598,2,6598,2022-11-09 19:18:59,2024-06-17 19:18:59,2023-09-05 19:18:59,2023-09-05 19:18:59,
6599,1,6599,2023-03-20 19:18:59,2024-06-21 19:18:59,2023-09-05 19:18:59,2023-09-05 19:18:59,
6600,2,6600,2023-01-19 19:18:59,2024-06-03 19:18:59,2023-09-05 19:18:59,2023-09-05 19:18:59,
6601,3,6601,2023-06-24 19:18:59,2024-02-02 19:18:59,2023-09-05 19:18:59,2023-09-05 19:18:59,
6602,2,6602,2023-08-08 19:18:59,2024-02-13 19:18:59,2023-09-05 19:18:59,2023-09-05 19:18:59,
6603,2,6603,2023-06-28 19:18:59,2024-03-21 19:18:59,2023-09-05 19:18:59,2023-09-05 19:18:59,
6604,1,6604,2023-02-09 19:18:59,2024-03-14 19:18:59,2023-09-05 19:18:59,2023-09-05 19:18:59,
6605,2,6605,2022-10-20 19:18:59,2024-01-27 19:18:59,2023-09-05 19:18:59,2023-09-05 19:18:59,
6606,2,6606,2023-02-21 19:18:59,2023-12-26 19:18:59,2023-09-05 19:18:59,2023-09-05 19:18:59,
6607,3,6607,2023-01-09 19:18:59,2024-04-13 19:18:59,2023-09-05 19:18:59,2023-09-05 19:18:59,
6608,2,6608,2022-12-10 19:18:59,2024-06-16 19:18:59,2023-09-05 19:18:59,2023-09-05 19:18:59,
6609,1,6609,2023-01-05 19:18:59,2023-10-09 19:18:59,2023-09-05 19:18:59,2023-09-05 19:18:59,
6610,3,6610,2023-02-01 19:18:59,2024-02-27 19:18:59,2023-09-05 19:18:59,2023-09-05 19:18:59,
6611,2,6611,2023-05-07 19:18:59,2024-01-08 19:18:59,2023-09-05 19:18:59,2023-09-05 19:18:59,
6612,2,6612,2023-05-14 19:18:59,2023-10-25 19:18:59,2023-09-05 19:18:59,2023-09-05 19:18:59,
6613,2,6613,2023-03-10 19:18:59,2024-09-02 19:18:59,2023-09-05 19:18:59,2023-09-05 19:18:59,
6614,2,6614,2023-01-08 19:18:59,2024-08-29 19:18:59,2023-09-05 19:18:59,2023-09-05 19:18:59,
6615,3,6615,2022-12-31 19:18:59,2023-11-01 19:18:59,2023-09-05 19:18:59,2023-09-05 19:18:59,
6616,2,6616,2022-09-27 19:18:59,2024-04-08 19:18:59,2023-09-05 19:18:59,2023-09-05 19:18:59,
6617,2,6617,2022-10-29 19:18:59,2024-03-27 19:18:59,2023-09-05 19:18:59,2023-09-05 19:18:59,
6618,2,6618,2023-07-05 19:18:59,2023-12-31 19:18:59,2023-09-05 19:18:59,2023-09-05 19:18:59,
6619,3,6619,2022-12-16 19:18:59,2024-05-15 19:18:59,2023-09-05 19:18:59,2023-09-05 19:18:59,
6620,2,6620,2023-05-25 19:18:59,2024-07-15 19:18:59,2023-09-05 19:18:59,2023-09-05 19:18:59,
6621,3,6621,2023-02-07 19:18:59,2024-04-27 19:18:59,2023-09-05 19:18:59,2023-09-05 19:18:59,
6622,2,6622,2022-10-04 19:18:59,2024-01-31 19:18:59,2023-09-05 19:18:59,2023-09-05 19:18:59,
6623,2,6623,2023-02-20 19:18:59,2024-05-03 19:18:59,2023-09-05 19:18:59,2023-09-05 19:18:59,
6624,1,6624,2023-06-06 19:18:59,2024-07-08 19:18:59,2023-09-05 19:18:59,2023-09-05 19:18:59,
6625,1,6625,2023-08-08 19:18:59,2024-02-19 19:18:59,2023-09-05 19:18:59,2023-09-05 19:18:59,
6626,1,6626,2023-03-06 19:18:59,2024-07-29 19:18:59,2023-09-05 19:18:59,2023-09-05 19:18:59,
6627,2,6627,2023-06-02 19:18:59,2024-06-10 19:18:59,2023-09-05 19:18:59,2023-09-05 19:18:59,
6628,2,6628,2023-03-25 19:18:59,2024-06-21 19:18:59,2023-09-05 19:18:59,2023-09-05 19:18:59,
6629,3,6629,2022-11-30 19:18:59,2023-11-19 19:18:59,2023-09-05 19:18:59,2023-09-05 19:18:59,
6630,2,6630,2023-04-29 19:18:59,2024-03-05 19:18:59,2023-09-05 19:18:59,2023-09-05 19:18:59,
6631,3,6631,2023-06-03 19:18:59,2024-01-23 19:18:59,2023-09-05 19:18:59,2023-09-05 19:18:59,
6632,2,6632,2023-06-12 19:18:59,2024-06-20 19:18:59,2023-09-05 19:18:59,2023-09-05 19:18:59,
6633,1,6633,2023-02-08 19:18:59,2024-08-26 19:18:59,2023-09-05 19:18:59,2023-09-05 19:18:59,
6634,2,6634,2023-08-01 19:18:59,2024-05-17 19:18:59,2023-09-05 19:18:59,2023-09-05 19:18:59,
6635,3,6635,2023-05-09 19:18:59,2023-10-15 19:18:59,2023-09-05 19:18:59,2023-09-05 19:18:59,
6636,2,6636,2023-07-08 19:18:59,2024-03-16 19:18:59,2023-09-05 19:18:59,2023-09-05 19:18:59,
6637,3,6637,2023-05-12 19:18:59,2024-03-31 19:18:59,2023-09-05 19:18:59,2023-09-05 19:18:59,
6638,3,6638,2023-05-08 19:18:59,2024-01-19 19:18:59,2023-09-05 19:18:59,2023-09-05 19:18:59,
6639,2,6639,2022-11-05 19:18:59,2023-10-27 19:18:59,2023-09-05 19:18:59,2023-09-05 19:18:59,
6640,1,6640,2023-06-09 19:18:59,2024-04-09 19:18:59,2023-09-05 19:18:59,2023-09-05 19:18:59,
6641,3,6641,2023-09-03 19:18:59,2024-01-16 19:18:59,2023-09-05 19:18:59,2023-09-05 19:18:59,
6642,3,6642,2022-09-21 19:18:59,2024-05-24 19:18:59,2023-09-05 19:18:59,2023-09-05 19:18:59,
6643,3,6643,2023-04-18 19:18:59,2023-10-22 19:18:59,2023-09-05 19:18:59,2023-09-05 19:18:59,
6644,3,6644,2022-10-15 19:18:59,2024-06-06 19:18:59,2023-09-05 19:18:59,2023-09-05 19:18:59,
6645,3,6645,2023-09-02 19:18:59,2024-05-20 19:18:59,2023-09-05 19:18:59,2023-09-05 19:18:59,
6646,2,6646,2022-10-15 19:18:59,2024-07-26 19:18:59,2023-09-05 19:18:59,2023-09-05 19:18:59,
6647,1,6647,2023-05-08 19:18:59,2024-03-01 19:18:59,2023-09-05 19:18:59,2023-09-05 19:18:59,
6648,3,6648,2023-02-13 19:18:59,2024-05-07 19:18:59,2023-09-05 19:18:59,2023-09-05 19:18:59,
6649,2,6649,2022-09-20 19:18:59,2024-04-03 19:18:59,2023-09-05 19:18:59,2023-09-05 19:18:59,
6650,2,6650,2023-01-12 19:18:59,2024-07-09 19:18:59,2023-09-05 19:18:59,2023-09-05 19:18:59,
6651,3,6651,2023-02-16 19:18:59,2024-01-10 19:18:59,2023-09-05 19:18:59,2023-09-05 19:18:59,
6652,2,6652,2023-03-16 19:18:59,2023-12-14 19:18:59,2023-09-05 19:18:59,2023-09-05 19:18:59,
6653,1,6653,2023-04-14 19:18:59,2024-05-08 19:18:59,2023-09-05 19:18:59,2023-09-05 19:18:59,
6654,1,6654,2023-01-04 19:18:59,2024-05-31 19:18:59,2023-09-05 19:18:59,2023-09-05 19:18:59,
6655,2,6655,2023-07-23 19:18:59,2024-03-06 19:18:59,2023-09-05 19:18:59,2023-09-05 19:18:59,
6656,1,6656,2022-11-30 19:18:59,2024-08-23 19:18:59,2023-09-05 19:18:59,2023-09-05 19:18:59,
6657,1,6657,2023-04-22 19:18:59,2024-07-18 19:18:59,2023-09-05 19:18:59,2023-09-05 19:18:59,
6658,2,6658,2023-06-22 19:18:59,2024-07-07 19:18:59,2023-09-05 19:18:59,2023-09-05 19:18:59,
6659,1,6659,2023-07-12 19:18:59,2024-04-19 19:18:59,2023-09-05 19:18:59,2023-09-05 19:18:59,
6660,2,6660,2023-01-30 19:18:59,2023-12-22 19:18:59,2023-09-05 19:18:59,2023-09-05 19:18:59,
6661,2,6661,2022-11-15 19:18:59,2024-07-03 19:18:59,2023-09-05 19:18:59,2023-09-05 19:18:59,
6662,3,6662,2022-12-01 19:18:59,2024-04-04 19:18:59,2023-09-05 19:18:59,2023-09-05 19:18:59,
6663,3,6663,2022-12-09 19:18:59,2024-07-06 19:18:59,2023-09-05 19:18:59,2023-09-05 19:18:59,
6664,2,6664,2022-12-09 19:18:59,2023-11-24 19:18:59,2023-09-05 19:18:59,2023-09-05 19:18:59,
6665,1,6665,2023-03-04 19:18:59,2024-08-06 19:18:59,2023-09-05 19:18:59,2023-09-05 19:18:59,
6666,3,6666,2023-03-29 19:18:59,2024-07-29 19:18:59,2023-09-05 19:18:59,2023-09-05 19:18:59,
6667,3,6667,2022-10-11 19:18:59,2024-04-08 19:18:59,2023-09-05 19:18:59,2023-09-05 19:18:59,
6668,1,6668,2023-06-29 19:18:59,2024-07-15 19:18:59,2023-09-05 19:18:59,2023-09-05 19:18:59,
6669,1,6669,2022-12-05 19:18:59,2024-04-11 19:18:59,2023-09-05 19:18:59,2023-09-05 19:18:59,
6670,1,6670,2023-06-11 19:18:59,2023-11-29 19:18:59,2023-09-05 19:18:59,2023-09-05 19:18:59,
6671,1,6671,2022-12-18 19:18:59,2024-04-04 19:18:59,2023-09-05 19:18:59,2023-09-05 19:18:59,
6672,3,6672,2023-04-19 19:18:59,2024-04-13 19:18:59,2023-09-05 19:18:59,2023-09-05 19:18:59,
6673,3,6673,2022-11-19 19:18:59,2023-11-16 19:18:59,2023-09-05 19:18:59,2023-09-05 19:18:59,
6674,2,6674,2023-01-29 19:18:59,2023-10-07 19:18:59,2023-09-05 19:18:59,2023-09-05 19:18:59,
6675,1,6675,2022-11-05 19:18:59,2024-04-28 19:18:59,2023-09-05 19:18:59,2023-09-05 19:18:59,
6676,2,6676,2022-11-17 19:18:59,2024-07-01 19:18:59,2023-09-05 19:18:59,2023-09-05 19:18:59,
6677,2,6677,2023-02-20 19:18:59,2024-04-26 19:18:59,2023-09-05 19:18:59,2023-09-05 19:18:59,
6678,3,6678,2023-08-05 19:18:59,2024-02-11 19:18:59,2023-09-05 19:18:59,2023-09-05 19:18:59,
6679,3,6679,2023-07-04 19:18:59,2024-08-16 19:18:59,2023-09-05 19:18:59,2023-09-05 19:18:59,
6680,2,6680,2023-03-25 19:18:59,2024-01-05 19:18:59,2023-09-05 19:18:59,2023-09-05 19:18:59,
6681,2,6681,2023-01-03 19:18:59,2024-04-07 19:18:59,2023-09-05 19:18:59,2023-09-05 19:18:59,
6682,2,6682,2023-01-30 19:18:59,2024-08-22 19:18:59,2023-09-05 19:18:59,2023-09-05 19:18:59,
6683,3,6683,2023-05-05 19:18:59,2024-07-22 19:18:59,2023-09-05 19:18:59,2023-09-05 19:18:59,
6684,2,6684,2023-06-21 19:18:59,2023-12-25 19:18:59,2023-09-05 19:18:59,2023-09-05 19:18:59,
6685,1,6685,2023-03-07 19:18:59,2023-12-22 19:18:59,2023-09-05 19:18:59,2023-09-05 19:18:59,
6686,3,6686,2023-02-23 19:18:59,2024-03-26 19:18:59,2023-09-05 19:18:59,2023-09-05 19:18:59,
6687,3,6687,2023-08-29 19:18:59,2024-05-13 19:18:59,2023-09-05 19:18:59,2023-09-05 19:18:59,
6688,2,6688,2023-06-25 19:18:59,2023-12-26 19:18:59,2023-09-05 19:18:59,2023-09-05 19:18:59,
6689,2,6689,2023-01-01 19:18:59,2024-08-07 19:18:59,2023-09-05 19:18:59,2023-09-05 19:18:59,
6690,3,6690,2023-01-12 19:18:59,2024-01-22 19:18:59,2023-09-05 19:18:59,2023-09-05 19:18:59,
6691,1,6691,2023-02-26 19:18:59,2024-09-02 19:18:59,2023-09-05 19:18:59,2023-09-05 19:18:59,
6692,2,6692,2023-01-13 19:18:59,2023-12-31 19:18:59,2023-09-05 19:18:59,2023-09-05 19:18:59,
6693,2,6693,2023-01-19 19:18:59,2023-11-09 19:18:59,2023-09-05 19:18:59,2023-09-05 19:18:59,
6694,2,6694,2023-05-13 19:18:59,2023-11-25 19:18:59,2023-09-05 19:18:59,2023-09-05 19:18:59,
6695,1,6695,2023-08-20 19:18:59,2023-12-26 19:18:59,2023-09-05 19:18:59,2023-09-05 19:18:59,
6696,1,6696,2023-03-10 19:18:59,2023-10-14 19:18:59,2023-09-05 19:18:59,2023-09-05 19:18:59,
6697,2,6697,2023-08-09 19:18:59,2024-04-09 19:18:59,2023-09-05 19:18:59,2023-09-05 19:18:59,
6698,3,6698,2023-01-31 19:18:59,2024-02-17 19:18:59,2023-09-05 19:18:59,2023-09-05 19:18:59,
6699,1,6699,2022-10-20 19:18:59,2023-11-17 19:18:59,2023-09-05 19:18:59,2023-09-05 19:18:59,
6700,1,6700,2022-11-12 19:18:59,2023-12-27 19:18:59,2023-09-05 19:18:59,2023-09-05 19:18:59,
6701,2,6701,2023-02-13 19:18:59,2024-02-09 19:18:59,2023-09-05 19:18:59,2023-09-05 19:18:59,
6702,2,6702,2023-05-26 19:18:59,2023-11-09 19:18:59,2023-09-05 19:18:59,2023-09-05 19:18:59,
6703,1,6703,2023-04-20 19:18:59,2024-02-26 19:18:59,2023-09-05 19:18:59,2023-09-05 19:18:59,
6704,1,6704,2023-07-23 19:18:59,2024-04-28 19:18:59,2023-09-05 19:18:59,2023-09-05 19:18:59,
6705,3,6705,2023-03-15 19:18:59,2024-01-14 19:18:59,2023-09-05 19:18:59,2023-09-05 19:18:59,
6706,2,6706,2023-08-14 19:18:59,2024-07-27 19:18:59,2023-09-05 19:18:59,2023-09-05 19:18:59,
6707,3,6707,2023-07-26 19:18:59,2024-01-04 19:18:59,2023-09-05 19:18:59,2023-09-05 19:18:59,
6708,3,6708,2023-07-30 19:18:59,2024-02-10 19:18:59,2023-09-05 19:18:59,2023-09-05 19:18:59,
6709,1,6709,2023-04-28 19:18:59,2024-09-04 19:18:59,2023-09-05 19:18:59,2023-09-05 19:18:59,
6710,1,6710,2023-08-09 19:18:59,2023-10-18 19:18:59,2023-09-05 19:18:59,2023-09-05 19:18:59,
6711,1,6711,2022-12-11 19:18:59,2024-05-24 19:18:59,2023-09-05 19:18:59,2023-09-05 19:18:59,
6712,3,6712,2022-12-16 19:18:59,2024-05-21 19:18:59,2023-09-05 19:18:59,2023-09-05 19:18:59,
6713,3,6713,2023-07-01 19:18:59,2024-08-16 19:18:59,2023-09-05 19:18:59,2023-09-05 19:18:59,
6714,2,6714,2022-12-21 19:18:59,2024-01-26 19:18:59,2023-09-05 19:18:59,2023-09-05 19:18:59,
6715,1,6715,2022-09-06 19:18:59,2024-07-13 19:18:59,2023-09-05 19:18:59,2023-09-05 19:18:59,
6716,3,6716,2023-07-04 19:18:59,2024-01-18 19:18:59,2023-09-05 19:18:59,2023-09-05 19:18:59,
6717,3,6717,2023-01-31 19:18:59,2023-11-20 19:18:59,2023-09-05 19:18:59,2023-09-05 19:18:59,
6718,2,6718,2022-12-18 19:18:59,2024-02-09 19:18:59,2023-09-05 19:18:59,2023-09-05 19:18:59,
6719,2,6719,2022-12-18 19:18:59,2024-07-10 19:18:59,2023-09-05 19:18:59,2023-09-05 19:18:59,
6720,2,6720,2022-09-22 19:18:59,2024-07-27 19:18:59,2023-09-05 19:18:59,2023-09-05 19:18:59,
6721,2,6721,2023-06-28 19:18:59,2023-11-19 19:18:59,2023-09-05 19:18:59,2023-09-05 19:18:59,
6722,3,6722,2022-09-06 19:18:59,2023-12-19 19:18:59,2023-09-05 19:18:59,2023-09-05 19:18:59,
6723,1,6723,2022-10-10 19:18:59,2024-05-01 19:18:59,2023-09-05 19:18:59,2023-09-05 19:18:59,
6724,2,6724,2022-09-16 19:18:59,2023-12-06 19:18:59,2023-09-05 19:18:59,2023-09-05 19:18:59,
6725,3,6725,2023-04-26 19:18:59,2024-04-27 19:18:59,2023-09-05 19:18:59,2023-09-05 19:18:59,
6726,2,6726,2022-10-04 19:18:59,2023-11-30 19:18:59,2023-09-05 19:18:59,2023-09-05 19:18:59,
6727,2,6727,2023-01-15 19:18:59,2024-07-02 19:18:59,2023-09-05 19:18:59,2023-09-05 19:18:59,
6728,1,6728,2023-08-25 19:18:59,2024-04-30 19:18:59,2023-09-05 19:18:59,2023-09-05 19:18:59,
6729,2,6729,2023-06-16 19:18:59,2024-06-25 19:18:59,2023-09-05 19:18:59,2023-09-05 19:18:59,
6730,3,6730,2022-11-04 19:18:59,2024-04-21 19:18:59,2023-09-05 19:18:59,2023-09-05 19:18:59,
6731,2,6731,2022-10-22 19:18:59,2023-10-06 19:18:59,2023-09-05 19:18:59,2023-09-05 19:18:59,
6732,3,6732,2023-08-07 19:18:59,2024-06-04 19:18:59,2023-09-05 19:18:59,2023-09-05 19:18:59,
6733,2,6733,2023-07-10 19:18:59,2024-06-13 19:18:59,2023-09-05 19:18:59,2023-09-05 19:18:59,
6734,2,6734,2022-09-15 19:18:59,2024-07-15 19:18:59,2023-09-05 19:18:59,2023-09-05 19:18:59,
6735,3,6735,2023-08-01 19:18:59,2024-03-14 19:18:59,2023-09-05 19:18:59,2023-09-05 19:18:59,
6736,2,6736,2022-10-24 19:18:59,2024-05-07 19:18:59,2023-09-05 19:18:59,2023-09-05 19:18:59,
6737,1,6737,2023-01-02 19:18:59,2024-07-22 19:18:59,2023-09-05 19:18:59,2023-09-05 19:18:59,
6738,2,6738,2023-07-17 19:18:59,2024-01-17 19:18:59,2023-09-05 19:18:59,2023-09-05 19:18:59,
6739,3,6739,2023-04-11 19:18:59,2024-04-26 19:18:59,2023-09-05 19:18:59,2023-09-05 19:18:59,
6740,3,6740,2022-12-05 19:18:59,2024-08-03 19:18:59,2023-09-05 19:18:59,2023-09-05 19:18:59,
6741,3,6741,2023-01-14 19:18:59,2023-10-12 19:18:59,2023-09-05 19:18:59,2023-09-05 19:18:59,
6742,3,6742,2022-12-18 19:18:59,2024-06-14 19:18:59,2023-09-05 19:18:59,2023-09-05 19:18:59,
6743,1,6743,2023-07-27 19:18:59,2023-10-27 19:18:59,2023-09-05 19:18:59,2023-09-05 19:18:59,
6744,1,6744,2022-10-15 19:18:59,2023-11-22 19:18:59,2023-09-05 19:18:59,2023-09-05 19:18:59,
6745,1,6745,2023-03-08 19:18:59,2024-02-11 19:18:59,2023-09-05 19:18:59,2023-09-05 19:18:59,
6746,3,6746,2023-07-06 19:18:59,2024-04-28 19:18:59,2023-09-05 19:18:59,2023-09-05 19:18:59,
6747,2,6747,2023-08-27 19:18:59,2024-03-25 19:18:59,2023-09-05 19:18:59,2023-09-05 19:18:59,
6748,2,6748,2023-04-01 19:18:59,2024-03-26 19:18:59,2023-09-05 19:18:59,2023-09-05 19:18:59,
6749,3,6749,2023-04-11 19:18:59,2024-07-02 19:18:59,2023-09-05 19:18:59,2023-09-05 19:18:59,
6750,1,6750,2023-06-15 19:18:59,2024-01-24 19:18:59,2023-09-05 19:18:59,2023-09-05 19:18:59,
6751,2,6751,2022-09-19 19:18:59,2023-10-30 19:18:59,2023-09-05 19:18:59,2023-09-05 19:18:59,
6752,3,6752,2023-07-26 19:18:59,2023-11-29 19:18:59,2023-09-05 19:18:59,2023-09-05 19:18:59,
6753,2,6753,2023-08-20 19:18:59,2023-12-16 19:18:59,2023-09-05 19:18:59,2023-09-05 19:18:59,
6754,2,6754,2023-01-14 19:18:59,2024-06-26 19:18:59,2023-09-05 19:18:59,2023-09-05 19:18:59,
6755,3,6755,2023-04-10 19:18:59,2023-11-11 19:18:59,2023-09-05 19:18:59,2023-09-05 19:18:59,
6756,3,6756,2023-05-19 19:18:59,2023-10-09 19:18:59,2023-09-05 19:18:59,2023-09-05 19:18:59,
6757,2,6757,2023-03-29 19:18:59,2024-05-30 19:18:59,2023-09-05 19:18:59,2023-09-05 19:18:59,
6758,1,6758,2022-09-21 19:18:59,2023-11-16 19:18:59,2023-09-05 19:18:59,2023-09-05 19:18:59,
6759,3,6759,2022-11-13 19:18:59,2024-08-01 19:18:59,2023-09-05 19:18:59,2023-09-05 19:18:59,
6760,1,6760,2022-09-21 19:18:59,2024-01-20 19:18:59,2023-09-05 19:18:59,2023-09-05 19:18:59,
6761,1,6761,2023-04-28 19:18:59,2024-02-24 19:18:59,2023-09-05 19:18:59,2023-09-05 19:18:59,
6762,2,6762,2022-12-05 19:18:59,2024-05-21 19:18:59,2023-09-05 19:18:59,2023-09-05 19:18:59,
6763,2,6763,2022-10-04 19:18:59,2024-07-07 19:18:59,2023-09-05 19:18:59,2023-09-05 19:18:59,
6764,3,6764,2023-04-30 19:18:59,2024-08-05 19:18:59,2023-09-05 19:18:59,2023-09-05 19:18:59,
6765,1,6765,2023-03-15 19:18:59,2024-01-13 19:18:59,2023-09-05 19:18:59,2023-09-05 19:18:59,
6766,1,6766,2023-02-05 19:18:59,2023-10-22 19:18:59,2023-09-05 19:18:59,2023-09-05 19:18:59,
6767,1,6767,2023-01-31 19:18:59,2024-04-12 19:18:59,2023-09-05 19:18:59,2023-09-05 19:18:59,
6768,1,6768,2023-01-08 19:18:59,2023-10-29 19:18:59,2023-09-05 19:18:59,2023-09-05 19:18:59,
6769,1,6769,2022-11-21 19:18:59,2024-06-09 19:18:59,2023-09-05 19:18:59,2023-09-05 19:18:59,
6770,1,6770,2022-11-26 19:18:59,2024-08-24 19:18:59,2023-09-05 19:18:59,2023-09-05 19:18:59,
6771,2,6771,2023-05-19 19:18:59,2024-07-06 19:18:59,2023-09-05 19:18:59,2023-09-05 19:18:59,
6772,3,6772,2023-04-15 19:18:59,2024-05-19 19:18:59,2023-09-05 19:18:59,2023-09-05 19:18:59,
6773,3,6773,2023-08-22 19:18:59,2024-03-16 19:18:59,2023-09-05 19:18:59,2023-09-05 19:18:59,
6774,1,6774,2023-06-17 19:18:59,2024-05-06 19:18:59,2023-09-05 19:18:59,2023-09-05 19:18:59,
6775,2,6775,2022-11-15 19:18:59,2024-08-09 19:18:59,2023-09-05 19:18:59,2023-09-05 19:18:59,
6776,1,6776,2023-05-24 19:18:59,2024-08-30 19:18:59,2023-09-05 19:18:59,2023-09-05 19:18:59,
6777,1,6777,2023-02-13 19:18:59,2024-02-13 19:18:59,2023-09-05 19:18:59,2023-09-05 19:18:59,
6778,1,6778,2023-01-03 19:18:59,2023-10-10 19:18:59,2023-09-05 19:18:59,2023-09-05 19:18:59,
6779,1,6779,2022-10-24 19:18:59,2024-04-18 19:18:59,2023-09-05 19:18:59,2023-09-05 19:18:59,
6780,2,6780,2022-09-07 19:18:59,2023-11-15 19:18:59,2023-09-05 19:18:59,2023-09-05 19:18:59,
6781,3,6781,2023-06-28 19:18:59,2024-03-31 19:18:59,2023-09-05 19:18:59,2023-09-05 19:18:59,
6782,1,6782,2023-04-19 19:18:59,2024-06-21 19:18:59,2023-09-05 19:18:59,2023-09-05 19:18:59,
6783,3,6783,2023-06-04 19:18:59,2023-11-11 19:18:59,2023-09-05 19:18:59,2023-09-05 19:18:59,
6784,2,6784,2023-04-24 19:18:59,2023-11-26 19:18:59,2023-09-05 19:18:59,2023-09-05 19:18:59,
6785,2,6785,2023-02-23 19:18:59,2024-03-24 19:18:59,2023-09-05 19:18:59,2023-09-05 19:18:59,
6786,3,6786,2023-06-09 19:18:59,2024-04-19 19:18:59,2023-09-05 19:18:59,2023-09-05 19:18:59,
6787,3,6787,2022-10-24 19:18:59,2024-01-14 19:18:59,2023-09-05 19:18:59,2023-09-05 19:18:59,
6788,1,6788,2023-01-05 19:18:59,2024-02-01 19:18:59,2023-09-05 19:18:59,2023-09-05 19:18:59,
6789,1,6789,2023-01-04 19:18:59,2024-03-31 19:18:59,2023-09-05 19:18:59,2023-09-05 19:18:59,
6790,1,6790,2022-10-22 19:18:59,2023-11-12 19:18:59,2023-09-05 19:18:59,2023-09-05 19:18:59,
6791,3,6791,2023-03-02 19:18:59,2024-02-20 19:18:59,2023-09-05 19:18:59,2023-09-05 19:18:59,
6792,3,6792,2023-01-01 19:18:59,2023-12-11 19:18:59,2023-09-05 19:18:59,2023-09-05 19:18:59,
6793,1,6793,2023-07-03 19:18:59,2024-03-15 19:18:59,2023-09-05 19:18:59,2023-09-05 19:18:59,
6794,3,6794,2022-09-19 19:18:59,2023-10-21 19:18:59,2023-09-05 19:18:59,2023-09-05 19:18:59,
6795,3,6795,2023-01-09 19:18:59,2024-08-23 19:18:59,2023-09-05 19:18:59,2023-09-05 19:18:59,
6796,1,6796,2023-04-02 19:18:59,2023-11-06 19:18:59,2023-09-05 19:18:59,2023-09-05 19:18:59,
6797,1,6797,2023-01-25 19:18:59,2024-02-04 19:18:59,2023-09-05 19:18:59,2023-09-05 19:18:59,
6798,2,6798,2022-12-19 19:18:59,2024-05-26 19:18:59,2023-09-05 19:18:59,2023-09-05 19:18:59,
6799,3,6799,2022-11-06 19:18:59,2023-12-11 19:18:59,2023-09-05 19:18:59,2023-09-05 19:18:59,
6800,1,6800,2023-04-26 19:18:59,2023-12-21 19:18:59,2023-09-05 19:18:59,2023-09-05 19:18:59,
6801,1,6801,2022-09-18 19:18:59,2023-10-16 19:18:59,2023-09-05 19:18:59,2023-09-05 19:18:59,
6802,3,6802,2023-07-21 19:18:59,2023-10-11 19:18:59,2023-09-05 19:18:59,2023-09-05 19:18:59,
6803,2,6803,2023-01-30 19:18:59,2024-06-19 19:18:59,2023-09-05 19:18:59,2023-09-05 19:18:59,
6804,3,6804,2023-01-18 19:18:59,2024-06-24 19:18:59,2023-09-05 19:18:59,2023-09-05 19:18:59,
6805,3,6805,2023-03-09 19:18:59,2024-05-25 19:18:59,2023-09-05 19:18:59,2023-09-05 19:18:59,
6806,1,6806,2023-06-28 19:18:59,2024-06-02 19:18:59,2023-09-05 19:18:59,2023-09-05 19:18:59,
6807,3,6807,2022-12-14 19:18:59,2024-07-14 19:18:59,2023-09-05 19:18:59,2023-09-05 19:18:59,
6808,2,6808,2023-03-28 19:18:59,2023-11-30 19:18:59,2023-09-05 19:18:59,2023-09-05 19:18:59,
6809,1,6809,2023-03-03 19:18:59,2024-07-26 19:18:59,2023-09-05 19:18:59,2023-09-05 19:18:59,
6810,1,6810,2022-09-09 19:18:59,2023-12-16 19:18:59,2023-09-05 19:18:59,2023-09-05 19:18:59,
6811,2,6811,2023-04-14 19:18:59,2024-02-29 19:18:59,2023-09-05 19:18:59,2023-09-05 19:18:59,
6812,3,6812,2023-01-01 19:18:59,2024-04-12 19:18:59,2023-09-05 19:18:59,2023-09-05 19:18:59,
6813,1,6813,2023-09-05 19:18:59,2024-04-14 19:18:59,2023-09-05 19:18:59,2023-09-05 19:18:59,
6814,2,6814,2022-10-25 19:18:59,2024-02-25 19:18:59,2023-09-05 19:18:59,2023-09-05 19:18:59,
6815,1,6815,2023-09-02 19:18:59,2024-02-01 19:18:59,2023-09-05 19:18:59,2023-09-05 19:18:59,
6816,2,6816,2023-08-25 19:18:59,2024-08-26 19:18:59,2023-09-05 19:18:59,2023-09-05 19:18:59,
6817,3,6817,2023-07-04 19:18:59,2024-02-14 19:18:59,2023-09-05 19:18:59,2023-09-05 19:18:59,
6818,3,6818,2022-11-17 19:18:59,2023-12-18 19:18:59,2023-09-05 19:18:59,2023-09-05 19:18:59,
6819,1,6819,2022-09-24 19:18:59,2024-02-25 19:18:59,2023-09-05 19:18:59,2023-09-05 19:18:59,
6820,1,6820,2023-04-12 19:18:59,2023-11-10 19:18:59,2023-09-05 19:18:59,2023-09-05 19:18:59,
6821,2,6821,2022-11-22 19:18:59,2024-07-10 19:18:59,2023-09-05 19:18:59,2023-09-05 19:18:59,
6822,1,6822,2023-07-17 19:18:59,2024-05-04 19:18:59,2023-09-05 19:18:59,2023-09-05 19:18:59,
6823,1,6823,2023-08-28 19:18:59,2024-07-18 19:18:59,2023-09-05 19:18:59,2023-09-05 19:18:59,
6824,2,6824,2023-01-30 19:18:59,2024-08-04 19:18:59,2023-09-05 19:18:59,2023-09-05 19:18:59,
6825,1,6825,2023-06-04 19:18:59,2024-05-21 19:18:59,2023-09-05 19:18:59,2023-09-05 19:18:59,
6826,2,6826,2023-03-22 19:18:59,2024-07-10 19:18:59,2023-09-05 19:18:59,2023-09-05 19:18:59,
6827,2,6827,2023-07-26 19:18:59,2024-06-25 19:18:59,2023-09-05 19:18:59,2023-09-05 19:18:59,
6828,2,6828,2023-01-15 19:18:59,2024-06-16 19:18:59,2023-09-05 19:18:59,2023-09-05 19:18:59,
6829,3,6829,2022-09-12 19:18:59,2023-12-16 19:18:59,2023-09-05 19:18:59,2023-09-05 19:18:59,
6830,3,6830,2023-09-02 19:18:59,2023-10-20 19:18:59,2023-09-05 19:18:59,2023-09-05 19:18:59,
6831,1,6831,2022-11-19 19:18:59,2023-11-15 19:18:59,2023-09-05 19:18:59,2023-09-05 19:18:59,
6832,3,6832,2022-09-17 19:18:59,2023-12-14 19:18:59,2023-09-05 19:18:59,2023-09-05 19:18:59,
6833,3,6833,2022-10-09 19:18:59,2023-12-02 19:18:59,2023-09-05 19:18:59,2023-09-05 19:18:59,
6834,3,6834,2023-03-03 19:18:59,2024-07-26 19:18:59,2023-09-05 19:18:59,2023-09-05 19:18:59,
6835,3,6835,2022-10-21 19:18:59,2024-01-04 19:18:59,2023-09-05 19:18:59,2023-09-05 19:18:59,
6836,1,6836,2023-03-01 19:18:59,2023-11-27 19:18:59,2023-09-05 19:18:59,2023-09-05 19:18:59,
6837,2,6837,2023-05-03 19:18:59,2024-05-25 19:18:59,2023-09-05 19:18:59,2023-09-05 19:18:59,
6838,1,6838,2023-06-02 19:18:59,2024-03-27 19:18:59,2023-09-05 19:18:59,2023-09-05 19:18:59,
6839,2,6839,2022-10-13 19:18:59,2023-12-18 19:18:59,2023-09-05 19:18:59,2023-09-05 19:18:59,
6840,3,6840,2022-10-25 19:18:59,2024-05-14 19:18:59,2023-09-05 19:18:59,2023-09-05 19:18:59,
6841,3,6841,2022-09-13 19:18:59,2024-05-12 19:18:59,2023-09-05 19:18:59,2023-09-05 19:18:59,
6842,1,6842,2023-04-10 19:18:59,2024-07-17 19:18:59,2023-09-05 19:18:59,2023-09-05 19:18:59,
6843,2,6843,2023-05-03 19:18:59,2024-06-02 19:18:59,2023-09-05 19:18:59,2023-09-05 19:18:59,
6844,2,6844,2023-07-25 19:18:59,2024-04-24 19:18:59,2023-09-05 19:18:59,2023-09-05 19:18:59,
6845,3,6845,2023-08-12 19:18:59,2024-08-20 19:18:59,2023-09-05 19:18:59,2023-09-05 19:18:59,
6846,3,6846,2022-10-02 19:18:59,2024-05-10 19:18:59,2023-09-05 19:18:59,2023-09-05 19:18:59,
6847,2,6847,2023-04-20 19:18:59,2024-01-01 19:18:59,2023-09-05 19:18:59,2023-09-05 19:18:59,
6848,2,6848,2023-04-07 19:18:59,2024-06-13 19:18:59,2023-09-05 19:18:59,2023-09-05 19:18:59,
6849,3,6849,2022-10-04 19:18:59,2024-06-14 19:18:59,2023-09-05 19:18:59,2023-09-05 19:18:59,
6850,1,6850,2022-11-10 19:18:59,2024-01-10 19:18:59,2023-09-05 19:18:59,2023-09-05 19:18:59,
6851,2,6851,2022-10-06 19:18:59,2024-05-17 19:18:59,2023-09-05 19:18:59,2023-09-05 19:18:59,
6852,3,6852,2023-08-08 19:18:59,2024-06-25 19:18:59,2023-09-05 19:18:59,2023-09-05 19:18:59,
6853,1,6853,2023-01-27 19:18:59,2024-09-01 19:18:59,2023-09-05 19:18:59,2023-09-05 19:18:59,
6854,3,6854,2023-01-05 19:18:59,2024-03-31 19:18:59,2023-09-05 19:18:59,2023-09-05 19:18:59,
6855,2,6855,2023-03-04 19:18:59,2024-07-13 19:18:59,2023-09-05 19:18:59,2023-09-05 19:18:59,
6856,2,6856,2023-05-18 19:18:59,2023-10-30 19:18:59,2023-09-05 19:18:59,2023-09-05 19:18:59,
6857,3,6857,2023-07-19 19:18:59,2024-06-01 19:18:59,2023-09-05 19:18:59,2023-09-05 19:18:59,
6858,3,6858,2022-11-05 19:18:59,2024-02-13 19:18:59,2023-09-05 19:18:59,2023-09-05 19:18:59,
6859,3,6859,2023-03-30 19:18:59,2024-08-26 19:18:59,2023-09-05 19:18:59,2023-09-05 19:18:59,
6860,3,6860,2022-11-29 19:18:59,2024-07-23 19:18:59,2023-09-05 19:18:59,2023-09-05 19:18:59,
6861,1,6861,2023-03-10 19:18:59,2023-12-07 19:18:59,2023-09-05 19:18:59,2023-09-05 19:18:59,
6862,2,6862,2022-10-30 19:18:59,2024-04-21 19:18:59,2023-09-05 19:18:59,2023-09-05 19:18:59,
6863,2,6863,2023-07-12 19:18:59,2024-04-25 19:18:59,2023-09-05 19:18:59,2023-09-05 19:18:59,
6864,1,6864,2023-01-18 19:18:59,2024-04-22 19:18:59,2023-09-05 19:18:59,2023-09-05 19:18:59,
6865,2,6865,2023-07-11 19:18:59,2024-04-22 19:18:59,2023-09-05 19:18:59,2023-09-05 19:18:59,
6866,1,6866,2022-11-13 19:18:59,2024-09-04 19:18:59,2023-09-05 19:18:59,2023-09-05 19:18:59,
6867,3,6867,2023-02-05 19:18:59,2024-05-03 19:18:59,2023-09-05 19:18:59,2023-09-05 19:18:59,
6868,2,6868,2023-02-21 19:18:59,2024-06-11 19:18:59,2023-09-05 19:18:59,2023-09-05 19:18:59,
6869,3,6869,2023-04-23 19:18:59,2024-06-08 19:18:59,2023-09-05 19:18:59,2023-09-05 19:18:59,
6870,1,6870,2023-02-06 19:18:59,2024-02-28 19:18:59,2023-09-05 19:18:59,2023-09-05 19:18:59,
6871,3,6871,2022-10-14 19:18:59,2024-03-06 19:18:59,2023-09-05 19:18:59,2023-09-05 19:18:59,
6872,3,6872,2022-10-31 19:18:59,2023-11-19 19:18:59,2023-09-05 19:18:59,2023-09-05 19:18:59,
6873,1,6873,2023-06-01 19:18:59,2024-04-14 19:18:59,2023-09-05 19:18:59,2023-09-05 19:18:59,
6874,3,6874,2023-09-03 19:18:59,2023-12-23 19:18:59,2023-09-05 19:18:59,2023-09-05 19:18:59,
6875,2,6875,2022-12-01 19:18:59,2024-01-02 19:18:59,2023-09-05 19:18:59,2023-09-05 19:18:59,
6876,3,6876,2022-12-25 19:18:59,2024-05-17 19:18:59,2023-09-05 19:18:59,2023-09-05 19:18:59,
6877,1,6877,2022-10-14 19:18:59,2024-02-21 19:18:59,2023-09-05 19:18:59,2023-09-05 19:18:59,
6878,2,6878,2022-10-11 19:18:59,2024-04-20 19:18:59,2023-09-05 19:18:59,2023-09-05 19:18:59,
6879,1,6879,2022-12-16 19:18:59,2024-01-07 19:18:59,2023-09-05 19:18:59,2023-09-05 19:18:59,
6880,1,6880,2023-05-02 19:18:59,2024-07-14 19:18:59,2023-09-05 19:18:59,2023-09-05 19:18:59,
6881,3,6881,2022-10-03 19:18:59,2024-03-26 19:18:59,2023-09-05 19:18:59,2023-09-05 19:18:59,
6882,3,6882,2023-02-27 19:18:59,2023-12-20 19:18:59,2023-09-05 19:18:59,2023-09-05 19:18:59,
6883,2,6883,2023-02-19 19:18:59,2024-04-15 19:18:59,2023-09-05 19:18:59,2023-09-05 19:18:59,
6884,3,6884,2023-08-10 19:18:59,2024-04-28 19:18:59,2023-09-05 19:18:59,2023-09-05 19:18:59,
6885,1,6885,2022-12-13 19:18:59,2024-08-09 19:18:59,2023-09-05 19:18:59,2023-09-05 19:18:59,
6886,3,6886,2023-03-30 19:18:59,2024-01-22 19:18:59,2023-09-05 19:18:59,2023-09-05 19:18:59,
6887,2,6887,2022-10-23 19:18:59,2023-12-26 19:18:59,2023-09-05 19:18:59,2023-09-05 19:18:59,
6888,2,6888,2023-07-18 19:18:59,2024-07-27 19:18:59,2023-09-05 19:18:59,2023-09-05 19:18:59,
6889,1,6889,2022-10-06 19:18:59,2024-04-16 19:18:59,2023-09-05 19:18:59,2023-09-05 19:18:59,
6890,1,6890,2023-03-15 19:18:59,2024-06-07 19:18:59,2023-09-05 19:18:59,2023-09-05 19:18:59,
6891,2,6891,2022-09-21 19:18:59,2024-07-27 19:18:59,2023-09-05 19:18:59,2023-09-05 19:18:59,
6892,3,6892,2022-12-24 19:18:59,2023-11-23 19:18:59,2023-09-05 19:18:59,2023-09-05 19:18:59,
6893,1,6893,2023-08-02 19:18:59,2024-01-16 19:18:59,2023-09-05 19:18:59,2023-09-05 19:18:59,
6894,2,6894,2022-09-23 19:18:59,2024-08-18 19:18:59,2023-09-05 19:18:59,2023-09-05 19:18:59,
6895,2,6895,2022-09-12 19:18:59,2024-07-28 19:18:59,2023-09-05 19:18:59,2023-09-05 19:18:59,
6896,3,6896,2023-06-30 19:18:59,2024-04-23 19:18:59,2023-09-05 19:18:59,2023-09-05 19:18:59,
6897,2,6897,2023-01-04 19:18:59,2024-02-21 19:18:59,2023-09-05 19:18:59,2023-09-05 19:18:59,
6898,3,6898,2023-07-04 19:18:59,2024-09-01 19:18:59,2023-09-05 19:18:59,2023-09-05 19:18:59,
6899,2,6899,2022-11-21 19:18:59,2024-04-21 19:18:59,2023-09-05 19:18:59,2023-09-05 19:18:59,
6900,2,6900,2023-07-28 19:18:59,2024-03-25 19:18:59,2023-09-05 19:18:59,2023-09-05 19:18:59,
6901,1,6901,2022-10-24 19:18:59,2024-07-17 19:18:59,2023-09-05 19:18:59,2023-09-05 19:18:59,
6902,1,6902,2022-12-21 19:18:59,2024-07-15 19:18:59,2023-09-05 19:18:59,2023-09-05 19:18:59,
6903,2,6903,2023-03-16 19:18:59,2024-07-27 19:18:59,2023-09-05 19:18:59,2023-09-05 19:18:59,
6904,2,6904,2023-07-29 19:18:59,2023-10-05 19:18:59,2023-09-05 19:18:59,2023-09-05 19:18:59,
6905,1,6905,2023-07-28 19:18:59,2024-08-02 19:18:59,2023-09-05 19:18:59,2023-09-05 19:18:59,
6906,2,6906,2022-11-25 19:18:59,2024-02-21 19:18:59,2023-09-05 19:18:59,2023-09-05 19:18:59,
6907,3,6907,2023-06-07 19:18:59,2023-11-08 19:18:59,2023-09-05 19:18:59,2023-09-05 19:18:59,
6908,2,6908,2022-11-30 19:18:59,2024-08-31 19:18:59,2023-09-05 19:18:59,2023-09-05 19:18:59,
6909,3,6909,2023-08-15 19:18:59,2024-08-31 19:18:59,2023-09-05 19:18:59,2023-09-05 19:18:59,
6910,2,6910,2022-12-01 19:18:59,2024-06-16 19:18:59,2023-09-05 19:18:59,2023-09-05 19:18:59,
6911,1,6911,2023-06-26 19:18:59,2024-03-15 19:18:59,2023-09-05 19:18:59,2023-09-05 19:18:59,
6912,1,6912,2023-01-04 19:18:59,2024-07-11 19:18:59,2023-09-05 19:18:59,2023-09-05 19:18:59,
6913,2,6913,2022-12-13 19:18:59,2023-11-14 19:18:59,2023-09-05 19:18:59,2023-09-05 19:18:59,
6914,1,6914,2022-12-25 19:18:59,2023-10-22 19:18:59,2023-09-05 19:18:59,2023-09-05 19:18:59,
6915,1,6915,2022-12-05 19:18:59,2023-12-27 19:18:59,2023-09-05 19:18:59,2023-09-05 19:18:59,
6916,1,6916,2022-09-09 19:18:59,2024-07-09 19:18:59,2023-09-05 19:18:59,2023-09-05 19:18:59,
6917,3,6917,2023-04-03 19:18:59,2024-01-07 19:18:59,2023-09-05 19:18:59,2023-09-05 19:18:59,
6918,2,6918,2022-12-18 19:18:59,2024-03-29 19:18:59,2023-09-05 19:18:59,2023-09-05 19:18:59,
6919,2,6919,2023-01-04 19:18:59,2023-10-14 19:18:59,2023-09-05 19:18:59,2023-09-05 19:18:59,
6920,2,6920,2023-04-06 19:18:59,2024-05-26 19:18:59,2023-09-05 19:18:59,2023-09-05 19:18:59,
6921,3,6921,2023-06-15 19:18:59,2024-07-30 19:18:59,2023-09-05 19:18:59,2023-09-05 19:18:59,
6922,1,6922,2023-04-08 19:18:59,2023-11-28 19:18:59,2023-09-05 19:18:59,2023-09-05 19:18:59,
6923,1,6923,2023-07-21 19:18:59,2024-03-15 19:18:59,2023-09-05 19:18:59,2023-09-05 19:18:59,
6924,3,6924,2022-09-30 19:18:59,2024-03-11 19:18:59,2023-09-05 19:18:59,2023-09-05 19:18:59,
6925,1,6925,2023-01-28 19:18:59,2024-07-04 19:18:59,2023-09-05 19:18:59,2023-09-05 19:18:59,
6926,2,6926,2022-11-24 19:18:59,2024-08-14 19:18:59,2023-09-05 19:18:59,2023-09-05 19:18:59,
6927,2,6927,2023-02-22 19:18:59,2023-12-26 19:18:59,2023-09-05 19:18:59,2023-09-05 19:18:59,
6928,2,6928,2023-07-21 19:18:59,2024-04-11 19:18:59,2023-09-05 19:18:59,2023-09-05 19:18:59,
6929,2,6929,2022-09-29 19:18:59,2023-12-30 19:18:59,2023-09-05 19:18:59,2023-09-05 19:18:59,
6930,2,6930,2022-11-03 19:18:59,2024-01-31 19:18:59,2023-09-05 19:18:59,2023-09-05 19:18:59,
6931,1,6931,2023-04-30 19:18:59,2024-01-24 19:18:59,2023-09-05 19:18:59,2023-09-05 19:18:59,
6932,2,6932,2022-09-15 19:18:59,2024-07-01 19:18:59,2023-09-05 19:18:59,2023-09-05 19:18:59,
6933,1,6933,2023-04-27 19:18:59,2023-11-27 19:18:59,2023-09-05 19:18:59,2023-09-05 19:18:59,
6934,3,6934,2023-02-13 19:18:59,2023-11-18 19:18:59,2023-09-05 19:18:59,2023-09-05 19:18:59,
6935,2,6935,2023-04-04 19:18:59,2024-03-28 19:18:59,2023-09-05 19:18:59,2023-09-05 19:18:59,
6936,1,6936,2023-06-24 19:18:59,2024-05-28 19:18:59,2023-09-05 19:18:59,2023-09-05 19:18:59,
6937,2,6937,2023-07-21 19:18:59,2024-07-29 19:18:59,2023-09-05 19:18:59,2023-09-05 19:18:59,
6938,1,6938,2022-09-26 19:18:59,2024-02-04 19:18:59,2023-09-05 19:18:59,2023-09-05 19:18:59,
6939,3,6939,2023-01-11 19:18:59,2024-01-15 19:18:59,2023-09-05 19:18:59,2023-09-05 19:18:59,
6940,1,6940,2023-08-31 19:18:59,2024-04-18 19:18:59,2023-09-05 19:18:59,2023-09-05 19:18:59,
6941,2,6941,2023-03-07 19:18:59,2023-11-15 19:18:59,2023-09-05 19:18:59,2023-09-05 19:18:59,
6942,1,6942,2023-08-13 19:18:59,2023-11-06 19:18:59,2023-09-05 19:18:59,2023-09-05 19:18:59,
6943,3,6943,2022-11-27 19:18:59,2024-06-07 19:18:59,2023-09-05 19:18:59,2023-09-05 19:18:59,
6944,2,6944,2022-11-14 19:18:59,2024-09-03 19:18:59,2023-09-05 19:18:59,2023-09-05 19:18:59,
6945,2,6945,2023-07-27 19:18:59,2023-10-06 19:18:59,2023-09-05 19:18:59,2023-09-05 19:18:59,
6946,3,6946,2023-03-23 19:18:59,2024-04-27 19:18:59,2023-09-05 19:18:59,2023-09-05 19:18:59,
6947,1,6947,2022-09-18 19:18:59,2024-01-12 19:18:59,2023-09-05 19:18:59,2023-09-05 19:18:59,
6948,2,6948,2023-07-06 19:18:59,2024-06-16 19:18:59,2023-09-05 19:18:59,2023-09-05 19:18:59,
6949,3,6949,2023-03-17 19:18:59,2023-10-29 19:18:59,2023-09-05 19:18:59,2023-09-05 19:18:59,
6950,3,6950,2023-07-27 19:18:59,2024-05-03 19:18:59,2023-09-05 19:18:59,2023-09-05 19:18:59,
6951,3,6951,2022-12-13 19:18:59,2023-10-30 19:18:59,2023-09-05 19:18:59,2023-09-05 19:18:59,
6952,3,6952,2022-11-12 19:18:59,2024-02-02 19:18:59,2023-09-05 19:18:59,2023-09-05 19:18:59,
6953,3,6953,2023-06-23 19:18:59,2023-12-07 19:18:59,2023-09-05 19:18:59,2023-09-05 19:18:59,
6954,3,6954,2022-11-14 19:18:59,2024-03-19 19:18:59,2023-09-05 19:18:59,2023-09-05 19:18:59,
6955,1,6955,2022-09-21 19:18:59,2024-06-27 19:18:59,2023-09-05 19:18:59,2023-09-05 19:18:59,
6956,3,6956,2023-05-15 19:18:59,2024-08-21 19:18:59,2023-09-05 19:18:59,2023-09-05 19:18:59,
6957,1,6957,2022-12-07 19:18:59,2024-04-27 19:18:59,2023-09-05 19:18:59,2023-09-05 19:18:59,
6958,3,6958,2022-10-17 19:18:59,2024-04-18 19:18:59,2023-09-05 19:18:59,2023-09-05 19:18:59,
6959,1,6959,2023-04-04 19:18:59,2024-01-28 19:18:59,2023-09-05 19:18:59,2023-09-05 19:18:59,
6960,3,6960,2022-09-18 19:18:59,2023-10-30 19:18:59,2023-09-05 19:18:59,2023-09-05 19:18:59,
6961,3,6961,2022-12-07 19:18:59,2024-03-24 19:18:59,2023-09-05 19:18:59,2023-09-05 19:18:59,
6962,2,6962,2022-12-20 19:18:59,2024-04-30 19:18:59,2023-09-05 19:18:59,2023-09-05 19:18:59,
6963,3,6963,2022-12-28 19:18:59,2023-11-19 19:18:59,2023-09-05 19:18:59,2023-09-05 19:18:59,
6964,3,6964,2023-05-21 19:18:59,2024-02-19 19:18:59,2023-09-05 19:18:59,2023-09-05 19:18:59,
6965,3,6965,2023-07-05 19:18:59,2024-06-24 19:18:59,2023-09-05 19:18:59,2023-09-05 19:18:59,
6966,3,6966,2023-06-14 19:18:59,2024-04-23 19:18:59,2023-09-05 19:18:59,2023-09-05 19:18:59,
6967,1,6967,2023-03-10 19:18:59,2024-01-12 19:18:59,2023-09-05 19:18:59,2023-09-05 19:18:59,
6968,3,6968,2023-08-02 19:18:59,2024-08-17 19:18:59,2023-09-05 19:18:59,2023-09-05 19:18:59,
6969,2,6969,2022-09-16 19:18:59,2023-12-12 19:18:59,2023-09-05 19:18:59,2023-09-05 19:18:59,
6970,2,6970,2023-04-24 19:18:59,2024-07-11 19:18:59,2023-09-05 19:18:59,2023-09-05 19:18:59,
6971,3,6971,2022-10-30 19:18:59,2024-04-27 19:18:59,2023-09-05 19:18:59,2023-09-05 19:18:59,
6972,3,6972,2023-08-06 19:18:59,2023-12-13 19:18:59,2023-09-05 19:18:59,2023-09-05 19:18:59,
6973,1,6973,2023-05-04 19:18:59,2024-03-20 19:18:59,2023-09-05 19:18:59,2023-09-05 19:18:59,
6974,2,6974,2022-10-25 19:18:59,2024-01-29 19:18:59,2023-09-05 19:18:59,2023-09-05 19:18:59,
6975,3,6975,2023-08-05 19:18:59,2024-01-17 19:18:59,2023-09-05 19:18:59,2023-09-05 19:18:59,
6976,3,6976,2023-02-15 19:18:59,2023-10-16 19:18:59,2023-09-05 19:18:59,2023-09-05 19:18:59,
6977,1,6977,2023-07-03 19:18:59,2024-04-28 19:18:59,2023-09-05 19:18:59,2023-09-05 19:18:59,
6978,3,6978,2023-01-19 19:18:59,2024-07-30 19:18:59,2023-09-05 19:18:59,2023-09-05 19:18:59,
6979,2,6979,2022-09-18 19:18:59,2024-04-18 19:18:59,2023-09-05 19:18:59,2023-09-05 19:18:59,
6980,2,6980,2023-06-03 19:18:59,2024-01-24 19:18:59,2023-09-05 19:18:59,2023-09-05 19:18:59,
6981,3,6981,2022-12-30 19:18:59,2023-10-17 19:18:59,2023-09-05 19:18:59,2023-09-05 19:18:59,
6982,1,6982,2022-12-18 19:18:59,2024-05-25 19:18:59,2023-09-05 19:18:59,2023-09-05 19:18:59,
6983,1,6983,2023-07-05 19:18:59,2023-11-13 19:18:59,2023-09-05 19:18:59,2023-09-05 19:18:59,
6984,1,6984,2023-01-29 19:18:59,2023-11-02 19:18:59,2023-09-05 19:18:59,2023-09-05 19:18:59,
6985,2,6985,2023-06-04 19:18:59,2024-01-21 19:18:59,2023-09-05 19:18:59,2023-09-05 19:18:59,
6986,1,6986,2023-04-07 19:18:59,2024-04-17 19:18:59,2023-09-05 19:18:59,2023-09-05 19:18:59,
6987,1,6987,2023-02-18 19:18:59,2024-06-01 19:18:59,2023-09-05 19:18:59,2023-09-05 19:18:59,
6988,3,6988,2022-12-03 19:18:59,2024-08-16 19:18:59,2023-09-05 19:18:59,2023-09-05 19:18:59,
6989,3,6989,2023-04-13 19:18:59,2023-11-30 19:18:59,2023-09-05 19:18:59,2023-09-05 19:18:59,
6990,3,6990,2023-05-21 19:18:59,2023-12-26 19:18:59,2023-09-05 19:18:59,2023-09-05 19:18:59,
6991,3,6991,2022-12-10 19:18:59,2024-02-29 19:18:59,2023-09-05 19:18:59,2023-09-05 19:18:59,
6992,2,6992,2022-11-18 19:18:59,2023-12-11 19:18:59,2023-09-05 19:18:59,2023-09-05 19:18:59,
6993,3,6993,2022-11-23 19:18:59,2023-11-02 19:18:59,2023-09-05 19:18:59,2023-09-05 19:18:59,
6994,1,6994,2023-05-27 19:18:59,2024-01-22 19:18:59,2023-09-05 19:18:59,2023-09-05 19:18:59,
6995,3,6995,2023-06-20 19:18:59,2024-01-02 19:18:59,2023-09-05 19:18:59,2023-09-05 19:18:59,
6996,1,6996,2022-10-06 19:18:59,2024-08-03 19:18:59,2023-09-05 19:18:59,2023-09-05 19:18:59,
6997,2,6997,2023-04-10 19:18:59,2024-05-04 19:18:59,2023-09-05 19:18:59,2023-09-05 19:18:59,
6998,1,6998,2022-09-11 19:18:59,2023-10-13 19:18:59,2023-09-05 19:18:59,2023-09-05 19:18:59,
6999,2,6999,2023-02-15 19:18:59,2023-12-06 19:18:59,2023-09-05 19:18:59,2023-09-05 19:18:59,
7000,1,7000,2023-01-13 19:18:59,2024-02-10 19:18:59,2023-09-05 19:18:59,2023-09-05 19:18:59,
7001,1,7001,2023-05-11 19:18:59,2024-01-03 19:18:59,2023-09-05 19:18:59,2023-09-05 19:18:59,
7002,1,7002,2023-01-22 19:18:59,2024-08-12 19:18:59,2023-09-05 19:18:59,2023-09-05 19:18:59,
7003,1,7003,2023-02-07 19:18:59,2024-06-22 19:18:59,2023-09-05 19:18:59,2023-09-05 19:18:59,
7004,3,7004,2022-10-18 19:18:59,2023-12-08 19:18:59,2023-09-05 19:18:59,2023-09-05 19:18:59,
7005,3,7005,2023-07-30 19:18:59,2024-04-06 19:18:59,2023-09-05 19:18:59,2023-09-05 19:18:59,
7006,1,7006,2023-03-09 19:18:59,2024-08-21 19:18:59,2023-09-05 19:18:59,2023-09-05 19:18:59,
7007,3,7007,2023-05-30 19:18:59,2024-03-17 19:18:59,2023-09-05 19:18:59,2023-09-05 19:18:59,
7008,2,7008,2022-11-17 19:18:59,2023-12-25 19:18:59,2023-09-05 19:18:59,2023-09-05 19:18:59,
7009,3,7009,2022-12-08 19:18:59,2023-12-07 19:18:59,2023-09-05 19:18:59,2023-09-05 19:18:59,
7010,1,7010,2023-02-10 19:18:59,2024-03-16 19:18:59,2023-09-05 19:18:59,2023-09-05 19:18:59,
7011,3,7011,2023-06-27 19:18:59,2024-03-25 19:18:59,2023-09-05 19:18:59,2023-09-05 19:18:59,
7012,1,7012,2023-05-25 19:18:59,2023-10-05 19:18:59,2023-09-05 19:18:59,2023-09-05 19:18:59,
7013,2,7013,2023-03-24 19:18:59,2023-11-28 19:18:59,2023-09-05 19:18:59,2023-09-05 19:18:59,
7014,3,7014,2023-07-10 19:18:59,2024-06-04 19:18:59,2023-09-05 19:18:59,2023-09-05 19:18:59,
7015,2,7015,2022-10-09 19:18:59,2024-03-27 19:18:59,2023-09-05 19:18:59,2023-09-05 19:18:59,
7016,1,7016,2023-08-07 19:18:59,2024-05-27 19:18:59,2023-09-05 19:18:59,2023-09-05 19:18:59,
7017,3,7017,2023-05-20 19:18:59,2023-12-15 19:18:59,2023-09-05 19:18:59,2023-09-05 19:18:59,
7018,2,7018,2023-02-28 19:18:59,2024-06-14 19:18:59,2023-09-05 19:18:59,2023-09-05 19:18:59,
7019,2,7019,2022-09-10 19:18:59,2024-03-16 19:18:59,2023-09-05 19:18:59,2023-09-05 19:18:59,
7020,2,7020,2023-05-10 19:18:59,2024-02-07 19:18:59,2023-09-05 19:18:59,2023-09-05 19:18:59,
7021,3,7021,2023-05-23 19:18:59,2024-02-28 19:18:59,2023-09-05 19:18:59,2023-09-05 19:18:59,
7022,3,7022,2023-02-14 19:18:59,2024-04-17 19:18:59,2023-09-05 19:18:59,2023-09-05 19:18:59,
7023,3,7023,2023-08-19 19:18:59,2024-05-11 19:18:59,2023-09-05 19:18:59,2023-09-05 19:18:59,
7024,1,7024,2023-04-06 19:18:59,2024-07-12 19:18:59,2023-09-05 19:18:59,2023-09-05 19:18:59,
7025,2,7025,2023-04-27 19:18:59,2024-05-26 19:18:59,2023-09-05 19:18:59,2023-09-05 19:18:59,
7026,3,7026,2023-03-22 19:18:59,2023-10-10 19:18:59,2023-09-05 19:18:59,2023-09-05 19:18:59,
7027,1,7027,2023-07-05 19:18:59,2023-11-05 19:18:59,2023-09-05 19:18:59,2023-09-05 19:18:59,
7028,2,7028,2023-07-20 19:18:59,2023-11-26 19:18:59,2023-09-05 19:18:59,2023-09-05 19:18:59,
7029,3,7029,2022-12-07 19:18:59,2024-06-04 19:18:59,2023-09-05 19:18:59,2023-09-05 19:18:59,
7030,3,7030,2023-03-21 19:18:59,2024-01-05 19:18:59,2023-09-05 19:18:59,2023-09-05 19:18:59,
7031,1,7031,2023-07-08 19:18:59,2024-08-13 19:18:59,2023-09-05 19:18:59,2023-09-05 19:18:59,
7032,3,7032,2023-01-26 19:18:59,2024-01-18 19:18:59,2023-09-05 19:18:59,2023-09-05 19:18:59,
7033,2,7033,2023-08-17 19:18:59,2024-04-09 19:18:59,2023-09-05 19:18:59,2023-09-05 19:18:59,
7034,2,7034,2022-10-29 19:18:59,2023-12-17 19:18:59,2023-09-05 19:18:59,2023-09-05 19:18:59,
7035,1,7035,2023-06-18 19:18:59,2024-03-19 19:18:59,2023-09-05 19:18:59,2023-09-05 19:18:59,
7036,1,7036,2023-08-29 19:18:59,2024-07-01 19:18:59,2023-09-05 19:18:59,2023-09-05 19:18:59,
7037,3,7037,2023-04-30 19:18:59,2024-07-14 19:18:59,2023-09-05 19:18:59,2023-09-05 19:18:59,
7038,1,7038,2023-03-23 19:18:59,2024-08-05 19:18:59,2023-09-05 19:18:59,2023-09-05 19:18:59,
7039,2,7039,2023-07-29 19:18:59,2023-10-29 19:18:59,2023-09-05 19:18:59,2023-09-05 19:18:59,
7040,3,7040,2023-08-14 19:18:59,2024-01-26 19:18:59,2023-09-05 19:18:59,2023-09-05 19:18:59,
7041,2,7041,2023-02-12 19:18:59,2024-08-08 19:18:59,2023-09-05 19:18:59,2023-09-05 19:18:59,
7042,1,7042,2023-02-22 19:18:59,2023-12-30 19:18:59,2023-09-05 19:18:59,2023-09-05 19:18:59,
7043,3,7043,2023-05-26 19:18:59,2023-11-22 19:18:59,2023-09-05 19:18:59,2023-09-05 19:18:59,
7044,2,7044,2023-07-04 19:18:59,2024-01-14 19:18:59,2023-09-05 19:18:59,2023-09-05 19:18:59,
7045,2,7045,2023-06-03 19:18:59,2024-07-25 19:18:59,2023-09-05 19:18:59,2023-09-05 19:18:59,
7046,3,7046,2022-10-07 19:18:59,2024-05-13 19:18:59,2023-09-05 19:18:59,2023-09-05 19:18:59,
7047,2,7047,2023-07-05 19:18:59,2023-12-22 19:18:59,2023-09-05 19:18:59,2023-09-05 19:18:59,
7048,2,7048,2022-09-26 19:18:59,2024-04-11 19:18:59,2023-09-05 19:18:59,2023-09-05 19:18:59,
7049,2,7049,2023-04-22 19:18:59,2024-05-16 19:18:59,2023-09-05 19:18:59,2023-09-05 19:18:59,
7050,1,7050,2022-09-19 19:18:59,2023-12-05 19:18:59,2023-09-05 19:18:59,2023-09-05 19:18:59,
7051,1,7051,2023-01-23 19:18:59,2023-12-07 19:18:59,2023-09-05 19:18:59,2023-09-05 19:18:59,
7052,2,7052,2023-01-25 19:18:59,2024-05-14 19:18:59,2023-09-05 19:18:59,2023-09-05 19:18:59,
7053,1,7053,2023-04-07 19:18:59,2024-04-27 19:18:59,2023-09-05 19:18:59,2023-09-05 19:18:59,
7054,3,7054,2022-09-10 19:18:59,2024-04-16 19:18:59,2023-09-05 19:18:59,2023-09-05 19:18:59,
7055,3,7055,2023-05-02 19:18:59,2024-07-12 19:18:59,2023-09-05 19:18:59,2023-09-05 19:18:59,
7056,1,7056,2022-10-28 19:18:59,2024-02-07 19:18:59,2023-09-05 19:18:59,2023-09-05 19:18:59,
7057,1,7057,2023-02-05 19:18:59,2024-05-18 19:18:59,2023-09-05 19:18:59,2023-09-05 19:18:59,
7058,1,7058,2023-07-04 19:18:59,2024-06-21 19:18:59,2023-09-05 19:18:59,2023-09-05 19:18:59,
7059,3,7059,2022-11-11 19:18:59,2024-05-03 19:18:59,2023-09-05 19:18:59,2023-09-05 19:18:59,
7060,2,7060,2022-12-31 19:18:59,2024-05-14 19:18:59,2023-09-05 19:18:59,2023-09-05 19:18:59,
7061,1,7061,2023-02-05 19:18:59,2023-10-26 19:18:59,2023-09-05 19:18:59,2023-09-05 19:18:59,
7062,1,7062,2023-08-28 19:18:59,2023-10-07 19:18:59,2023-09-05 19:18:59,2023-09-05 19:18:59,
7063,2,7063,2023-04-16 19:18:59,2023-10-17 19:18:59,2023-09-05 19:18:59,2023-09-05 19:18:59,
7064,2,7064,2023-06-01 19:18:59,2023-11-06 19:18:59,2023-09-05 19:18:59,2023-09-05 19:18:59,
7065,2,7065,2022-10-28 19:18:59,2024-07-16 19:18:59,2023-09-05 19:18:59,2023-09-05 19:18:59,
7066,2,7066,2023-07-26 19:18:59,2024-04-25 19:18:59,2023-09-05 19:18:59,2023-09-05 19:18:59,
7067,2,7067,2023-02-14 19:18:59,2024-07-24 19:18:59,2023-09-05 19:18:59,2023-09-05 19:18:59,
7068,3,7068,2023-09-05 19:18:59,2024-01-16 19:18:59,2023-09-05 19:18:59,2023-09-05 19:18:59,
7069,2,7069,2023-03-09 19:18:59,2024-02-16 19:18:59,2023-09-05 19:18:59,2023-09-05 19:18:59,
7070,2,7070,2023-09-04 19:18:59,2024-06-25 19:18:59,2023-09-05 19:18:59,2023-09-05 19:18:59,
7071,2,7071,2023-07-12 19:18:59,2024-07-22 19:18:59,2023-09-05 19:18:59,2023-09-05 19:18:59,
7072,2,7072,2022-09-07 19:18:59,2024-06-23 19:18:59,2023-09-05 19:18:59,2023-09-05 19:18:59,
7073,1,7073,2023-08-15 19:18:59,2024-08-25 19:18:59,2023-09-05 19:18:59,2023-09-05 19:18:59,
7074,2,7074,2022-10-30 19:18:59,2024-07-20 19:18:59,2023-09-05 19:18:59,2023-09-05 19:18:59,
7075,3,7075,2022-09-10 19:18:59,2024-04-06 19:18:59,2023-09-05 19:18:59,2023-09-05 19:18:59,
7076,2,7076,2023-01-16 19:18:59,2024-01-06 19:18:59,2023-09-05 19:18:59,2023-09-05 19:18:59,
7077,2,7077,2023-08-15 19:18:59,2023-11-16 19:18:59,2023-09-05 19:18:59,2023-09-05 19:18:59,
7078,2,7078,2023-04-28 19:18:59,2024-03-31 19:18:59,2023-09-05 19:18:59,2023-09-05 19:18:59,
7079,2,7079,2023-05-18 19:18:59,2023-10-23 19:18:59,2023-09-05 19:18:59,2023-09-05 19:18:59,
7080,2,7080,2023-04-09 19:18:59,2024-05-08 19:18:59,2023-09-05 19:18:59,2023-09-05 19:18:59,
7081,2,7081,2023-03-06 19:18:59,2023-11-25 19:18:59,2023-09-05 19:18:59,2023-09-05 19:18:59,
7082,3,7082,2022-10-20 19:18:59,2024-05-01 19:18:59,2023-09-05 19:18:59,2023-09-05 19:18:59,
7083,2,7083,2023-03-05 19:18:59,2024-05-07 19:18:59,2023-09-05 19:18:59,2023-09-05 19:18:59,
7084,3,7084,2023-08-09 19:18:59,2023-12-11 19:18:59,2023-09-05 19:18:59,2023-09-05 19:18:59,
7085,2,7085,2023-08-22 19:18:59,2024-08-17 19:18:59,2023-09-05 19:18:59,2023-09-05 19:18:59,
7086,3,7086,2022-12-06 19:18:59,2024-08-09 19:18:59,2023-09-05 19:18:59,2023-09-05 19:18:59,
7087,3,7087,2023-09-05 19:18:59,2024-06-18 19:18:59,2023-09-05 19:18:59,2023-09-05 19:18:59,
7088,3,7088,2023-01-18 19:18:59,2024-01-15 19:18:59,2023-09-05 19:18:59,2023-09-05 19:18:59,
7089,3,7089,2023-05-23 19:18:59,2024-04-16 19:18:59,2023-09-05 19:18:59,2023-09-05 19:18:59,
7090,2,7090,2023-01-24 19:18:59,2024-03-25 19:18:59,2023-09-05 19:18:59,2023-09-05 19:18:59,
7091,3,7091,2023-07-21 19:18:59,2024-08-24 19:18:59,2023-09-05 19:18:59,2023-09-05 19:18:59,
7092,3,7092,2023-08-01 19:18:59,2023-11-24 19:18:59,2023-09-05 19:18:59,2023-09-05 19:18:59,
7093,1,7093,2023-04-22 19:18:59,2024-04-25 19:18:59,2023-09-05 19:18:59,2023-09-05 19:18:59,
7094,1,7094,2023-08-21 19:18:59,2023-11-03 19:18:59,2023-09-05 19:18:59,2023-09-05 19:18:59,
7095,2,7095,2022-12-05 19:18:59,2024-03-13 19:18:59,2023-09-05 19:18:59,2023-09-05 19:18:59,
7096,2,7096,2023-05-05 19:18:59,2024-01-29 19:18:59,2023-09-05 19:18:59,2023-09-05 19:18:59,
7097,2,7097,2023-05-22 19:18:59,2023-10-16 19:18:59,2023-09-05 19:18:59,2023-09-05 19:18:59,
7098,1,7098,2023-08-28 19:18:59,2024-08-25 19:18:59,2023-09-05 19:18:59,2023-09-05 19:18:59,
7099,1,7099,2023-01-04 19:18:59,2024-02-06 19:18:59,2023-09-05 19:18:59,2023-09-05 19:18:59,
7100,3,7100,2023-06-12 19:18:59,2024-01-01 19:18:59,2023-09-05 19:18:59,2023-09-05 19:18:59,
7101,2,7101,2022-11-01 19:18:59,2023-10-19 19:18:59,2023-09-05 19:18:59,2023-09-05 19:18:59,
7102,3,7102,2023-04-03 19:18:59,2024-08-15 19:18:59,2023-09-05 19:18:59,2023-09-05 19:18:59,
7103,1,7103,2023-08-27 19:18:59,2024-01-24 19:18:59,2023-09-05 19:18:59,2023-09-05 19:18:59,
7104,2,7104,2023-08-29 19:18:59,2024-08-18 19:18:59,2023-09-05 19:18:59,2023-09-05 19:18:59,
7105,2,7105,2023-07-06 19:18:59,2024-04-20 19:18:59,2023-09-05 19:18:59,2023-09-05 19:18:59,
7106,2,7106,2022-12-13 19:18:59,2023-10-13 19:18:59,2023-09-05 19:18:59,2023-09-05 19:18:59,
7107,2,7107,2023-01-23 19:18:59,2023-10-27 19:18:59,2023-09-05 19:18:59,2023-09-05 19:18:59,
7108,3,7108,2022-11-01 19:18:59,2024-02-21 19:18:59,2023-09-05 19:18:59,2023-09-05 19:18:59,
7109,3,7109,2023-06-04 19:18:59,2024-08-07 19:18:59,2023-09-05 19:18:59,2023-09-05 19:18:59,
7110,2,7110,2023-01-27 19:18:59,2024-05-27 19:18:59,2023-09-05 19:18:59,2023-09-05 19:18:59,
7111,1,7111,2023-02-19 19:18:59,2024-02-04 19:18:59,2023-09-05 19:18:59,2023-09-05 19:18:59,
7112,2,7112,2023-01-03 19:18:59,2024-02-19 19:18:59,2023-09-05 19:18:59,2023-09-05 19:18:59,
7113,3,7113,2023-04-12 19:18:59,2024-01-16 19:18:59,2023-09-05 19:18:59,2023-09-05 19:18:59,
7114,3,7114,2023-06-27 19:18:59,2024-02-26 19:18:59,2023-09-05 19:18:59,2023-09-05 19:18:59,
7115,2,7115,2023-04-18 19:18:59,2024-08-01 19:18:59,2023-09-05 19:18:59,2023-09-05 19:18:59,
7116,2,7116,2023-07-01 19:18:59,2024-04-15 19:18:59,2023-09-05 19:18:59,2023-09-05 19:18:59,
7117,1,7117,2022-09-20 19:18:59,2024-05-11 19:18:59,2023-09-05 19:18:59,2023-09-05 19:18:59,
7118,1,7118,2023-08-04 19:18:59,2024-08-07 19:18:59,2023-09-05 19:18:59,2023-09-05 19:18:59,
7119,3,7119,2023-02-16 19:18:59,2024-07-07 19:18:59,2023-09-05 19:18:59,2023-09-05 19:18:59,
7120,2,7120,2023-07-26 19:18:59,2024-08-07 19:18:59,2023-09-05 19:18:59,2023-09-05 19:18:59,
7121,2,7121,2023-05-03 19:18:59,2024-03-26 19:18:59,2023-09-05 19:18:59,2023-09-05 19:18:59,
7122,2,7122,2023-01-23 19:18:59,2024-03-04 19:18:59,2023-09-05 19:18:59,2023-09-05 19:18:59,
7123,3,7123,2023-06-06 19:18:59,2023-10-18 19:18:59,2023-09-05 19:18:59,2023-09-05 19:18:59,
7124,2,7124,2023-04-15 19:18:59,2024-06-14 19:18:59,2023-09-05 19:18:59,2023-09-05 19:18:59,
7125,1,7125,2023-02-24 19:18:59,2024-05-24 19:18:59,2023-09-05 19:18:59,2023-09-05 19:18:59,
7126,1,7126,2023-09-02 19:18:59,2023-12-18 19:18:59,2023-09-05 19:18:59,2023-09-05 19:18:59,
7127,1,7127,2023-05-23 19:18:59,2024-01-17 19:18:59,2023-09-05 19:18:59,2023-09-05 19:18:59,
7128,2,7128,2023-05-16 19:18:59,2024-05-25 19:18:59,2023-09-05 19:18:59,2023-09-05 19:18:59,
7129,3,7129,2023-01-20 19:18:59,2024-04-05 19:18:59,2023-09-05 19:18:59,2023-09-05 19:18:59,
7130,2,7130,2023-04-11 19:18:59,2023-12-05 19:18:59,2023-09-05 19:18:59,2023-09-05 19:18:59,
7131,1,7131,2022-12-18 19:18:59,2024-06-28 19:18:59,2023-09-05 19:18:59,2023-09-05 19:18:59,
7132,1,7132,2022-10-01 19:18:59,2024-01-04 19:18:59,2023-09-05 19:18:59,2023-09-05 19:18:59,
7133,2,7133,2023-04-09 19:18:59,2023-10-28 19:18:59,2023-09-05 19:18:59,2023-09-05 19:18:59,
7134,3,7134,2023-03-06 19:18:59,2024-01-26 19:18:59,2023-09-05 19:18:59,2023-09-05 19:18:59,
7135,2,7135,2023-01-22 19:18:59,2024-01-19 19:18:59,2023-09-05 19:18:59,2023-09-05 19:18:59,
7136,3,7136,2023-06-29 19:18:59,2023-10-25 19:18:59,2023-09-05 19:18:59,2023-09-05 19:18:59,
7137,3,7137,2023-01-06 19:18:59,2023-11-22 19:18:59,2023-09-05 19:18:59,2023-09-05 19:18:59,
7138,2,7138,2023-08-08 19:18:59,2024-04-15 19:18:59,2023-09-05 19:18:59,2023-09-05 19:18:59,
7139,2,7139,2023-09-01 19:18:59,2024-03-11 19:18:59,2023-09-05 19:18:59,2023-09-05 19:18:59,
7140,3,7140,2023-07-15 19:18:59,2024-03-02 19:18:59,2023-09-05 19:18:59,2023-09-05 19:18:59,
7141,2,7141,2022-12-06 19:18:59,2024-05-24 19:18:59,2023-09-05 19:18:59,2023-09-05 19:18:59,
7142,3,7142,2022-10-13 19:18:59,2024-03-19 19:18:59,2023-09-05 19:18:59,2023-09-05 19:18:59,
7143,2,7143,2022-11-05 19:18:59,2023-12-02 19:18:59,2023-09-05 19:18:59,2023-09-05 19:18:59,
7144,1,7144,2022-11-15 19:18:59,2024-07-05 19:18:59,2023-09-05 19:18:59,2023-09-05 19:18:59,
7145,2,7145,2022-12-18 19:18:59,2024-08-05 19:18:59,2023-09-05 19:18:59,2023-09-05 19:18:59,
7146,1,7146,2023-08-04 19:18:59,2024-05-14 19:18:59,2023-09-05 19:18:59,2023-09-05 19:18:59,
7147,2,7147,2023-03-20 19:18:59,2024-01-17 19:18:59,2023-09-05 19:18:59,2023-09-05 19:18:59,
7148,2,7148,2022-11-07 19:18:59,2023-11-07 19:18:59,2023-09-05 19:18:59,2023-09-05 19:18:59,
7149,2,7149,2022-09-09 19:18:59,2024-02-01 19:18:59,2023-09-05 19:18:59,2023-09-05 19:18:59,
7150,1,7150,2022-10-10 19:18:59,2024-02-14 19:18:59,2023-09-05 19:18:59,2023-09-05 19:18:59,
7151,1,7151,2023-06-24 19:18:59,2024-04-18 19:18:59,2023-09-05 19:18:59,2023-09-05 19:18:59,
7152,3,7152,2023-07-12 19:18:59,2023-10-12 19:18:59,2023-09-05 19:18:59,2023-09-05 19:18:59,
7153,2,7153,2023-06-23 19:18:59,2024-05-20 19:18:59,2023-09-05 19:18:59,2023-09-05 19:18:59,
7154,2,7154,2022-11-03 19:18:59,2024-07-20 19:18:59,2023-09-05 19:18:59,2023-09-05 19:18:59,
7155,2,7155,2022-12-31 19:18:59,2024-07-28 19:18:59,2023-09-05 19:18:59,2023-09-05 19:18:59,
7156,3,7156,2023-08-01 19:18:59,2024-05-22 19:18:59,2023-09-05 19:18:59,2023-09-05 19:18:59,
7157,3,7157,2023-02-01 19:18:59,2024-07-27 19:18:59,2023-09-05 19:18:59,2023-09-05 19:18:59,
7158,3,7158,2022-09-10 19:18:59,2024-06-04 19:18:59,2023-09-05 19:18:59,2023-09-05 19:18:59,
7159,1,7159,2022-10-24 19:18:59,2023-12-02 19:18:59,2023-09-05 19:18:59,2023-09-05 19:18:59,
7160,2,7160,2022-11-13 19:18:59,2024-04-07 19:18:59,2023-09-05 19:18:59,2023-09-05 19:18:59,
7161,1,7161,2023-03-16 19:18:59,2024-04-03 19:18:59,2023-09-05 19:18:59,2023-09-05 19:18:59,
7162,3,7162,2023-03-28 19:18:59,2024-03-27 19:18:59,2023-09-05 19:18:59,2023-09-05 19:18:59,
7163,2,7163,2023-04-25 19:18:59,2024-02-06 19:18:59,2023-09-05 19:18:59,2023-09-05 19:18:59,
7164,2,7164,2023-07-21 19:18:59,2024-04-01 19:18:59,2023-09-05 19:18:59,2023-09-05 19:18:59,
7165,2,7165,2023-07-28 19:18:59,2023-12-15 19:18:59,2023-09-05 19:18:59,2023-09-05 19:18:59,
7166,2,7166,2022-12-23 19:18:59,2024-03-09 19:18:59,2023-09-05 19:18:59,2023-09-05 19:18:59,
7167,3,7167,2022-10-17 19:18:59,2024-01-09 19:18:59,2023-09-05 19:18:59,2023-09-05 19:18:59,
7168,3,7168,2023-08-16 19:18:59,2024-02-20 19:18:59,2023-09-05 19:18:59,2023-09-05 19:18:59,
7169,2,7169,2023-08-06 19:18:59,2024-08-18 19:18:59,2023-09-05 19:18:59,2023-09-05 19:18:59,
7170,2,7170,2023-01-20 19:18:59,2024-02-11 19:18:59,2023-09-05 19:18:59,2023-09-05 19:18:59,
7171,2,7171,2023-05-04 19:18:59,2024-04-15 19:18:59,2023-09-05 19:18:59,2023-09-05 19:18:59,
7172,1,7172,2022-10-27 19:18:59,2024-08-19 19:18:59,2023-09-05 19:18:59,2023-09-05 19:18:59,
7173,1,7173,2023-05-13 19:18:59,2024-02-04 19:18:59,2023-09-05 19:18:59,2023-09-05 19:18:59,
7174,2,7174,2023-08-14 19:18:59,2023-10-14 19:18:59,2023-09-05 19:18:59,2023-09-05 19:18:59,
7175,2,7175,2023-06-05 19:18:59,2024-08-10 19:18:59,2023-09-05 19:18:59,2023-09-05 19:18:59,
7176,3,7176,2023-03-29 19:18:59,2024-02-29 19:18:59,2023-09-05 19:18:59,2023-09-05 19:18:59,
7177,2,7177,2022-10-05 19:18:59,2024-05-26 19:18:59,2023-09-05 19:18:59,2023-09-05 19:18:59,
7178,3,7178,2022-10-08 19:18:59,2024-08-30 19:18:59,2023-09-05 19:18:59,2023-09-05 19:18:59,
7179,3,7179,2023-03-21 19:18:59,2023-10-07 19:18:59,2023-09-05 19:18:59,2023-09-05 19:18:59,
7180,3,7180,2023-06-19 19:18:59,2023-11-29 19:18:59,2023-09-05 19:18:59,2023-09-05 19:18:59,
7181,1,7181,2023-01-15 19:18:59,2023-12-05 19:18:59,2023-09-05 19:18:59,2023-09-05 19:18:59,
7182,1,7182,2022-12-22 19:18:59,2024-03-15 19:18:59,2023-09-05 19:18:59,2023-09-05 19:18:59,
7183,1,7183,2023-07-04 19:18:59,2024-04-13 19:18:59,2023-09-05 19:18:59,2023-09-05 19:18:59,
7184,2,7184,2022-12-23 19:18:59,2024-03-15 19:18:59,2023-09-05 19:18:59,2023-09-05 19:18:59,
7185,2,7185,2023-01-19 19:18:59,2024-03-06 19:18:59,2023-09-05 19:18:59,2023-09-05 19:18:59,
7186,3,7186,2023-04-06 19:18:59,2023-10-29 19:18:59,2023-09-05 19:18:59,2023-09-05 19:18:59,
7187,3,7187,2023-06-29 19:18:59,2024-07-03 19:18:59,2023-09-05 19:18:59,2023-09-05 19:18:59,
7188,2,7188,2022-09-30 19:18:59,2023-10-15 19:18:59,2023-09-05 19:18:59,2023-09-05 19:18:59,
7189,1,7189,2022-12-21 19:18:59,2024-03-18 19:18:59,2023-09-05 19:18:59,2023-09-05 19:18:59,
7190,1,7190,2023-02-15 19:18:59,2023-11-11 19:18:59,2023-09-05 19:18:59,2023-09-05 19:18:59,
7191,1,7191,2023-09-05 19:18:59,2024-03-07 19:18:59,2023-09-05 19:18:59,2023-09-05 19:18:59,
7192,2,7192,2023-03-19 19:18:59,2024-01-08 19:18:59,2023-09-05 19:18:59,2023-09-05 19:18:59,
7193,2,7193,2023-04-18 19:18:59,2024-05-14 19:18:59,2023-09-05 19:18:59,2023-09-05 19:18:59,
7194,1,7194,2022-10-18 19:18:59,2024-04-05 19:18:59,2023-09-05 19:18:59,2023-09-05 19:18:59,
7195,2,7195,2022-10-07 19:18:59,2024-06-24 19:18:59,2023-09-05 19:18:59,2023-09-05 19:18:59,
7196,2,7196,2022-12-02 19:18:59,2024-07-25 19:18:59,2023-09-05 19:18:59,2023-09-05 19:18:59,
7197,2,7197,2022-10-15 19:18:59,2024-08-10 19:18:59,2023-09-05 19:18:59,2023-09-05 19:18:59,
7198,1,7198,2022-11-28 19:18:59,2023-11-04 19:18:59,2023-09-05 19:18:59,2023-09-05 19:18:59,
7199,2,7199,2023-09-05 19:18:59,2024-01-14 19:18:59,2023-09-05 19:18:59,2023-09-05 19:18:59,
7200,1,7200,2022-11-03 19:18:59,2023-12-31 19:18:59,2023-09-05 19:18:59,2023-09-05 19:18:59,
7201,1,7201,2022-12-03 19:18:59,2024-07-14 19:18:59,2023-09-05 19:18:59,2023-09-05 19:18:59,
7202,3,7202,2023-08-23 19:18:59,2023-10-14 19:18:59,2023-09-05 19:18:59,2023-09-05 19:18:59,
7203,2,7203,2022-09-27 19:18:59,2024-04-24 19:18:59,2023-09-05 19:18:59,2023-09-05 19:18:59,
7204,2,7204,2023-03-05 19:18:59,2023-12-05 19:18:59,2023-09-05 19:18:59,2023-09-05 19:18:59,
7205,2,7205,2023-01-25 19:18:59,2023-12-13 19:18:59,2023-09-05 19:18:59,2023-09-05 19:18:59,
7206,1,7206,2023-02-20 19:18:59,2023-10-06 19:18:59,2023-09-05 19:18:59,2023-09-05 19:18:59,
7207,2,7207,2022-12-03 19:18:59,2024-02-13 19:18:59,2023-09-05 19:18:59,2023-09-05 19:18:59,
7208,2,7208,2023-09-03 19:18:59,2024-05-23 19:18:59,2023-09-05 19:18:59,2023-09-05 19:18:59,
7209,3,7209,2023-06-23 19:18:59,2023-11-05 19:18:59,2023-09-05 19:18:59,2023-09-05 19:18:59,
7210,3,7210,2022-11-07 19:18:59,2024-03-30 19:18:59,2023-09-05 19:18:59,2023-09-05 19:18:59,
7211,3,7211,2022-12-20 19:18:59,2024-02-12 19:18:59,2023-09-05 19:18:59,2023-09-05 19:18:59,
7212,2,7212,2023-06-11 19:18:59,2024-02-25 19:18:59,2023-09-05 19:18:59,2023-09-05 19:18:59,
7213,3,7213,2023-06-19 19:18:59,2023-11-05 19:18:59,2023-09-05 19:18:59,2023-09-05 19:18:59,
7214,3,7214,2022-12-06 19:18:59,2024-05-06 19:18:59,2023-09-05 19:18:59,2023-09-05 19:18:59,
7215,1,7215,2023-07-09 19:18:59,2024-06-07 19:18:59,2023-09-05 19:18:59,2023-09-05 19:18:59,
7216,1,7216,2023-08-18 19:18:59,2023-11-28 19:18:59,2023-09-05 19:18:59,2023-09-05 19:18:59,
7217,2,7217,2023-08-22 19:18:59,2024-02-04 19:18:59,2023-09-05 19:18:59,2023-09-05 19:18:59,
7218,2,7218,2023-08-27 19:18:59,2024-03-17 19:18:59,2023-09-05 19:18:59,2023-09-05 19:18:59,
7219,1,7219,2022-10-01 19:18:59,2023-12-09 19:18:59,2023-09-05 19:18:59,2023-09-05 19:18:59,
7220,3,7220,2023-06-07 19:18:59,2024-07-09 19:18:59,2023-09-05 19:18:59,2023-09-05 19:18:59,
7221,2,7221,2022-09-11 19:18:59,2024-01-05 19:18:59,2023-09-05 19:18:59,2023-09-05 19:18:59,
7222,3,7222,2023-02-17 19:18:59,2024-01-05 19:18:59,2023-09-05 19:18:59,2023-09-05 19:18:59,
7223,1,7223,2022-12-24 19:18:59,2023-12-06 19:18:59,2023-09-05 19:18:59,2023-09-05 19:18:59,
7224,1,7224,2022-11-11 19:18:59,2024-08-04 19:18:59,2023-09-05 19:18:59,2023-09-05 19:18:59,
7225,3,7225,2023-01-16 19:18:59,2023-11-16 19:18:59,2023-09-05 19:18:59,2023-09-05 19:18:59,
7226,3,7226,2022-09-24 19:18:59,2024-05-06 19:18:59,2023-09-05 19:18:59,2023-09-05 19:18:59,
7227,3,7227,2023-01-18 19:18:59,2024-06-22 19:18:59,2023-09-05 19:18:59,2023-09-05 19:18:59,
7228,2,7228,2023-01-02 19:18:59,2024-09-04 19:18:59,2023-09-05 19:18:59,2023-09-05 19:18:59,
7229,1,7229,2023-09-03 19:18:59,2024-03-27 19:18:59,2023-09-05 19:18:59,2023-09-05 19:18:59,
7230,2,7230,2023-05-16 19:18:59,2024-02-22 19:18:59,2023-09-05 19:18:59,2023-09-05 19:18:59,
7231,1,7231,2022-12-17 19:18:59,2023-10-25 19:18:59,2023-09-05 19:18:59,2023-09-05 19:18:59,
7232,1,7232,2023-06-16 19:18:59,2023-12-19 19:18:59,2023-09-05 19:18:59,2023-09-05 19:18:59,
7233,3,7233,2023-04-20 19:18:59,2024-05-07 19:18:59,2023-09-05 19:18:59,2023-09-05 19:18:59,
7234,1,7234,2022-12-24 19:18:59,2024-08-17 19:18:59,2023-09-05 19:18:59,2023-09-05 19:18:59,
7235,1,7235,2023-08-03 19:18:59,2024-01-09 19:18:59,2023-09-05 19:18:59,2023-09-05 19:18:59,
7236,3,7236,2023-02-20 19:18:59,2024-01-24 19:18:59,2023-09-05 19:18:59,2023-09-05 19:18:59,
7237,2,7237,2022-09-19 19:18:59,2024-03-16 19:18:59,2023-09-05 19:18:59,2023-09-05 19:18:59,
7238,3,7238,2023-02-02 19:18:59,2024-08-01 19:18:59,2023-09-05 19:18:59,2023-09-05 19:18:59,
7239,1,7239,2023-05-03 19:18:59,2024-08-07 19:18:59,2023-09-05 19:18:59,2023-09-05 19:18:59,
7240,3,7240,2023-07-18 19:18:59,2023-12-26 19:18:59,2023-09-05 19:18:59,2023-09-05 19:18:59,
7241,3,7241,2023-02-12 19:18:59,2024-05-15 19:18:59,2023-09-05 19:18:59,2023-09-05 19:18:59,
7242,1,7242,2023-07-31 19:18:59,2024-04-12 19:18:59,2023-09-05 19:18:59,2023-09-05 19:18:59,
7243,1,7243,2023-02-02 19:18:59,2024-04-07 19:18:59,2023-09-05 19:18:59,2023-09-05 19:18:59,
7244,2,7244,2023-03-29 19:18:59,2024-07-02 19:18:59,2023-09-05 19:18:59,2023-09-05 19:18:59,
7245,1,7245,2022-12-25 19:18:59,2024-05-09 19:18:59,2023-09-05 19:18:59,2023-09-05 19:18:59,
7246,1,7246,2023-01-08 19:18:59,2024-07-18 19:18:59,2023-09-05 19:18:59,2023-09-05 19:18:59,
7247,1,7247,2022-11-05 19:18:59,2024-07-29 19:18:59,2023-09-05 19:18:59,2023-09-05 19:18:59,
7248,2,7248,2022-12-22 19:18:59,2024-01-11 19:18:59,2023-09-05 19:18:59,2023-09-05 19:18:59,
7249,1,7249,2023-07-12 19:18:59,2023-12-20 19:18:59,2023-09-05 19:18:59,2023-09-05 19:18:59,
7250,1,7250,2023-04-12 19:18:59,2024-08-14 19:18:59,2023-09-05 19:18:59,2023-09-05 19:18:59,
7251,1,7251,2022-09-16 19:18:59,2024-02-14 19:18:59,2023-09-05 19:18:59,2023-09-05 19:18:59,
7252,2,7252,2023-06-14 19:18:59,2024-04-26 19:18:59,2023-09-05 19:18:59,2023-09-05 19:18:59,
7253,2,7253,2022-11-01 19:18:59,2024-07-02 19:18:59,2023-09-05 19:18:59,2023-09-05 19:18:59,
7254,1,7254,2022-11-24 19:18:59,2023-12-05 19:18:59,2023-09-05 19:18:59,2023-09-05 19:18:59,
7255,3,7255,2023-06-06 19:18:59,2023-10-19 19:18:59,2023-09-05 19:18:59,2023-09-05 19:18:59,
7256,2,7256,2022-11-13 19:18:59,2023-10-27 19:18:59,2023-09-05 19:18:59,2023-09-05 19:18:59,
7257,1,7257,2022-10-29 19:18:59,2023-12-03 19:18:59,2023-09-05 19:18:59,2023-09-05 19:18:59,
7258,3,7258,2023-07-02 19:18:59,2023-12-22 19:18:59,2023-09-05 19:18:59,2023-09-05 19:18:59,
7259,2,7259,2022-10-04 19:18:59,2023-11-14 19:18:59,2023-09-05 19:18:59,2023-09-05 19:18:59,
7260,1,7260,2023-08-15 19:18:59,2024-01-18 19:18:59,2023-09-05 19:18:59,2023-09-05 19:18:59,
7261,2,7261,2022-11-09 19:18:59,2023-11-27 19:18:59,2023-09-05 19:18:59,2023-09-05 19:18:59,
7262,2,7262,2023-07-24 19:18:59,2024-03-06 19:18:59,2023-09-05 19:18:59,2023-09-05 19:18:59,
7263,1,7263,2023-08-23 19:18:59,2023-10-12 19:18:59,2023-09-05 19:18:59,2023-09-05 19:18:59,
7264,3,7264,2023-03-27 19:18:59,2023-11-09 19:18:59,2023-09-05 19:18:59,2023-09-05 19:18:59,
7265,1,7265,2023-03-04 19:18:59,2023-10-10 19:18:59,2023-09-05 19:18:59,2023-09-05 19:18:59,
7266,1,7266,2022-12-29 19:18:59,2024-01-30 19:18:59,2023-09-05 19:18:59,2023-09-05 19:18:59,
7267,2,7267,2023-03-20 19:18:59,2023-10-07 19:18:59,2023-09-05 19:18:59,2023-09-05 19:18:59,
7268,1,7268,2023-07-16 19:18:59,2023-12-09 19:18:59,2023-09-05 19:18:59,2023-09-05 19:18:59,
7269,1,7269,2022-09-28 19:18:59,2024-08-05 19:18:59,2023-09-05 19:18:59,2023-09-05 19:18:59,
7270,2,7270,2022-12-14 19:18:59,2023-12-19 19:18:59,2023-09-05 19:18:59,2023-09-05 19:18:59,
7271,3,7271,2023-05-14 19:18:59,2023-11-30 19:18:59,2023-09-05 19:18:59,2023-09-05 19:18:59,
7272,2,7272,2022-09-18 19:18:59,2024-08-28 19:18:59,2023-09-05 19:18:59,2023-09-05 19:18:59,
7273,1,7273,2023-05-03 19:18:59,2023-11-10 19:18:59,2023-09-05 19:18:59,2023-09-05 19:18:59,
7274,1,7274,2023-01-25 19:18:59,2024-06-22 19:18:59,2023-09-05 19:18:59,2023-09-05 19:18:59,
7275,1,7275,2023-05-20 19:18:59,2023-12-04 19:18:59,2023-09-05 19:18:59,2023-09-05 19:18:59,
7276,2,7276,2022-12-23 19:18:59,2024-07-13 19:18:59,2023-09-05 19:18:59,2023-09-05 19:18:59,
7277,3,7277,2023-07-12 19:18:59,2023-10-25 19:18:59,2023-09-05 19:18:59,2023-09-05 19:18:59,
7278,2,7278,2022-11-21 19:18:59,2024-01-01 19:18:59,2023-09-05 19:18:59,2023-09-05 19:18:59,
7279,1,7279,2023-04-10 19:18:59,2024-08-27 19:18:59,2023-09-05 19:18:59,2023-09-05 19:18:59,
7280,3,7280,2022-12-16 19:18:59,2024-03-21 19:18:59,2023-09-05 19:18:59,2023-09-05 19:18:59,
7281,2,7281,2023-03-19 19:18:59,2024-04-16 19:18:59,2023-09-05 19:18:59,2023-09-05 19:18:59,
7282,3,7282,2023-02-27 19:18:59,2024-03-22 19:18:59,2023-09-05 19:18:59,2023-09-05 19:18:59,
7283,2,7283,2023-02-16 19:18:59,2023-11-12 19:18:59,2023-09-05 19:18:59,2023-09-05 19:18:59,
7284,1,7284,2023-08-16 19:18:59,2023-11-10 19:18:59,2023-09-05 19:18:59,2023-09-05 19:18:59,
7285,2,7285,2022-12-07 19:18:59,2024-07-02 19:18:59,2023-09-05 19:18:59,2023-09-05 19:18:59,
7286,3,7286,2022-10-03 19:18:59,2024-04-01 19:18:59,2023-09-05 19:18:59,2023-09-05 19:18:59,
7287,1,7287,2023-02-16 19:18:59,2024-04-03 19:18:59,2023-09-05 19:18:59,2023-09-05 19:18:59,
7288,3,7288,2023-06-24 19:18:59,2024-07-01 19:18:59,2023-09-05 19:18:59,2023-09-05 19:18:59,
7289,1,7289,2022-10-21 19:18:59,2024-04-29 19:18:59,2023-09-05 19:18:59,2023-09-05 19:18:59,
7290,2,7290,2023-07-21 19:18:59,2024-05-01 19:18:59,2023-09-05 19:18:59,2023-09-05 19:18:59,
7291,1,7291,2023-02-05 19:18:59,2024-07-05 19:18:59,2023-09-05 19:18:59,2023-09-05 19:18:59,
7292,1,7292,2023-08-08 19:18:59,2023-12-15 19:18:59,2023-09-05 19:18:59,2023-09-05 19:18:59,
7293,3,7293,2022-11-19 19:18:59,2024-03-13 19:18:59,2023-09-05 19:18:59,2023-09-05 19:18:59,
7294,2,7294,2022-11-11 19:18:59,2024-06-14 19:18:59,2023-09-05 19:18:59,2023-09-05 19:18:59,
7295,2,7295,2022-11-11 19:18:59,2023-12-22 19:18:59,2023-09-05 19:18:59,2023-09-05 19:18:59,
7296,3,7296,2022-11-27 19:18:59,2023-11-04 19:18:59,2023-09-05 19:18:59,2023-09-05 19:18:59,
7297,3,7297,2023-01-19 19:18:59,2024-01-10 19:18:59,2023-09-05 19:18:59,2023-09-05 19:18:59,
7298,3,7298,2023-01-21 19:18:59,2024-04-29 19:18:59,2023-09-05 19:18:59,2023-09-05 19:18:59,
7299,3,7299,2023-08-13 19:18:59,2024-01-20 19:18:59,2023-09-05 19:18:59,2023-09-05 19:18:59,
7300,3,7300,2023-03-29 19:18:59,2024-05-01 19:18:59,2023-09-05 19:18:59,2023-09-05 19:18:59,
7301,3,7301,2022-12-19 19:18:59,2023-12-25 19:18:59,2023-09-05 19:18:59,2023-09-05 19:18:59,
7302,3,7302,2023-09-05 19:18:59,2024-05-14 19:18:59,2023-09-05 19:18:59,2023-09-05 19:18:59,
7303,2,7303,2022-12-12 19:18:59,2024-03-16 19:18:59,2023-09-05 19:18:59,2023-09-05 19:18:59,
7304,3,7304,2023-01-24 19:18:59,2024-08-02 19:18:59,2023-09-05 19:18:59,2023-09-05 19:18:59,
7305,2,7305,2023-03-25 19:18:59,2024-06-27 19:18:59,2023-09-05 19:18:59,2023-09-05 19:18:59,
7306,2,7306,2023-08-12 19:18:59,2024-06-26 19:18:59,2023-09-05 19:18:59,2023-09-05 19:18:59,
7307,1,7307,2023-04-30 19:18:59,2024-04-10 19:18:59,2023-09-05 19:18:59,2023-09-05 19:18:59,
7308,1,7308,2023-07-02 19:18:59,2023-12-03 19:18:59,2023-09-05 19:18:59,2023-09-05 19:18:59,
7309,1,7309,2022-10-10 19:18:59,2024-01-23 19:18:59,2023-09-05 19:18:59,2023-09-05 19:18:59,
7310,3,7310,2023-02-16 19:18:59,2024-04-25 19:18:59,2023-09-05 19:18:59,2023-09-05 19:18:59,
7311,3,7311,2023-06-10 19:18:59,2024-04-13 19:18:59,2023-09-05 19:18:59,2023-09-05 19:18:59,
7312,2,7312,2023-07-09 19:18:59,2023-11-05 19:18:59,2023-09-05 19:18:59,2023-09-05 19:18:59,
7313,3,7313,2023-07-10 19:18:59,2024-04-25 19:18:59,2023-09-05 19:18:59,2023-09-05 19:18:59,
7314,3,7314,2022-11-12 19:18:59,2024-08-27 19:18:59,2023-09-05 19:18:59,2023-09-05 19:18:59,
7315,2,7315,2023-06-29 19:18:59,2024-05-13 19:18:59,2023-09-05 19:18:59,2023-09-05 19:18:59,
7316,1,7316,2023-06-17 19:18:59,2024-01-12 19:18:59,2023-09-05 19:18:59,2023-09-05 19:18:59,
7317,1,7317,2023-05-20 19:18:59,2023-12-09 19:18:59,2023-09-05 19:18:59,2023-09-05 19:18:59,
7318,3,7318,2023-06-22 19:18:59,2024-05-12 19:18:59,2023-09-05 19:18:59,2023-09-05 19:18:59,
7319,3,7319,2023-04-15 19:18:59,2024-07-21 19:18:59,2023-09-05 19:18:59,2023-09-05 19:18:59,
7320,2,7320,2023-08-02 19:18:59,2024-04-13 19:18:59,2023-09-05 19:18:59,2023-09-05 19:18:59,
7321,3,7321,2023-03-12 19:18:59,2024-01-27 19:18:59,2023-09-05 19:18:59,2023-09-05 19:18:59,
7322,2,7322,2023-08-19 19:18:59,2023-11-27 19:18:59,2023-09-05 19:18:59,2023-09-05 19:18:59,
7323,1,7323,2023-08-27 19:18:59,2023-12-24 19:18:59,2023-09-05 19:18:59,2023-09-05 19:18:59,
7324,2,7324,2022-12-02 19:18:59,2023-10-21 19:18:59,2023-09-05 19:18:59,2023-09-05 19:18:59,
7325,1,7325,2022-09-18 19:18:59,2023-12-15 19:18:59,2023-09-05 19:18:59,2023-09-05 19:18:59,
7326,3,7326,2022-12-10 19:18:59,2024-04-23 19:18:59,2023-09-05 19:18:59,2023-09-05 19:18:59,
7327,2,7327,2023-08-18 19:18:59,2023-11-16 19:18:59,2023-09-05 19:18:59,2023-09-05 19:18:59,
7328,3,7328,2023-03-09 19:18:59,2024-05-11 19:18:59,2023-09-05 19:18:59,2023-09-05 19:18:59,
7329,3,7329,2023-04-19 19:18:59,2024-03-29 19:18:59,2023-09-05 19:18:59,2023-09-05 19:18:59,
7330,2,7330,2022-12-11 19:18:59,2023-11-15 19:18:59,2023-09-05 19:18:59,2023-09-05 19:18:59,
7331,2,7331,2023-03-18 19:18:59,2024-06-08 19:18:59,2023-09-05 19:18:59,2023-09-05 19:18:59,
7332,2,7332,2023-07-11 19:18:59,2023-10-18 19:18:59,2023-09-05 19:18:59,2023-09-05 19:18:59,
7333,2,7333,2023-05-24 19:18:59,2024-02-02 19:18:59,2023-09-05 19:18:59,2023-09-05 19:18:59,
7334,2,7334,2023-06-11 19:18:59,2024-06-02 19:18:59,2023-09-05 19:18:59,2023-09-05 19:18:59,
7335,2,7335,2022-09-27 19:18:59,2024-01-30 19:18:59,2023-09-05 19:18:59,2023-09-05 19:18:59,
7336,2,7336,2023-08-28 19:18:59,2023-12-06 19:18:59,2023-09-05 19:18:59,2023-09-05 19:18:59,
7337,1,7337,2023-03-06 19:18:59,2024-02-17 19:18:59,2023-09-05 19:18:59,2023-09-05 19:18:59,
7338,3,7338,2023-01-15 19:18:59,2024-05-28 19:18:59,2023-09-05 19:18:59,2023-09-05 19:18:59,
7339,2,7339,2023-03-16 19:18:59,2024-03-02 19:18:59,2023-09-05 19:18:59,2023-09-05 19:18:59,
7340,3,7340,2023-03-20 19:18:59,2024-08-14 19:18:59,2023-09-05 19:18:59,2023-09-05 19:18:59,
7341,3,7341,2023-04-29 19:18:59,2024-05-11 19:18:59,2023-09-05 19:18:59,2023-09-05 19:18:59,
7342,1,7342,2023-07-29 19:18:59,2024-08-07 19:18:59,2023-09-05 19:18:59,2023-09-05 19:18:59,
7343,3,7343,2023-07-15 19:18:59,2024-07-10 19:18:59,2023-09-05 19:18:59,2023-09-05 19:18:59,
7344,1,7344,2023-03-01 19:18:59,2023-12-14 19:18:59,2023-09-05 19:18:59,2023-09-05 19:18:59,
7345,2,7345,2023-02-27 19:18:59,2024-06-27 19:18:59,2023-09-05 19:18:59,2023-09-05 19:18:59,
7346,2,7346,2023-08-16 19:18:59,2023-10-23 19:18:59,2023-09-05 19:18:59,2023-09-05 19:18:59,
7347,1,7347,2023-02-24 19:18:59,2023-12-31 19:18:59,2023-09-05 19:18:59,2023-09-05 19:18:59,
7348,3,7348,2023-06-25 19:18:59,2024-07-16 19:18:59,2023-09-05 19:18:59,2023-09-05 19:18:59,
7349,1,7349,2022-12-26 19:18:59,2023-12-12 19:18:59,2023-09-05 19:18:59,2023-09-05 19:18:59,
7350,1,7350,2023-03-10 19:18:59,2023-10-18 19:18:59,2023-09-05 19:18:59,2023-09-05 19:18:59,
7351,2,7351,2023-03-05 19:18:59,2024-07-24 19:18:59,2023-09-05 19:18:59,2023-09-05 19:18:59,
7352,3,7352,2022-11-24 19:18:59,2024-03-13 19:18:59,2023-09-05 19:18:59,2023-09-05 19:18:59,
7353,3,7353,2023-01-19 19:18:59,2023-10-11 19:18:59,2023-09-05 19:18:59,2023-09-05 19:18:59,
7354,1,7354,2022-12-06 19:18:59,2023-12-06 19:18:59,2023-09-05 19:18:59,2023-09-05 19:18:59,
7355,2,7355,2023-01-06 19:18:59,2024-05-02 19:18:59,2023-09-05 19:18:59,2023-09-05 19:18:59,
7356,2,7356,2023-07-02 19:18:59,2024-06-22 19:18:59,2023-09-05 19:18:59,2023-09-05 19:18:59,
7357,2,7357,2023-07-30 19:18:59,2023-12-30 19:18:59,2023-09-05 19:18:59,2023-09-05 19:18:59,
7358,1,7358,2023-05-31 19:18:59,2024-05-05 19:18:59,2023-09-05 19:18:59,2023-09-05 19:18:59,
7359,1,7359,2022-11-04 19:18:59,2024-08-02 19:18:59,2023-09-05 19:18:59,2023-09-05 19:18:59,
7360,1,7360,2022-10-07 19:18:59,2024-07-31 19:18:59,2023-09-05 19:18:59,2023-09-05 19:18:59,
7361,1,7361,2023-03-03 19:18:59,2024-05-05 19:18:59,2023-09-05 19:18:59,2023-09-05 19:18:59,
7362,3,7362,2023-05-18 19:18:59,2024-07-05 19:18:59,2023-09-05 19:18:59,2023-09-05 19:18:59,
7363,1,7363,2023-03-19 19:18:59,2023-12-29 19:18:59,2023-09-05 19:18:59,2023-09-05 19:18:59,
7364,2,7364,2023-04-28 19:18:59,2024-07-29 19:18:59,2023-09-05 19:18:59,2023-09-05 19:18:59,
7365,1,7365,2023-04-10 19:18:59,2024-05-07 19:18:59,2023-09-05 19:18:59,2023-09-05 19:18:59,
7366,3,7366,2022-10-26 19:18:59,2023-12-13 19:18:59,2023-09-05 19:18:59,2023-09-05 19:18:59,
7367,1,7367,2023-08-14 19:18:59,2024-05-23 19:18:59,2023-09-05 19:18:59,2023-09-05 19:18:59,
7368,1,7368,2022-09-25 19:18:59,2024-06-05 19:18:59,2023-09-05 19:18:59,2023-09-05 19:18:59,
7369,1,7369,2022-11-03 19:18:59,2024-02-05 19:18:59,2023-09-05 19:18:59,2023-09-05 19:18:59,
7370,2,7370,2023-02-09 19:18:59,2024-08-16 19:18:59,2023-09-05 19:18:59,2023-09-05 19:18:59,
7371,3,7371,2023-07-04 19:18:59,2023-12-05 19:18:59,2023-09-05 19:18:59,2023-09-05 19:18:59,
7372,2,7372,2023-05-26 19:18:59,2024-08-25 19:18:59,2023-09-05 19:18:59,2023-09-05 19:18:59,
7373,1,7373,2022-09-05 19:18:59,2024-08-14 19:18:59,2023-09-05 19:18:59,2023-09-05 19:18:59,
7374,2,7374,2023-06-21 19:18:59,2023-12-26 19:18:59,2023-09-05 19:18:59,2023-09-05 19:18:59,
7375,3,7375,2022-11-01 19:18:59,2023-11-10 19:18:59,2023-09-05 19:18:59,2023-09-05 19:18:59,
7376,3,7376,2022-09-06 19:18:59,2024-08-18 19:18:59,2023-09-05 19:18:59,2023-09-05 19:18:59,
7377,1,7377,2023-07-17 19:18:59,2024-07-06 19:18:59,2023-09-05 19:18:59,2023-09-05 19:18:59,
7378,3,7378,2023-04-15 19:18:59,2023-11-07 19:18:59,2023-09-05 19:18:59,2023-09-05 19:18:59,
7379,2,7379,2023-02-19 19:18:59,2024-08-01 19:18:59,2023-09-05 19:18:59,2023-09-05 19:18:59,
7380,3,7380,2022-10-05 19:18:59,2024-08-02 19:18:59,2023-09-05 19:18:59,2023-09-05 19:18:59,
7381,1,7381,2023-01-24 19:18:59,2023-10-10 19:18:59,2023-09-05 19:18:59,2023-09-05 19:18:59,
7382,1,7382,2022-09-15 19:18:59,2024-03-19 19:18:59,2023-09-05 19:18:59,2023-09-05 19:18:59,
7383,3,7383,2022-10-02 19:18:59,2023-12-28 19:18:59,2023-09-05 19:18:59,2023-09-05 19:18:59,
7384,1,7384,2023-05-06 19:18:59,2023-10-13 19:18:59,2023-09-05 19:18:59,2023-09-05 19:18:59,
7385,1,7385,2023-03-10 19:18:59,2024-01-14 19:18:59,2023-09-05 19:18:59,2023-09-05 19:18:59,
7386,1,7386,2023-02-04 19:18:59,2024-01-04 19:18:59,2023-09-05 19:18:59,2023-09-05 19:18:59,
7387,1,7387,2023-03-04 19:18:59,2024-01-15 19:18:59,2023-09-05 19:18:59,2023-09-05 19:18:59,
7388,3,7388,2022-11-14 19:18:59,2024-07-11 19:18:59,2023-09-05 19:18:59,2023-09-05 19:18:59,
7389,3,7389,2023-09-02 19:18:59,2023-11-18 19:18:59,2023-09-05 19:18:59,2023-09-05 19:18:59,
7390,2,7390,2023-05-24 19:18:59,2024-06-15 19:18:59,2023-09-05 19:18:59,2023-09-05 19:18:59,
7391,2,7391,2023-09-03 19:18:59,2024-04-07 19:18:59,2023-09-05 19:18:59,2023-09-05 19:18:59,
7392,3,7392,2022-09-20 19:18:59,2023-11-03 19:18:59,2023-09-05 19:18:59,2023-09-05 19:18:59,
7393,1,7393,2023-07-18 19:18:59,2024-05-29 19:18:59,2023-09-05 19:18:59,2023-09-05 19:18:59,
7394,2,7394,2023-03-29 19:18:59,2024-02-12 19:18:59,2023-09-05 19:18:59,2023-09-05 19:18:59,
7395,2,7395,2023-05-29 19:18:59,2024-08-01 19:18:59,2023-09-05 19:18:59,2023-09-05 19:18:59,
7396,2,7396,2023-05-18 19:18:59,2024-01-16 19:18:59,2023-09-05 19:18:59,2023-09-05 19:18:59,
7397,1,7397,2023-05-01 19:18:59,2024-08-28 19:18:59,2023-09-05 19:18:59,2023-09-05 19:18:59,
7398,3,7398,2022-12-19 19:18:59,2024-06-16 19:18:59,2023-09-05 19:18:59,2023-09-05 19:18:59,
7399,2,7399,2023-07-27 19:18:59,2024-09-01 19:18:59,2023-09-05 19:18:59,2023-09-05 19:18:59,
7400,1,7400,2022-12-22 19:18:59,2023-10-08 19:18:59,2023-09-05 19:18:59,2023-09-05 19:18:59,
7401,3,7401,2023-07-01 19:18:59,2024-06-21 19:18:59,2023-09-05 19:18:59,2023-09-05 19:18:59,
7402,1,7402,2022-12-18 19:18:59,2024-03-18 19:18:59,2023-09-05 19:18:59,2023-09-05 19:18:59,
7403,3,7403,2023-01-02 19:18:59,2023-12-30 19:18:59,2023-09-05 19:18:59,2023-09-05 19:18:59,
7404,2,7404,2022-12-31 19:18:59,2024-01-15 19:18:59,2023-09-05 19:18:59,2023-09-05 19:18:59,
7405,1,7405,2023-03-21 19:18:59,2024-03-18 19:18:59,2023-09-05 19:18:59,2023-09-05 19:18:59,
7406,1,7406,2022-09-11 19:18:59,2023-10-29 19:18:59,2023-09-05 19:18:59,2023-09-05 19:18:59,
7407,3,7407,2022-12-09 19:18:59,2024-08-21 19:18:59,2023-09-05 19:18:59,2023-09-05 19:18:59,
7408,1,7408,2022-10-05 19:18:59,2024-05-10 19:18:59,2023-09-05 19:18:59,2023-09-05 19:18:59,
7409,3,7409,2023-04-10 19:18:59,2023-11-01 19:18:59,2023-09-05 19:18:59,2023-09-05 19:18:59,
7410,2,7410,2023-01-06 19:18:59,2024-05-17 19:18:59,2023-09-05 19:18:59,2023-09-05 19:18:59,
7411,3,7411,2023-05-12 19:18:59,2023-11-08 19:18:59,2023-09-05 19:18:59,2023-09-05 19:18:59,
7412,3,7412,2023-07-21 19:18:59,2024-08-22 19:18:59,2023-09-05 19:18:59,2023-09-05 19:18:59,
7413,1,7413,2023-03-12 19:18:59,2023-12-01 19:18:59,2023-09-05 19:18:59,2023-09-05 19:18:59,
7414,3,7414,2022-11-26 19:18:59,2024-02-27 19:18:59,2023-09-05 19:18:59,2023-09-05 19:18:59,
7415,1,7415,2023-05-06 19:18:59,2024-08-30 19:18:59,2023-09-05 19:18:59,2023-09-05 19:18:59,
7416,1,7416,2023-05-15 19:18:59,2024-09-03 19:18:59,2023-09-05 19:18:59,2023-09-05 19:18:59,
7417,2,7417,2023-05-09 19:18:59,2024-02-17 19:18:59,2023-09-05 19:18:59,2023-09-05 19:18:59,
7418,1,7418,2023-03-17 19:18:59,2024-02-16 19:18:59,2023-09-05 19:18:59,2023-09-05 19:18:59,
7419,3,7419,2022-11-14 19:18:59,2024-01-21 19:18:59,2023-09-05 19:18:59,2023-09-05 19:18:59,
7420,2,7420,2022-10-24 19:18:59,2024-08-10 19:18:59,2023-09-05 19:18:59,2023-09-05 19:18:59,
7421,3,7421,2023-03-17 19:18:59,2024-08-01 19:18:59,2023-09-05 19:18:59,2023-09-05 19:18:59,
7422,1,7422,2023-05-21 19:18:59,2024-02-07 19:18:59,2023-09-05 19:18:59,2023-09-05 19:18:59,
7423,2,7423,2022-09-30 19:18:59,2024-03-18 19:18:59,2023-09-05 19:18:59,2023-09-05 19:18:59,
7424,2,7424,2023-08-29 19:18:59,2024-04-22 19:18:59,2023-09-05 19:18:59,2023-09-05 19:18:59,
7425,2,7425,2022-09-07 19:18:59,2024-03-09 19:18:59,2023-09-05 19:18:59,2023-09-05 19:18:59,
7426,2,7426,2023-04-03 19:18:59,2024-07-17 19:18:59,2023-09-05 19:18:59,2023-09-05 19:18:59,
7427,1,7427,2023-07-25 19:18:59,2023-10-30 19:18:59,2023-09-05 19:18:59,2023-09-05 19:18:59,
7428,3,7428,2022-09-21 19:18:59,2023-12-31 19:18:59,2023-09-05 19:18:59,2023-09-05 19:18:59,
7429,3,7429,2023-05-18 19:18:59,2023-11-23 19:18:59,2023-09-05 19:18:59,2023-09-05 19:18:59,
7430,2,7430,2022-09-18 19:18:59,2024-04-16 19:18:59,2023-09-05 19:18:59,2023-09-05 19:18:59,
7431,2,7431,2022-12-15 19:18:59,2023-11-28 19:18:59,2023-09-05 19:18:59,2023-09-05 19:18:59,
7432,2,7432,2023-02-19 19:18:59,2024-03-03 19:18:59,2023-09-05 19:18:59,2023-09-05 19:18:59,
7433,3,7433,2023-05-10 19:18:59,2023-10-23 19:18:59,2023-09-05 19:18:59,2023-09-05 19:18:59,
7434,2,7434,2023-02-25 19:18:59,2024-03-30 19:18:59,2023-09-05 19:18:59,2023-09-05 19:18:59,
7435,1,7435,2023-03-05 19:18:59,2023-11-05 19:18:59,2023-09-05 19:18:59,2023-09-05 19:18:59,
7436,3,7436,2023-06-25 19:18:59,2024-03-09 19:18:59,2023-09-05 19:18:59,2023-09-05 19:18:59,
7437,3,7437,2023-07-03 19:18:59,2024-03-15 19:18:59,2023-09-05 19:18:59,2023-09-05 19:18:59,
7438,2,7438,2023-03-03 19:18:59,2024-06-12 19:18:59,2023-09-05 19:18:59,2023-09-05 19:18:59,
7439,1,7439,2022-11-27 19:18:59,2024-02-25 19:18:59,2023-09-05 19:18:59,2023-09-05 19:18:59,
7440,1,7440,2023-07-07 19:18:59,2024-03-13 19:18:59,2023-09-05 19:18:59,2023-09-05 19:18:59,
7441,2,7441,2023-03-15 19:18:59,2024-03-12 19:18:59,2023-09-05 19:18:59,2023-09-05 19:18:59,
7442,1,7442,2023-04-10 19:18:59,2024-03-22 19:18:59,2023-09-05 19:18:59,2023-09-05 19:18:59,
7443,1,7443,2023-08-10 19:18:59,2024-02-06 19:18:59,2023-09-05 19:18:59,2023-09-05 19:18:59,
7444,1,7444,2023-03-31 19:18:59,2024-06-29 19:18:59,2023-09-05 19:18:59,2023-09-05 19:18:59,
7445,3,7445,2023-06-22 19:18:59,2023-10-20 19:18:59,2023-09-05 19:18:59,2023-09-05 19:18:59,
7446,1,7446,2023-04-28 19:18:59,2024-04-27 19:18:59,2023-09-05 19:18:59,2023-09-05 19:18:59,
7447,1,7447,2022-09-28 19:18:59,2024-07-14 19:18:59,2023-09-05 19:18:59,2023-09-05 19:18:59,
7448,1,7448,2022-12-14 19:18:59,2024-03-12 19:18:59,2023-09-05 19:18:59,2023-09-05 19:18:59,
7449,1,7449,2023-08-04 19:18:59,2024-06-15 19:18:59,2023-09-05 19:18:59,2023-09-05 19:18:59,
7450,2,7450,2023-07-09 19:18:59,2024-04-21 19:18:59,2023-09-05 19:18:59,2023-09-05 19:18:59,
7451,3,7451,2023-08-05 19:18:59,2024-03-01 19:18:59,2023-09-05 19:18:59,2023-09-05 19:18:59,
7452,2,7452,2023-03-24 19:18:59,2024-07-15 19:18:59,2023-09-05 19:18:59,2023-09-05 19:18:59,
7453,3,7453,2022-09-28 19:18:59,2024-02-02 19:18:59,2023-09-05 19:18:59,2023-09-05 19:18:59,
7454,3,7454,2023-02-07 19:18:59,2024-06-01 19:18:59,2023-09-05 19:18:59,2023-09-05 19:18:59,
7455,2,7455,2023-04-28 19:18:59,2024-05-21 19:18:59,2023-09-05 19:18:59,2023-09-05 19:18:59,
7456,3,7456,2022-11-24 19:18:59,2024-06-07 19:18:59,2023-09-05 19:18:59,2023-09-05 19:18:59,
7457,2,7457,2023-04-27 19:18:59,2023-11-15 19:18:59,2023-09-05 19:18:59,2023-09-05 19:18:59,
7458,1,7458,2022-09-10 19:18:59,2024-07-17 19:18:59,2023-09-05 19:18:59,2023-09-05 19:18:59,
7459,3,7459,2022-11-05 19:18:59,2024-04-14 19:18:59,2023-09-05 19:18:59,2023-09-05 19:18:59,
7460,1,7460,2023-04-25 19:18:59,2024-04-05 19:18:59,2023-09-05 19:18:59,2023-09-05 19:18:59,
7461,1,7461,2023-07-01 19:18:59,2024-02-17 19:18:59,2023-09-05 19:18:59,2023-09-05 19:18:59,
7462,2,7462,2023-01-29 19:18:59,2024-08-31 19:18:59,2023-09-05 19:18:59,2023-09-05 19:18:59,
7463,1,7463,2023-08-21 19:18:59,2024-03-07 19:18:59,2023-09-05 19:18:59,2023-09-05 19:18:59,
7464,3,7464,2023-01-30 19:18:59,2024-07-26 19:18:59,2023-09-05 19:18:59,2023-09-05 19:18:59,
7465,2,7465,2023-04-12 19:18:59,2024-01-16 19:18:59,2023-09-05 19:18:59,2023-09-05 19:18:59,
7466,1,7466,2022-11-13 19:18:59,2024-06-19 19:18:59,2023-09-05 19:18:59,2023-09-05 19:18:59,
7467,2,7467,2023-07-04 19:18:59,2023-11-15 19:18:59,2023-09-05 19:18:59,2023-09-05 19:18:59,
7468,1,7468,2023-03-31 19:18:59,2024-03-11 19:18:59,2023-09-05 19:18:59,2023-09-05 19:18:59,
7469,2,7469,2023-05-03 19:18:59,2024-05-09 19:18:59,2023-09-05 19:18:59,2023-09-05 19:18:59,
7470,3,7470,2023-03-18 19:18:59,2024-04-15 19:18:59,2023-09-05 19:18:59,2023-09-05 19:18:59,
7471,1,7471,2022-09-08 19:18:59,2024-07-19 19:18:59,2023-09-05 19:18:59,2023-09-05 19:18:59,
7472,1,7472,2023-01-16 19:18:59,2023-11-29 19:18:59,2023-09-05 19:18:59,2023-09-05 19:18:59,
7473,1,7473,2023-04-12 19:18:59,2023-11-27 19:18:59,2023-09-05 19:18:59,2023-09-05 19:18:59,
7474,3,7474,2022-12-18 19:18:59,2023-10-22 19:18:59,2023-09-05 19:18:59,2023-09-05 19:18:59,
7475,1,7475,2022-11-21 19:18:59,2024-06-14 19:18:59,2023-09-05 19:18:59,2023-09-05 19:18:59,
7476,3,7476,2023-08-11 19:18:59,2024-04-09 19:18:59,2023-09-05 19:18:59,2023-09-05 19:18:59,
7477,2,7477,2023-02-18 19:18:59,2024-08-10 19:18:59,2023-09-05 19:18:59,2023-09-05 19:18:59,
7478,1,7478,2023-05-08 19:18:59,2024-08-15 19:18:59,2023-09-05 19:18:59,2023-09-05 19:18:59,
7479,3,7479,2023-02-26 19:18:59,2024-08-05 19:18:59,2023-09-05 19:18:59,2023-09-05 19:18:59,
7480,2,7480,2023-07-09 19:18:59,2023-12-01 19:18:59,2023-09-05 19:18:59,2023-09-05 19:18:59,
7481,2,7481,2023-05-22 19:18:59,2023-11-21 19:18:59,2023-09-05 19:18:59,2023-09-05 19:18:59,
7482,1,7482,2023-04-28 19:18:59,2023-10-07 19:18:59,2023-09-05 19:18:59,2023-09-05 19:18:59,
7483,3,7483,2023-09-05 19:18:59,2024-07-14 19:18:59,2023-09-05 19:18:59,2023-09-05 19:18:59,
7484,3,7484,2023-02-10 19:18:59,2024-07-05 19:18:59,2023-09-05 19:18:59,2023-09-05 19:18:59,
7485,3,7485,2023-08-11 19:18:59,2024-07-03 19:18:59,2023-09-05 19:18:59,2023-09-05 19:18:59,
7486,2,7486,2023-05-26 19:18:59,2023-11-05 19:18:59,2023-09-05 19:18:59,2023-09-05 19:18:59,
7487,1,7487,2022-12-22 19:18:59,2024-06-20 19:18:59,2023-09-05 19:18:59,2023-09-05 19:18:59,
7488,3,7488,2023-07-15 19:18:59,2024-03-08 19:18:59,2023-09-05 19:18:59,2023-09-05 19:18:59,
7489,2,7489,2022-12-08 19:18:59,2024-04-07 19:18:59,2023-09-05 19:18:59,2023-09-05 19:18:59,
7490,3,7490,2022-09-23 19:18:59,2024-01-26 19:18:59,2023-09-05 19:18:59,2023-09-05 19:18:59,
7491,3,7491,2023-06-19 19:18:59,2024-05-20 19:18:59,2023-09-05 19:18:59,2023-09-05 19:18:59,
7492,2,7492,2022-10-14 19:18:59,2024-03-17 19:18:59,2023-09-05 19:18:59,2023-09-05 19:18:59,
7493,2,7493,2023-07-14 19:18:59,2024-08-15 19:18:59,2023-09-05 19:18:59,2023-09-05 19:18:59,
7494,2,7494,2023-07-04 19:18:59,2024-01-24 19:18:59,2023-09-05 19:18:59,2023-09-05 19:18:59,
7495,2,7495,2023-08-06 19:18:59,2024-08-15 19:18:59,2023-09-05 19:18:59,2023-09-05 19:18:59,
7496,2,7496,2023-03-11 19:18:59,2024-05-12 19:18:59,2023-09-05 19:18:59,2023-09-05 19:18:59,
7497,3,7497,2023-05-06 19:18:59,2024-04-16 19:18:59,2023-09-05 19:18:59,2023-09-05 19:18:59,
7498,3,7498,2022-09-23 19:18:59,2024-07-15 19:18:59,2023-09-05 19:18:59,2023-09-05 19:18:59,
7499,1,7499,2023-07-19 19:18:59,2024-01-01 19:18:59,2023-09-05 19:18:59,2023-09-05 19:18:59,
7500,3,7500,2022-11-22 19:18:59,2024-02-24 19:18:59,2023-09-05 19:18:59,2023-09-05 19:18:59,
7501,3,7501,2023-03-28 19:18:59,2023-12-06 19:18:59,2023-09-05 19:18:59,2023-09-05 19:18:59,
7502,1,7502,2023-06-29 19:18:59,2024-04-28 19:18:59,2023-09-05 19:18:59,2023-09-05 19:18:59,
7503,2,7503,2023-03-16 19:18:59,2024-04-17 19:18:59,2023-09-05 19:18:59,2023-09-05 19:18:59,
7504,3,7504,2023-02-22 19:18:59,2024-05-08 19:18:59,2023-09-05 19:18:59,2023-09-05 19:18:59,
7505,1,7505,2022-09-27 19:18:59,2023-11-15 19:18:59,2023-09-05 19:18:59,2023-09-05 19:18:59,
7506,1,7506,2023-07-12 19:18:59,2024-02-01 19:18:59,2023-09-05 19:18:59,2023-09-05 19:18:59,
7507,1,7507,2023-07-23 19:18:59,2024-08-04 19:18:59,2023-09-05 19:18:59,2023-09-05 19:18:59,
7508,1,7508,2023-07-20 19:18:59,2024-04-02 19:18:59,2023-09-05 19:18:59,2023-09-05 19:18:59,
7509,1,7509,2023-07-28 19:18:59,2024-01-17 19:18:59,2023-09-05 19:18:59,2023-09-05 19:18:59,
7510,1,7510,2023-08-01 19:18:59,2024-08-30 19:18:59,2023-09-05 19:18:59,2023-09-05 19:18:59,
7511,3,7511,2022-10-03 19:18:59,2024-04-11 19:18:59,2023-09-05 19:18:59,2023-09-05 19:18:59,
7512,3,7512,2023-05-24 19:18:59,2024-01-02 19:18:59,2023-09-05 19:18:59,2023-09-05 19:18:59,
7513,3,7513,2023-06-06 19:18:59,2024-03-22 19:18:59,2023-09-05 19:18:59,2023-09-05 19:18:59,
7514,1,7514,2022-10-26 19:18:59,2024-04-16 19:18:59,2023-09-05 19:18:59,2023-09-05 19:18:59,
7515,2,7515,2023-05-14 19:18:59,2024-06-24 19:18:59,2023-09-05 19:18:59,2023-09-05 19:18:59,
7516,3,7516,2023-05-03 19:18:59,2024-05-27 19:18:59,2023-09-05 19:18:59,2023-09-05 19:18:59,
7517,3,7517,2022-11-20 19:18:59,2024-01-22 19:18:59,2023-09-05 19:18:59,2023-09-05 19:18:59,
7518,3,7518,2023-03-29 19:18:59,2023-10-13 19:18:59,2023-09-05 19:18:59,2023-09-05 19:18:59,
7519,1,7519,2023-03-01 19:18:59,2023-12-20 19:18:59,2023-09-05 19:18:59,2023-09-05 19:18:59,
7520,3,7520,2023-06-23 19:18:59,2024-03-13 19:18:59,2023-09-05 19:18:59,2023-09-05 19:18:59,
7521,3,7521,2023-06-05 19:18:59,2024-08-29 19:18:59,2023-09-05 19:18:59,2023-09-05 19:18:59,
7522,1,7522,2022-09-18 19:18:59,2023-12-20 19:18:59,2023-09-05 19:18:59,2023-09-05 19:18:59,
7523,1,7523,2023-07-08 19:18:59,2024-01-31 19:18:59,2023-09-05 19:18:59,2023-09-05 19:18:59,
7524,3,7524,2023-04-14 19:18:59,2024-05-11 19:18:59,2023-09-05 19:18:59,2023-09-05 19:18:59,
7525,3,7525,2023-08-14 19:18:59,2023-11-22 19:18:59,2023-09-05 19:18:59,2023-09-05 19:18:59,
7526,1,7526,2022-12-11 19:18:59,2024-05-05 19:18:59,2023-09-05 19:18:59,2023-09-05 19:18:59,
7527,3,7527,2022-10-18 19:18:59,2024-07-26 19:18:59,2023-09-05 19:18:59,2023-09-05 19:18:59,
7528,3,7528,2023-02-05 19:18:59,2024-01-03 19:18:59,2023-09-05 19:18:59,2023-09-05 19:18:59,
7529,1,7529,2023-09-01 19:18:59,2024-01-28 19:18:59,2023-09-05 19:18:59,2023-09-05 19:18:59,
7530,1,7530,2022-11-12 19:18:59,2024-05-21 19:18:59,2023-09-05 19:18:59,2023-09-05 19:18:59,
7531,2,7531,2023-07-02 19:18:59,2024-04-18 19:18:59,2023-09-05 19:18:59,2023-09-05 19:18:59,
7532,2,7532,2022-12-30 19:18:59,2024-02-07 19:18:59,2023-09-05 19:18:59,2023-09-05 19:18:59,
7533,3,7533,2023-04-03 19:18:59,2023-10-20 19:18:59,2023-09-05 19:18:59,2023-09-05 19:18:59,
7534,3,7534,2023-07-07 19:18:59,2024-07-01 19:18:59,2023-09-05 19:18:59,2023-09-05 19:18:59,
7535,1,7535,2023-06-02 19:18:59,2023-10-26 19:18:59,2023-09-05 19:18:59,2023-09-05 19:18:59,
7536,1,7536,2023-04-26 19:18:59,2024-06-30 19:18:59,2023-09-05 19:18:59,2023-09-05 19:18:59,
7537,1,7537,2023-05-30 19:18:59,2023-11-21 19:18:59,2023-09-05 19:18:59,2023-09-05 19:18:59,
7538,3,7538,2023-01-27 19:18:59,2023-12-25 19:18:59,2023-09-05 19:18:59,2023-09-05 19:18:59,
7539,1,7539,2022-11-20 19:18:59,2023-12-08 19:18:59,2023-09-05 19:18:59,2023-09-05 19:18:59,
7540,2,7540,2022-11-08 19:18:59,2023-10-22 19:18:59,2023-09-05 19:18:59,2023-09-05 19:18:59,
7541,3,7541,2022-09-23 19:18:59,2024-02-14 19:18:59,2023-09-05 19:18:59,2023-09-05 19:18:59,
7542,2,7542,2023-03-16 19:18:59,2024-04-25 19:18:59,2023-09-05 19:18:59,2023-09-05 19:18:59,
7543,2,7543,2023-01-02 19:18:59,2023-12-23 19:18:59,2023-09-05 19:18:59,2023-09-05 19:18:59,
7544,2,7544,2022-10-03 19:18:59,2024-01-25 19:18:59,2023-09-05 19:18:59,2023-09-05 19:18:59,
7545,3,7545,2023-01-26 19:18:59,2023-11-07 19:18:59,2023-09-05 19:18:59,2023-09-05 19:18:59,
7546,1,7546,2022-11-22 19:18:59,2024-05-11 19:18:59,2023-09-05 19:18:59,2023-09-05 19:18:59,
7547,3,7547,2022-12-11 19:18:59,2024-02-25 19:18:59,2023-09-05 19:18:59,2023-09-05 19:18:59,
7548,3,7548,2022-09-16 19:18:59,2023-10-18 19:18:59,2023-09-05 19:18:59,2023-09-05 19:18:59,
7549,2,7549,2022-10-19 19:18:59,2024-05-01 19:18:59,2023-09-05 19:18:59,2023-09-05 19:18:59,
7550,1,7550,2022-10-26 19:18:59,2024-04-05 19:18:59,2023-09-05 19:18:59,2023-09-05 19:18:59,
7551,2,7551,2022-11-11 19:18:59,2024-04-19 19:18:59,2023-09-05 19:18:59,2023-09-05 19:18:59,
7552,2,7552,2023-01-07 19:18:59,2024-06-22 19:18:59,2023-09-05 19:18:59,2023-09-05 19:18:59,
7553,2,7553,2023-05-23 19:18:59,2024-03-22 19:18:59,2023-09-05 19:18:59,2023-09-05 19:18:59,
7554,2,7554,2023-08-11 19:18:59,2024-04-01 19:18:59,2023-09-05 19:18:59,2023-09-05 19:18:59,
7555,3,7555,2023-04-05 19:18:59,2024-04-02 19:18:59,2023-09-05 19:18:59,2023-09-05 19:18:59,
7556,1,7556,2023-08-20 19:18:59,2024-07-08 19:18:59,2023-09-05 19:18:59,2023-09-05 19:18:59,
7557,3,7557,2023-02-23 19:18:59,2023-12-26 19:18:59,2023-09-05 19:18:59,2023-09-05 19:18:59,
7558,3,7558,2023-06-24 19:18:59,2024-02-04 19:18:59,2023-09-05 19:18:59,2023-09-05 19:18:59,
7559,1,7559,2023-04-01 19:18:59,2024-03-16 19:18:59,2023-09-05 19:18:59,2023-09-05 19:18:59,
7560,2,7560,2023-01-02 19:18:59,2024-08-24 19:18:59,2023-09-05 19:18:59,2023-09-05 19:18:59,
7561,2,7561,2023-01-27 19:18:59,2024-01-07 19:18:59,2023-09-05 19:18:59,2023-09-05 19:18:59,
7562,3,7562,2022-12-02 19:18:59,2024-05-28 19:18:59,2023-09-05 19:18:59,2023-09-05 19:18:59,
7563,2,7563,2022-11-05 19:18:59,2023-12-25 19:18:59,2023-09-05 19:18:59,2023-09-05 19:18:59,
7564,3,7564,2023-05-30 19:18:59,2023-11-14 19:18:59,2023-09-05 19:18:59,2023-09-05 19:18:59,
7565,1,7565,2022-09-20 19:18:59,2024-06-27 19:18:59,2023-09-05 19:18:59,2023-09-05 19:18:59,
7566,3,7566,2023-03-14 19:18:59,2023-12-16 19:18:59,2023-09-05 19:18:59,2023-09-05 19:18:59,
7567,1,7567,2023-01-19 19:18:59,2024-08-11 19:18:59,2023-09-05 19:18:59,2023-09-05 19:18:59,
7568,3,7568,2022-09-21 19:18:59,2023-11-23 19:18:59,2023-09-05 19:18:59,2023-09-05 19:18:59,
7569,1,7569,2023-06-12 19:18:59,2024-07-21 19:18:59,2023-09-05 19:18:59,2023-09-05 19:18:59,
7570,2,7570,2022-12-23 19:18:59,2024-04-22 19:18:59,2023-09-05 19:18:59,2023-09-05 19:18:59,
7571,1,7571,2022-09-15 19:18:59,2023-11-05 19:18:59,2023-09-05 19:18:59,2023-09-05 19:18:59,
7572,2,7572,2023-02-02 19:18:59,2023-11-04 19:18:59,2023-09-05 19:18:59,2023-09-05 19:18:59,
7573,3,7573,2023-07-15 19:18:59,2024-02-09 19:18:59,2023-09-05 19:18:59,2023-09-05 19:18:59,
7574,2,7574,2023-07-16 19:18:59,2024-06-11 19:18:59,2023-09-05 19:18:59,2023-09-05 19:18:59,
7575,2,7575,2022-09-26 19:18:59,2024-08-07 19:18:59,2023-09-05 19:18:59,2023-09-05 19:18:59,
7576,1,7576,2023-05-23 19:18:59,2024-08-18 19:18:59,2023-09-05 19:18:59,2023-09-05 19:18:59,
7577,1,7577,2023-06-12 19:18:59,2024-03-15 19:18:59,2023-09-05 19:18:59,2023-09-05 19:18:59,
7578,3,7578,2023-07-09 19:18:59,2023-11-30 19:18:59,2023-09-05 19:18:59,2023-09-05 19:18:59,
7579,3,7579,2023-07-28 19:18:59,2023-10-27 19:18:59,2023-09-05 19:18:59,2023-09-05 19:18:59,
7580,1,7580,2022-09-06 19:18:59,2024-04-26 19:18:59,2023-09-05 19:18:59,2023-09-05 19:18:59,
7581,2,7581,2023-06-15 19:18:59,2024-02-18 19:18:59,2023-09-05 19:18:59,2023-09-05 19:18:59,
7582,3,7582,2023-06-08 19:18:59,2024-09-01 19:18:59,2023-09-05 19:18:59,2023-09-05 19:18:59,
7583,2,7583,2023-07-22 19:18:59,2024-06-05 19:18:59,2023-09-05 19:18:59,2023-09-05 19:18:59,
7584,2,7584,2023-05-13 19:18:59,2024-08-11 19:18:59,2023-09-05 19:18:59,2023-09-05 19:18:59,
7585,1,7585,2022-09-15 19:18:59,2024-08-10 19:18:59,2023-09-05 19:18:59,2023-09-05 19:18:59,
7586,2,7586,2023-07-05 19:18:59,2023-11-13 19:18:59,2023-09-05 19:18:59,2023-09-05 19:18:59,
7587,1,7587,2022-09-12 19:18:59,2024-03-22 19:18:59,2023-09-05 19:18:59,2023-09-05 19:18:59,
7588,2,7588,2023-07-23 19:18:59,2024-02-18 19:18:59,2023-09-05 19:18:59,2023-09-05 19:18:59,
7589,2,7589,2023-01-31 19:18:59,2024-04-19 19:18:59,2023-09-05 19:18:59,2023-09-05 19:18:59,
7590,2,7590,2023-08-23 19:18:59,2024-07-28 19:18:59,2023-09-05 19:18:59,2023-09-05 19:18:59,
7591,1,7591,2023-06-03 19:18:59,2024-02-19 19:18:59,2023-09-05 19:18:59,2023-09-05 19:18:59,
7592,2,7592,2023-04-11 19:18:59,2024-08-11 19:18:59,2023-09-05 19:18:59,2023-09-05 19:18:59,
7593,1,7593,2022-09-19 19:18:59,2023-10-28 19:18:59,2023-09-05 19:18:59,2023-09-05 19:18:59,
7594,1,7594,2022-11-11 19:18:59,2024-06-22 19:18:59,2023-09-05 19:18:59,2023-09-05 19:18:59,
7595,2,7595,2023-06-23 19:18:59,2024-02-09 19:18:59,2023-09-05 19:18:59,2023-09-05 19:18:59,
7596,3,7596,2022-10-27 19:18:59,2023-11-29 19:18:59,2023-09-05 19:18:59,2023-09-05 19:18:59,
7597,3,7597,2022-12-24 19:18:59,2023-10-07 19:18:59,2023-09-05 19:18:59,2023-09-05 19:18:59,
7598,2,7598,2023-08-14 19:18:59,2024-04-28 19:18:59,2023-09-05 19:18:59,2023-09-05 19:18:59,
7599,2,7599,2022-09-30 19:18:59,2024-05-16 19:18:59,2023-09-05 19:18:59,2023-09-05 19:18:59,
7600,3,7600,2023-08-24 19:18:59,2024-03-23 19:18:59,2023-09-05 19:18:59,2023-09-05 19:18:59,
7601,1,7601,2023-06-02 19:18:59,2024-03-04 19:18:59,2023-09-05 19:18:59,2023-09-05 19:18:59,
7602,3,7602,2022-11-07 19:18:59,2024-05-11 19:18:59,2023-09-05 19:18:59,2023-09-05 19:18:59,
7603,2,7603,2022-10-31 19:18:59,2024-06-07 19:18:59,2023-09-05 19:18:59,2023-09-05 19:18:59,
7604,2,7604,2023-02-14 19:18:59,2024-08-20 19:18:59,2023-09-05 19:18:59,2023-09-05 19:18:59,
7605,2,7605,2023-06-11 19:18:59,2023-11-02 19:18:59,2023-09-05 19:18:59,2023-09-05 19:18:59,
7606,1,7606,2023-04-11 19:18:59,2023-10-14 19:18:59,2023-09-05 19:18:59,2023-09-05 19:18:59,
7607,1,7607,2023-08-25 19:18:59,2024-01-27 19:18:59,2023-09-05 19:18:59,2023-09-05 19:18:59,
7608,2,7608,2022-11-05 19:18:59,2024-04-02 19:18:59,2023-09-05 19:18:59,2023-09-05 19:18:59,
7609,1,7609,2023-09-03 19:18:59,2024-03-07 19:18:59,2023-09-05 19:18:59,2023-09-05 19:18:59,
7610,3,7610,2022-12-20 19:18:59,2024-08-22 19:18:59,2023-09-05 19:18:59,2023-09-05 19:18:59,
7611,2,7611,2023-06-17 19:18:59,2024-03-31 19:18:59,2023-09-05 19:18:59,2023-09-05 19:18:59,
7612,1,7612,2023-08-01 19:18:59,2024-07-05 19:18:59,2023-09-05 19:18:59,2023-09-05 19:18:59,
7613,1,7613,2023-03-15 19:18:59,2024-04-19 19:18:59,2023-09-05 19:18:59,2023-09-05 19:18:59,
7614,1,7614,2023-07-19 19:18:59,2024-02-23 19:18:59,2023-09-05 19:18:59,2023-09-05 19:18:59,
7615,3,7615,2022-12-24 19:18:59,2024-03-05 19:18:59,2023-09-05 19:18:59,2023-09-05 19:18:59,
7616,1,7616,2023-01-07 19:18:59,2024-05-11 19:18:59,2023-09-05 19:18:59,2023-09-05 19:18:59,
7617,2,7617,2023-08-24 19:18:59,2024-08-01 19:18:59,2023-09-05 19:18:59,2023-09-05 19:18:59,
7618,3,7618,2023-01-10 19:18:59,2023-11-19 19:18:59,2023-09-05 19:18:59,2023-09-05 19:18:59,
7619,1,7619,2023-01-13 19:18:59,2024-04-25 19:18:59,2023-09-05 19:18:59,2023-09-05 19:18:59,
7620,2,7620,2023-07-19 19:18:59,2024-03-09 19:18:59,2023-09-05 19:18:59,2023-09-05 19:18:59,
7621,2,7621,2022-11-14 19:18:59,2024-05-12 19:18:59,2023-09-05 19:18:59,2023-09-05 19:18:59,
7622,2,7622,2023-01-07 19:18:59,2024-01-02 19:18:59,2023-09-05 19:18:59,2023-09-05 19:18:59,
7623,1,7623,2023-03-15 19:18:59,2024-02-23 19:18:59,2023-09-05 19:18:59,2023-09-05 19:18:59,
7624,3,7624,2023-07-03 19:18:59,2023-12-11 19:18:59,2023-09-05 19:18:59,2023-09-05 19:18:59,
7625,3,7625,2023-03-15 19:18:59,2024-04-06 19:18:59,2023-09-05 19:18:59,2023-09-05 19:18:59,
7626,2,7626,2023-06-25 19:18:59,2024-05-28 19:18:59,2023-09-05 19:18:59,2023-09-05 19:18:59,
7627,1,7627,2023-03-14 19:18:59,2023-12-28 19:18:59,2023-09-05 19:18:59,2023-09-05 19:18:59,
7628,1,7628,2023-02-22 19:18:59,2024-07-27 19:18:59,2023-09-05 19:18:59,2023-09-05 19:18:59,
7629,2,7629,2023-02-23 19:18:59,2024-03-21 19:18:59,2023-09-05 19:18:59,2023-09-05 19:18:59,
7630,1,7630,2023-03-15 19:18:59,2024-08-29 19:18:59,2023-09-05 19:18:59,2023-09-05 19:18:59,
7631,3,7631,2022-09-14 19:18:59,2024-06-09 19:18:59,2023-09-05 19:18:59,2023-09-05 19:18:59,
7632,2,7632,2023-02-28 19:18:59,2023-10-22 19:18:59,2023-09-05 19:18:59,2023-09-05 19:18:59,
7633,3,7633,2023-05-27 19:18:59,2024-07-24 19:18:59,2023-09-05 19:18:59,2023-09-05 19:18:59,
7634,1,7634,2023-08-27 19:18:59,2024-02-26 19:18:59,2023-09-05 19:18:59,2023-09-05 19:18:59,
7635,3,7635,2022-11-18 19:18:59,2023-12-10 19:18:59,2023-09-05 19:18:59,2023-09-05 19:18:59,
7636,2,7636,2022-10-11 19:18:59,2024-07-27 19:18:59,2023-09-05 19:18:59,2023-09-05 19:18:59,
7637,2,7637,2023-01-25 19:18:59,2024-01-08 19:18:59,2023-09-05 19:18:59,2023-09-05 19:18:59,
7638,1,7638,2023-04-09 19:18:59,2024-06-18 19:18:59,2023-09-05 19:18:59,2023-09-05 19:18:59,
7639,3,7639,2022-10-19 19:18:59,2024-04-11 19:18:59,2023-09-05 19:18:59,2023-09-05 19:18:59,
7640,3,7640,2023-01-15 19:18:59,2023-11-22 19:18:59,2023-09-05 19:18:59,2023-09-05 19:18:59,
7641,1,7641,2023-06-11 19:18:59,2023-10-18 19:18:59,2023-09-05 19:18:59,2023-09-05 19:18:59,
7642,1,7642,2022-09-15 19:18:59,2024-03-14 19:18:59,2023-09-05 19:18:59,2023-09-05 19:18:59,
7643,2,7643,2023-04-19 19:18:59,2024-01-30 19:18:59,2023-09-05 19:18:59,2023-09-05 19:18:59,
7644,3,7644,2022-11-05 19:18:59,2024-07-03 19:18:59,2023-09-05 19:18:59,2023-09-05 19:18:59,
7645,2,7645,2022-09-10 19:18:59,2024-04-12 19:18:59,2023-09-05 19:18:59,2023-09-05 19:18:59,
7646,2,7646,2023-02-05 19:18:59,2023-11-07 19:18:59,2023-09-05 19:18:59,2023-09-05 19:18:59,
7647,1,7647,2022-12-02 19:18:59,2024-04-20 19:18:59,2023-09-05 19:18:59,2023-09-05 19:18:59,
7648,1,7648,2023-08-29 19:18:59,2023-10-21 19:18:59,2023-09-05 19:18:59,2023-09-05 19:18:59,
7649,1,7649,2023-04-24 19:18:59,2024-06-14 19:18:59,2023-09-05 19:18:59,2023-09-05 19:18:59,
7650,2,7650,2023-08-06 19:18:59,2024-02-26 19:18:59,2023-09-05 19:18:59,2023-09-05 19:18:59,
7651,1,7651,2023-05-29 19:18:59,2023-11-27 19:18:59,2023-09-05 19:18:59,2023-09-05 19:18:59,
7652,3,7652,2023-07-13 19:18:59,2024-07-27 19:18:59,2023-09-05 19:18:59,2023-09-05 19:18:59,
7653,2,7653,2023-08-30 19:18:59,2024-07-14 19:18:59,2023-09-05 19:18:59,2023-09-05 19:18:59,
7654,1,7654,2023-06-16 19:18:59,2023-10-24 19:18:59,2023-09-05 19:18:59,2023-09-05 19:18:59,
7655,2,7655,2023-07-19 19:18:59,2024-07-05 19:18:59,2023-09-05 19:18:59,2023-09-05 19:18:59,
7656,1,7656,2022-10-24 19:18:59,2024-06-27 19:18:59,2023-09-05 19:18:59,2023-09-05 19:18:59,
7657,2,7657,2023-08-29 19:18:59,2024-04-22 19:18:59,2023-09-05 19:18:59,2023-09-05 19:18:59,
7658,3,7658,2023-07-12 19:18:59,2024-07-13 19:18:59,2023-09-05 19:18:59,2023-09-05 19:18:59,
7659,3,7659,2022-10-27 19:18:59,2024-01-06 19:18:59,2023-09-05 19:18:59,2023-09-05 19:18:59,
7660,3,7660,2023-02-13 19:18:59,2023-11-27 19:18:59,2023-09-05 19:18:59,2023-09-05 19:18:59,
7661,1,7661,2023-03-28 19:18:59,2024-04-16 19:18:59,2023-09-05 19:18:59,2023-09-05 19:18:59,
7662,1,7662,2022-11-28 19:18:59,2024-02-18 19:18:59,2023-09-05 19:18:59,2023-09-05 19:18:59,
7663,1,7663,2023-08-01 19:18:59,2024-07-31 19:18:59,2023-09-05 19:18:59,2023-09-05 19:18:59,
7664,1,7664,2023-08-18 19:18:59,2024-03-17 19:18:59,2023-09-05 19:18:59,2023-09-05 19:18:59,
7665,1,7665,2022-10-16 19:18:59,2024-06-17 19:18:59,2023-09-05 19:18:59,2023-09-05 19:18:59,
7666,2,7666,2023-06-18 19:18:59,2024-08-04 19:18:59,2023-09-05 19:18:59,2023-09-05 19:18:59,
7667,2,7667,2023-04-03 19:18:59,2024-08-24 19:18:59,2023-09-05 19:18:59,2023-09-05 19:18:59,
7668,2,7668,2022-11-23 19:18:59,2024-05-04 19:18:59,2023-09-05 19:18:59,2023-09-05 19:18:59,
7669,1,7669,2022-09-29 19:18:59,2024-07-19 19:18:59,2023-09-05 19:18:59,2023-09-05 19:18:59,
7670,1,7670,2023-07-19 19:18:59,2024-01-16 19:18:59,2023-09-05 19:18:59,2023-09-05 19:18:59,
7671,1,7671,2023-02-27 19:18:59,2024-05-23 19:18:59,2023-09-05 19:18:59,2023-09-05 19:18:59,
7672,3,7672,2023-03-30 19:18:59,2024-03-15 19:18:59,2023-09-05 19:18:59,2023-09-05 19:18:59,
7673,1,7673,2022-10-18 19:18:59,2023-11-23 19:18:59,2023-09-05 19:18:59,2023-09-05 19:18:59,
7674,2,7674,2023-05-16 19:18:59,2024-07-25 19:18:59,2023-09-05 19:18:59,2023-09-05 19:18:59,
7675,1,7675,2022-10-30 19:18:59,2023-11-27 19:18:59,2023-09-05 19:18:59,2023-09-05 19:18:59,
7676,1,7676,2023-07-17 19:18:59,2024-08-31 19:18:59,2023-09-05 19:18:59,2023-09-05 19:18:59,
7677,2,7677,2023-07-09 19:18:59,2024-03-29 19:18:59,2023-09-05 19:18:59,2023-09-05 19:18:59,
7678,1,7678,2023-07-08 19:18:59,2024-08-07 19:18:59,2023-09-05 19:18:59,2023-09-05 19:18:59,
7679,1,7679,2022-09-07 19:18:59,2024-01-10 19:18:59,2023-09-05 19:18:59,2023-09-05 19:18:59,
7680,1,7680,2022-09-17 19:18:59,2024-05-26 19:18:59,2023-09-05 19:18:59,2023-09-05 19:18:59,
7681,2,7681,2023-04-21 19:18:59,2024-05-16 19:18:59,2023-09-05 19:18:59,2023-09-05 19:18:59,
7682,3,7682,2022-11-17 19:18:59,2024-08-04 19:18:59,2023-09-05 19:18:59,2023-09-05 19:18:59,
7683,3,7683,2023-02-17 19:18:59,2024-04-01 19:18:59,2023-09-05 19:18:59,2023-09-05 19:18:59,
7684,1,7684,2023-01-22 19:18:59,2024-07-19 19:18:59,2023-09-05 19:18:59,2023-09-05 19:18:59,
7685,2,7685,2023-07-06 19:18:59,2024-03-18 19:18:59,2023-09-05 19:18:59,2023-09-05 19:18:59,
7686,2,7686,2023-06-23 19:18:59,2024-05-05 19:18:59,2023-09-05 19:18:59,2023-09-05 19:18:59,
7687,3,7687,2023-04-12 19:18:59,2023-11-21 19:18:59,2023-09-05 19:18:59,2023-09-05 19:18:59,
7688,3,7688,2022-11-21 19:18:59,2024-06-06 19:18:59,2023-09-05 19:18:59,2023-09-05 19:18:59,
7689,3,7689,2022-10-30 19:18:59,2024-07-02 19:18:59,2023-09-05 19:18:59,2023-09-05 19:18:59,
7690,3,7690,2023-08-07 19:18:59,2024-01-09 19:18:59,2023-09-05 19:18:59,2023-09-05 19:18:59,
7691,2,7691,2023-01-08 19:18:59,2024-05-16 19:18:59,2023-09-05 19:18:59,2023-09-05 19:18:59,
7692,3,7692,2023-08-24 19:18:59,2024-03-27 19:18:59,2023-09-05 19:18:59,2023-09-05 19:18:59,
7693,1,7693,2023-06-16 19:18:59,2024-04-03 19:18:59,2023-09-05 19:18:59,2023-09-05 19:18:59,
7694,1,7694,2022-11-24 19:18:59,2024-04-11 19:18:59,2023-09-05 19:18:59,2023-09-05 19:18:59,
7695,3,7695,2023-08-09 19:18:59,2024-04-08 19:18:59,2023-09-05 19:18:59,2023-09-05 19:18:59,
7696,3,7696,2023-03-22 19:18:59,2024-04-21 19:18:59,2023-09-05 19:18:59,2023-09-05 19:18:59,
7697,3,7697,2022-12-05 19:18:59,2024-08-05 19:18:59,2023-09-05 19:18:59,2023-09-05 19:18:59,
7698,3,7698,2023-07-25 19:18:59,2024-04-06 19:18:59,2023-09-05 19:18:59,2023-09-05 19:18:59,
7699,2,7699,2022-09-17 19:18:59,2023-10-19 19:18:59,2023-09-05 19:18:59,2023-09-05 19:18:59,
7700,1,7700,2022-11-29 19:18:59,2024-08-31 19:18:59,2023-09-05 19:18:59,2023-09-05 19:18:59,
7701,2,7701,2022-12-25 19:18:59,2023-12-23 19:18:59,2023-09-05 19:18:59,2023-09-05 19:18:59,
7702,2,7702,2022-12-15 19:18:59,2024-04-08 19:18:59,2023-09-05 19:18:59,2023-09-05 19:18:59,
7703,2,7703,2023-03-31 19:18:59,2024-06-15 19:18:59,2023-09-05 19:18:59,2023-09-05 19:18:59,
7704,1,7704,2023-04-01 19:18:59,2024-06-15 19:18:59,2023-09-05 19:18:59,2023-09-05 19:18:59,
7705,2,7705,2022-12-02 19:18:59,2024-01-09 19:18:59,2023-09-05 19:18:59,2023-09-05 19:18:59,
7706,1,7706,2023-06-20 19:18:59,2024-03-03 19:18:59,2023-09-05 19:18:59,2023-09-05 19:18:59,
7707,3,7707,2022-12-11 19:18:59,2024-02-15 19:18:59,2023-09-05 19:18:59,2023-09-05 19:18:59,
7708,2,7708,2022-11-06 19:18:59,2024-02-21 19:18:59,2023-09-05 19:18:59,2023-09-05 19:18:59,
7709,2,7709,2022-09-28 19:18:59,2024-07-25 19:18:59,2023-09-05 19:18:59,2023-09-05 19:18:59,
7710,1,7710,2022-11-02 19:18:59,2024-03-31 19:18:59,2023-09-05 19:18:59,2023-09-05 19:18:59,
7711,3,7711,2023-05-19 19:18:59,2024-04-28 19:18:59,2023-09-05 19:18:59,2023-09-05 19:18:59,
7712,3,7712,2022-09-30 19:18:59,2024-03-10 19:18:59,2023-09-05 19:18:59,2023-09-05 19:18:59,
7713,2,7713,2022-11-07 19:18:59,2024-06-03 19:18:59,2023-09-05 19:18:59,2023-09-05 19:18:59,
7714,3,7714,2022-10-18 19:18:59,2024-07-13 19:18:59,2023-09-05 19:18:59,2023-09-05 19:18:59,
7715,1,7715,2023-07-18 19:18:59,2023-12-29 19:18:59,2023-09-05 19:18:59,2023-09-05 19:18:59,
7716,2,7716,2023-04-26 19:18:59,2024-01-06 19:18:59,2023-09-05 19:18:59,2023-09-05 19:18:59,
7717,1,7717,2023-01-22 19:18:59,2024-06-11 19:18:59,2023-09-05 19:18:59,2023-09-05 19:18:59,
7718,3,7718,2022-09-10 19:18:59,2024-02-09 19:18:59,2023-09-05 19:18:59,2023-09-05 19:18:59,
7719,3,7719,2023-03-08 19:18:59,2024-06-23 19:18:59,2023-09-05 19:18:59,2023-09-05 19:18:59,
7720,1,7720,2023-04-28 19:18:59,2023-12-18 19:18:59,2023-09-05 19:18:59,2023-09-05 19:18:59,
7721,3,7721,2023-01-17 19:18:59,2023-11-03 19:18:59,2023-09-05 19:18:59,2023-09-05 19:18:59,
7722,1,7722,2022-10-30 19:18:59,2024-01-04 19:18:59,2023-09-05 19:18:59,2023-09-05 19:18:59,
7723,2,7723,2023-05-17 19:18:59,2024-01-10 19:18:59,2023-09-05 19:18:59,2023-09-05 19:18:59,
7724,3,7724,2023-01-07 19:18:59,2023-10-31 19:18:59,2023-09-05 19:18:59,2023-09-05 19:18:59,
7725,3,7725,2023-06-04 19:18:59,2024-04-20 19:18:59,2023-09-05 19:18:59,2023-09-05 19:18:59,
7726,1,7726,2022-11-26 19:18:59,2024-03-30 19:18:59,2023-09-05 19:18:59,2023-09-05 19:18:59,
7727,3,7727,2023-02-14 19:18:59,2024-06-09 19:18:59,2023-09-05 19:18:59,2023-09-05 19:18:59,
7728,2,7728,2023-06-01 19:18:59,2024-07-17 19:18:59,2023-09-05 19:18:59,2023-09-05 19:18:59,
7729,1,7729,2023-08-28 19:18:59,2024-07-21 19:18:59,2023-09-05 19:18:59,2023-09-05 19:18:59,
7730,2,7730,2022-11-08 19:18:59,2023-12-11 19:18:59,2023-09-05 19:18:59,2023-09-05 19:18:59,
7731,1,7731,2023-03-30 19:18:59,2024-03-03 19:18:59,2023-09-05 19:18:59,2023-09-05 19:18:59,
7732,1,7732,2023-06-15 19:18:59,2024-08-31 19:18:59,2023-09-05 19:18:59,2023-09-05 19:18:59,
7733,1,7733,2023-01-05 19:18:59,2024-08-17 19:18:59,2023-09-05 19:18:59,2023-09-05 19:18:59,
7734,1,7734,2023-05-07 19:18:59,2024-02-28 19:18:59,2023-09-05 19:18:59,2023-09-05 19:18:59,
7735,1,7735,2023-03-06 19:18:59,2023-11-13 19:18:59,2023-09-05 19:18:59,2023-09-05 19:18:59,
7736,1,7736,2022-09-05 19:18:59,2024-07-06 19:18:59,2023-09-05 19:18:59,2023-09-05 19:18:59,
7737,3,7737,2023-01-08 19:18:59,2023-10-24 19:18:59,2023-09-05 19:18:59,2023-09-05 19:18:59,
7738,1,7738,2023-07-24 19:18:59,2024-06-27 19:18:59,2023-09-05 19:18:59,2023-09-05 19:18:59,
7739,2,7739,2023-06-11 19:18:59,2024-05-17 19:18:59,2023-09-05 19:18:59,2023-09-05 19:18:59,
7740,2,7740,2023-07-14 19:18:59,2024-06-30 19:18:59,2023-09-05 19:18:59,2023-09-05 19:18:59,
7741,1,7741,2022-10-01 19:18:59,2024-05-31 19:18:59,2023-09-05 19:18:59,2023-09-05 19:18:59,
7742,1,7742,2022-09-28 19:18:59,2024-01-18 19:18:59,2023-09-05 19:18:59,2023-09-05 19:18:59,
7743,3,7743,2023-07-01 19:18:59,2024-03-11 19:18:59,2023-09-05 19:18:59,2023-09-05 19:18:59,
7744,3,7744,2023-08-03 19:18:59,2023-12-18 19:18:59,2023-09-05 19:18:59,2023-09-05 19:18:59,
7745,3,7745,2022-12-14 19:18:59,2023-11-05 19:18:59,2023-09-05 19:18:59,2023-09-05 19:18:59,
7746,1,7746,2022-10-15 19:18:59,2023-10-10 19:18:59,2023-09-05 19:18:59,2023-09-05 19:18:59,
7747,3,7747,2023-04-18 19:18:59,2024-03-08 19:18:59,2023-09-05 19:18:59,2023-09-05 19:18:59,
7748,1,7748,2022-12-24 19:18:59,2023-10-23 19:18:59,2023-09-05 19:18:59,2023-09-05 19:18:59,
7749,1,7749,2023-01-18 19:18:59,2023-10-09 19:18:59,2023-09-05 19:18:59,2023-09-05 19:18:59,
7750,3,7750,2023-06-24 19:18:59,2024-01-15 19:18:59,2023-09-05 19:18:59,2023-09-05 19:18:59,
7751,3,7751,2023-01-27 19:18:59,2023-11-18 19:18:59,2023-09-05 19:18:59,2023-09-05 19:18:59,
7752,1,7752,2022-09-24 19:18:59,2024-07-01 19:18:59,2023-09-05 19:18:59,2023-09-05 19:18:59,
7753,3,7753,2022-11-18 19:18:59,2024-07-04 19:18:59,2023-09-05 19:18:59,2023-09-05 19:18:59,
7754,1,7754,2023-02-23 19:18:59,2024-01-24 19:18:59,2023-09-05 19:18:59,2023-09-05 19:18:59,
7755,2,7755,2023-01-08 19:18:59,2024-02-03 19:18:59,2023-09-05 19:18:59,2023-09-05 19:18:59,
7756,1,7756,2023-02-10 19:18:59,2024-08-07 19:18:59,2023-09-05 19:18:59,2023-09-05 19:18:59,
7757,3,7757,2023-03-12 19:18:59,2024-06-09 19:18:59,2023-09-05 19:18:59,2023-09-05 19:18:59,
7758,2,7758,2022-10-01 19:18:59,2023-10-15 19:18:59,2023-09-05 19:18:59,2023-09-05 19:18:59,
7759,2,7759,2022-10-29 19:18:59,2023-11-20 19:18:59,2023-09-05 19:18:59,2023-09-05 19:18:59,
7760,2,7760,2022-11-27 19:18:59,2024-07-01 19:18:59,2023-09-05 19:18:59,2023-09-05 19:18:59,
7761,3,7761,2022-12-10 19:18:59,2024-06-18 19:18:59,2023-09-05 19:18:59,2023-09-05 19:18:59,
7762,3,7762,2022-11-21 19:18:59,2024-06-21 19:18:59,2023-09-05 19:18:59,2023-09-05 19:18:59,
7763,1,7763,2022-10-08 19:18:59,2024-08-15 19:18:59,2023-09-05 19:18:59,2023-09-05 19:18:59,
7764,1,7764,2022-10-10 19:18:59,2024-06-04 19:18:59,2023-09-05 19:18:59,2023-09-05 19:18:59,
7765,3,7765,2023-07-26 19:18:59,2024-06-11 19:18:59,2023-09-05 19:18:59,2023-09-05 19:18:59,
7766,2,7766,2023-04-23 19:18:59,2023-10-17 19:18:59,2023-09-05 19:18:59,2023-09-05 19:18:59,
7767,2,7767,2022-09-05 19:18:59,2024-05-06 19:18:59,2023-09-05 19:18:59,2023-09-05 19:18:59,
7768,1,7768,2022-09-10 19:18:59,2024-05-13 19:18:59,2023-09-05 19:18:59,2023-09-05 19:18:59,
7769,3,7769,2023-08-14 19:18:59,2024-06-06 19:18:59,2023-09-05 19:18:59,2023-09-05 19:18:59,
7770,1,7770,2022-09-25 19:18:59,2023-10-06 19:18:59,2023-09-05 19:18:59,2023-09-05 19:18:59,
7771,2,7771,2023-04-24 19:18:59,2024-03-02 19:18:59,2023-09-05 19:18:59,2023-09-05 19:18:59,
7772,3,7772,2023-01-23 19:18:59,2023-10-20 19:18:59,2023-09-05 19:18:59,2023-09-05 19:18:59,
7773,3,7773,2022-12-19 19:18:59,2024-06-06 19:18:59,2023-09-05 19:18:59,2023-09-05 19:18:59,
7774,1,7774,2022-10-06 19:18:59,2024-07-09 19:18:59,2023-09-05 19:18:59,2023-09-05 19:18:59,
7775,3,7775,2023-04-27 19:18:59,2024-07-11 19:18:59,2023-09-05 19:18:59,2023-09-05 19:18:59,
7776,3,7776,2023-01-30 19:18:59,2024-04-29 19:18:59,2023-09-05 19:18:59,2023-09-05 19:18:59,
7777,2,7777,2022-12-13 19:18:59,2023-12-27 19:18:59,2023-09-05 19:18:59,2023-09-05 19:18:59,
7778,2,7778,2022-10-22 19:18:59,2024-04-03 19:18:59,2023-09-05 19:18:59,2023-09-05 19:18:59,
7779,1,7779,2023-06-28 19:18:59,2024-06-17 19:18:59,2023-09-05 19:18:59,2023-09-05 19:18:59,
7780,2,7780,2022-12-21 19:18:59,2024-06-15 19:18:59,2023-09-05 19:18:59,2023-09-05 19:18:59,
7781,1,7781,2023-08-05 19:18:59,2024-08-11 19:18:59,2023-09-05 19:18:59,2023-09-05 19:18:59,
7782,1,7782,2023-04-14 19:18:59,2024-02-23 19:18:59,2023-09-05 19:18:59,2023-09-05 19:18:59,
7783,2,7783,2022-11-07 19:18:59,2024-08-21 19:18:59,2023-09-05 19:18:59,2023-09-05 19:18:59,
7784,3,7784,2023-07-02 19:18:59,2024-08-25 19:18:59,2023-09-05 19:18:59,2023-09-05 19:18:59,
7785,3,7785,2023-03-22 19:18:59,2023-10-15 19:18:59,2023-09-05 19:18:59,2023-09-05 19:18:59,
7786,1,7786,2023-01-09 19:18:59,2024-02-27 19:18:59,2023-09-05 19:18:59,2023-09-05 19:18:59,
7787,2,7787,2023-02-14 19:18:59,2024-01-02 19:18:59,2023-09-05 19:18:59,2023-09-05 19:18:59,
7788,3,7788,2023-08-19 19:18:59,2023-11-08 19:18:59,2023-09-05 19:18:59,2023-09-05 19:18:59,
7789,3,7789,2023-05-11 19:18:59,2024-03-11 19:18:59,2023-09-05 19:18:59,2023-09-05 19:18:59,
7790,3,7790,2023-08-11 19:18:59,2023-11-26 19:18:59,2023-09-05 19:18:59,2023-09-05 19:18:59,
7791,1,7791,2023-06-26 19:18:59,2024-03-28 19:18:59,2023-09-05 19:18:59,2023-09-05 19:18:59,
7792,2,7792,2023-02-14 19:18:59,2024-04-15 19:18:59,2023-09-05 19:18:59,2023-09-05 19:18:59,
7793,1,7793,2023-01-30 19:18:59,2024-08-21 19:18:59,2023-09-05 19:18:59,2023-09-05 19:18:59,
7794,2,7794,2022-11-04 19:18:59,2024-04-18 19:18:59,2023-09-05 19:18:59,2023-09-05 19:18:59,
7795,1,7795,2023-08-03 19:18:59,2023-10-16 19:18:59,2023-09-05 19:18:59,2023-09-05 19:18:59,
7796,3,7796,2023-06-25 19:18:59,2024-02-29 19:18:59,2023-09-05 19:18:59,2023-09-05 19:18:59,
7797,2,7797,2023-04-27 19:18:59,2024-06-30 19:18:59,2023-09-05 19:18:59,2023-09-05 19:18:59,
7798,3,7798,2022-11-06 19:18:59,2024-05-17 19:18:59,2023-09-05 19:18:59,2023-09-05 19:18:59,
7799,2,7799,2022-11-13 19:18:59,2023-10-11 19:18:59,2023-09-05 19:18:59,2023-09-05 19:18:59,
7800,2,7800,2023-02-15 19:18:59,2024-07-15 19:18:59,2023-09-05 19:18:59,2023-09-05 19:18:59,
7801,1,7801,2023-06-19 19:18:59,2024-06-19 19:18:59,2023-09-05 19:18:59,2023-09-05 19:18:59,
7802,1,7802,2023-02-09 19:18:59,2023-11-19 19:18:59,2023-09-05 19:18:59,2023-09-05 19:18:59,
7803,1,7803,2023-07-20 19:18:59,2024-01-09 19:18:59,2023-09-05 19:18:59,2023-09-05 19:18:59,
7804,2,7804,2022-11-25 19:18:59,2024-03-22 19:18:59,2023-09-05 19:18:59,2023-09-05 19:18:59,
7805,1,7805,2022-12-30 19:18:59,2023-10-09 19:18:59,2023-09-05 19:18:59,2023-09-05 19:18:59,
7806,2,7806,2023-02-16 19:18:59,2023-12-01 19:18:59,2023-09-05 19:18:59,2023-09-05 19:18:59,
7807,3,7807,2022-12-18 19:18:59,2024-08-17 19:18:59,2023-09-05 19:18:59,2023-09-05 19:18:59,
7808,2,7808,2022-11-22 19:18:59,2024-05-21 19:18:59,2023-09-05 19:18:59,2023-09-05 19:18:59,
7809,2,7809,2023-02-25 19:18:59,2023-12-23 19:18:59,2023-09-05 19:18:59,2023-09-05 19:18:59,
7810,3,7810,2022-09-11 19:18:59,2023-11-24 19:18:59,2023-09-05 19:18:59,2023-09-05 19:18:59,
7811,2,7811,2022-11-23 19:18:59,2024-06-24 19:18:59,2023-09-05 19:18:59,2023-09-05 19:18:59,
7812,3,7812,2023-08-23 19:18:59,2023-12-05 19:18:59,2023-09-05 19:18:59,2023-09-05 19:18:59,
7813,2,7813,2022-12-31 19:18:59,2024-04-22 19:18:59,2023-09-05 19:18:59,2023-09-05 19:18:59,
7814,1,7814,2023-02-11 19:18:59,2024-08-28 19:18:59,2023-09-05 19:18:59,2023-09-05 19:18:59,
7815,1,7815,2023-07-27 19:18:59,2024-03-31 19:18:59,2023-09-05 19:18:59,2023-09-05 19:18:59,
7816,3,7816,2023-05-30 19:18:59,2024-06-04 19:18:59,2023-09-05 19:18:59,2023-09-05 19:18:59,
7817,3,7817,2022-12-13 19:18:59,2024-08-10 19:18:59,2023-09-05 19:18:59,2023-09-05 19:18:59,
7818,3,7818,2023-06-02 19:18:59,2024-04-20 19:18:59,2023-09-05 19:18:59,2023-09-05 19:18:59,
7819,1,7819,2022-10-08 19:18:59,2023-12-27 19:18:59,2023-09-05 19:18:59,2023-09-05 19:18:59,
7820,1,7820,2023-01-22 19:18:59,2024-02-23 19:18:59,2023-09-05 19:18:59,2023-09-05 19:18:59,
7821,2,7821,2022-11-01 19:18:59,2023-12-24 19:18:59,2023-09-05 19:18:59,2023-09-05 19:18:59,
7822,3,7822,2023-08-27 19:18:59,2023-11-15 19:18:59,2023-09-05 19:18:59,2023-09-05 19:18:59,
7823,1,7823,2023-05-11 19:18:59,2023-11-17 19:18:59,2023-09-05 19:18:59,2023-09-05 19:18:59,
7824,1,7824,2022-12-05 19:18:59,2024-05-28 19:18:59,2023-09-05 19:18:59,2023-09-05 19:18:59,
7825,3,7825,2022-12-05 19:18:59,2024-01-28 19:18:59,2023-09-05 19:18:59,2023-09-05 19:18:59,
7826,3,7826,2023-01-21 19:18:59,2024-06-24 19:18:59,2023-09-05 19:18:59,2023-09-05 19:18:59,
7827,2,7827,2023-04-17 19:18:59,2024-06-11 19:18:59,2023-09-05 19:18:59,2023-09-05 19:18:59,
7828,3,7828,2022-11-28 19:18:59,2024-01-31 19:18:59,2023-09-05 19:18:59,2023-09-05 19:18:59,
7829,2,7829,2023-04-05 19:18:59,2023-11-30 19:18:59,2023-09-05 19:18:59,2023-09-05 19:18:59,
7830,1,7830,2022-11-03 19:18:59,2024-03-21 19:18:59,2023-09-05 19:18:59,2023-09-05 19:18:59,
7831,2,7831,2023-01-20 19:18:59,2023-10-13 19:18:59,2023-09-05 19:18:59,2023-09-05 19:18:59,
7832,1,7832,2023-01-12 19:18:59,2024-02-12 19:18:59,2023-09-05 19:18:59,2023-09-05 19:18:59,
7833,1,7833,2023-05-28 19:18:59,2024-04-08 19:18:59,2023-09-05 19:18:59,2023-09-05 19:18:59,
7834,3,7834,2023-04-06 19:18:59,2023-10-09 19:18:59,2023-09-05 19:18:59,2023-09-05 19:18:59,
7835,2,7835,2023-07-02 19:18:59,2023-12-23 19:18:59,2023-09-05 19:18:59,2023-09-05 19:18:59,
7836,1,7836,2023-02-26 19:18:59,2024-02-01 19:18:59,2023-09-05 19:18:59,2023-09-05 19:18:59,
7837,1,7837,2023-07-24 19:18:59,2024-03-31 19:18:59,2023-09-05 19:18:59,2023-09-05 19:18:59,
7838,1,7838,2023-08-27 19:18:59,2024-04-19 19:18:59,2023-09-05 19:18:59,2023-09-05 19:18:59,
7839,1,7839,2023-06-03 19:18:59,2024-03-17 19:18:59,2023-09-05 19:18:59,2023-09-05 19:18:59,
7840,3,7840,2023-08-10 19:18:59,2024-05-17 19:18:59,2023-09-05 19:18:59,2023-09-05 19:18:59,
7841,1,7841,2023-03-03 19:18:59,2024-08-05 19:18:59,2023-09-05 19:18:59,2023-09-05 19:18:59,
7842,1,7842,2023-07-28 19:18:59,2024-06-12 19:18:59,2023-09-05 19:18:59,2023-09-05 19:18:59,
7843,2,7843,2022-10-28 19:18:59,2023-10-23 19:18:59,2023-09-05 19:18:59,2023-09-05 19:18:59,
7844,1,7844,2022-12-12 19:18:59,2023-10-07 19:18:59,2023-09-05 19:18:59,2023-09-05 19:18:59,
7845,3,7845,2023-03-11 19:18:59,2024-03-23 19:18:59,2023-09-05 19:18:59,2023-09-05 19:18:59,
7846,2,7846,2023-01-26 19:18:59,2024-04-08 19:18:59,2023-09-05 19:18:59,2023-09-05 19:18:59,
7847,2,7847,2023-05-03 19:18:59,2024-03-18 19:18:59,2023-09-05 19:18:59,2023-09-05 19:18:59,
7848,2,7848,2022-09-21 19:18:59,2023-11-30 19:18:59,2023-09-05 19:18:59,2023-09-05 19:18:59,
7849,3,7849,2022-09-26 19:18:59,2024-02-20 19:18:59,2023-09-05 19:18:59,2023-09-05 19:18:59,
7850,2,7850,2022-10-27 19:18:59,2024-04-27 19:18:59,2023-09-05 19:18:59,2023-09-05 19:18:59,
7851,2,7851,2023-06-26 19:18:59,2024-07-24 19:18:59,2023-09-05 19:18:59,2023-09-05 19:18:59,
7852,3,7852,2022-09-30 19:18:59,2024-07-06 19:18:59,2023-09-05 19:18:59,2023-09-05 19:18:59,
7853,1,7853,2023-06-13 19:18:59,2023-11-19 19:18:59,2023-09-05 19:18:59,2023-09-05 19:18:59,
7854,2,7854,2022-12-10 19:18:59,2023-10-12 19:18:59,2023-09-05 19:18:59,2023-09-05 19:18:59,
7855,3,7855,2023-03-02 19:18:59,2024-01-28 19:18:59,2023-09-05 19:18:59,2023-09-05 19:18:59,
7856,1,7856,2022-11-17 19:18:59,2024-06-06 19:18:59,2023-09-05 19:18:59,2023-09-05 19:18:59,
7857,1,7857,2022-12-13 19:18:59,2023-10-06 19:18:59,2023-09-05 19:18:59,2023-09-05 19:18:59,
7858,3,7858,2023-06-27 19:18:59,2024-07-29 19:18:59,2023-09-05 19:18:59,2023-09-05 19:18:59,
7859,3,7859,2022-10-19 19:18:59,2024-05-19 19:18:59,2023-09-05 19:18:59,2023-09-05 19:18:59,
7860,1,7860,2023-01-24 19:18:59,2024-05-07 19:18:59,2023-09-05 19:18:59,2023-09-05 19:18:59,
7861,3,7861,2023-01-02 19:18:59,2024-05-01 19:18:59,2023-09-05 19:18:59,2023-09-05 19:18:59,
7862,2,7862,2022-12-14 19:18:59,2024-06-28 19:18:59,2023-09-05 19:18:59,2023-09-05 19:18:59,
7863,1,7863,2023-05-03 19:18:59,2024-07-26 19:18:59,2023-09-05 19:18:59,2023-09-05 19:18:59,
7864,2,7864,2022-09-11 19:18:59,2024-02-04 19:18:59,2023-09-05 19:18:59,2023-09-05 19:18:59,
7865,3,7865,2022-12-15 19:18:59,2024-04-08 19:18:59,2023-09-05 19:18:59,2023-09-05 19:18:59,
7866,3,7866,2023-03-01 19:18:59,2024-07-10 19:18:59,2023-09-05 19:18:59,2023-09-05 19:18:59,
7867,1,7867,2023-08-09 19:18:59,2024-06-09 19:18:59,2023-09-05 19:18:59,2023-09-05 19:18:59,
7868,3,7868,2023-01-05 19:18:59,2023-12-26 19:18:59,2023-09-05 19:18:59,2023-09-05 19:18:59,
7869,2,7869,2023-06-03 19:18:59,2024-06-10 19:18:59,2023-09-05 19:18:59,2023-09-05 19:18:59,
7870,1,7870,2022-11-22 19:18:59,2024-01-24 19:18:59,2023-09-05 19:18:59,2023-09-05 19:18:59,
7871,1,7871,2023-06-18 19:18:59,2023-10-10 19:18:59,2023-09-05 19:18:59,2023-09-05 19:18:59,
7872,3,7872,2023-06-13 19:18:59,2023-11-22 19:18:59,2023-09-05 19:18:59,2023-09-05 19:18:59,
7873,1,7873,2023-06-11 19:18:59,2024-08-10 19:18:59,2023-09-05 19:18:59,2023-09-05 19:18:59,
7874,2,7874,2022-11-25 19:18:59,2024-05-30 19:18:59,2023-09-05 19:18:59,2023-09-05 19:18:59,
7875,1,7875,2023-03-17 19:18:59,2024-03-30 19:18:59,2023-09-05 19:18:59,2023-09-05 19:18:59,
7876,2,7876,2022-12-03 19:18:59,2024-03-06 19:18:59,2023-09-05 19:18:59,2023-09-05 19:18:59,
7877,1,7877,2022-10-26 19:18:59,2024-01-15 19:18:59,2023-09-05 19:18:59,2023-09-05 19:18:59,
7878,1,7878,2023-01-02 19:18:59,2024-02-05 19:18:59,2023-09-05 19:18:59,2023-09-05 19:18:59,
7879,3,7879,2023-09-02 19:18:59,2024-05-31 19:18:59,2023-09-05 19:18:59,2023-09-05 19:18:59,
7880,3,7880,2023-08-15 19:18:59,2024-04-26 19:18:59,2023-09-05 19:18:59,2023-09-05 19:18:59,
7881,1,7881,2023-03-20 19:18:59,2024-04-24 19:18:59,2023-09-05 19:18:59,2023-09-05 19:18:59,
7882,2,7882,2022-12-16 19:18:59,2023-12-11 19:18:59,2023-09-05 19:18:59,2023-09-05 19:18:59,
7883,1,7883,2022-12-23 19:18:59,2024-04-27 19:18:59,2023-09-05 19:18:59,2023-09-05 19:18:59,
7884,2,7884,2023-06-11 19:18:59,2024-05-31 19:18:59,2023-09-05 19:18:59,2023-09-05 19:18:59,
7885,3,7885,2023-03-13 19:18:59,2024-05-12 19:18:59,2023-09-05 19:18:59,2023-09-05 19:18:59,
7886,2,7886,2022-11-18 19:18:59,2024-05-12 19:18:59,2023-09-05 19:18:59,2023-09-05 19:18:59,
7887,2,7887,2022-09-20 19:18:59,2024-04-24 19:18:59,2023-09-05 19:18:59,2023-09-05 19:18:59,
7888,3,7888,2023-03-26 19:18:59,2023-11-03 19:18:59,2023-09-05 19:18:59,2023-09-05 19:18:59,
7889,1,7889,2023-08-31 19:18:59,2023-11-21 19:18:59,2023-09-05 19:18:59,2023-09-05 19:18:59,
7890,1,7890,2023-04-28 19:18:59,2024-07-08 19:18:59,2023-09-05 19:18:59,2023-09-05 19:18:59,
7891,1,7891,2023-02-18 19:18:59,2023-12-19 19:18:59,2023-09-05 19:18:59,2023-09-05 19:18:59,
7892,3,7892,2023-08-02 19:18:59,2023-12-29 19:18:59,2023-09-05 19:18:59,2023-09-05 19:18:59,
7893,2,7893,2023-01-04 19:18:59,2024-05-11 19:18:59,2023-09-05 19:18:59,2023-09-05 19:18:59,
7894,1,7894,2023-07-08 19:18:59,2024-03-26 19:18:59,2023-09-05 19:18:59,2023-09-05 19:18:59,
7895,3,7895,2023-08-15 19:18:59,2023-12-28 19:18:59,2023-09-05 19:18:59,2023-09-05 19:18:59,
7896,2,7896,2023-08-28 19:18:59,2023-11-23 19:18:59,2023-09-05 19:18:59,2023-09-05 19:18:59,
7897,1,7897,2023-03-25 19:18:59,2023-12-04 19:18:59,2023-09-05 19:18:59,2023-09-05 19:18:59,
7898,3,7898,2022-11-30 19:18:59,2024-01-22 19:18:59,2023-09-05 19:18:59,2023-09-05 19:18:59,
7899,1,7899,2022-09-16 19:18:59,2024-02-21 19:18:59,2023-09-05 19:18:59,2023-09-05 19:18:59,
7900,2,7900,2022-10-14 19:18:59,2024-04-07 19:18:59,2023-09-05 19:18:59,2023-09-05 19:18:59,
7901,1,7901,2022-11-13 19:18:59,2024-01-20 19:18:59,2023-09-05 19:18:59,2023-09-05 19:18:59,
7902,3,7902,2023-04-09 19:18:59,2023-10-15 19:18:59,2023-09-05 19:18:59,2023-09-05 19:18:59,
7903,1,7903,2023-02-23 19:18:59,2024-04-25 19:18:59,2023-09-05 19:18:59,2023-09-05 19:18:59,
7904,1,7904,2022-10-27 19:18:59,2024-03-19 19:18:59,2023-09-05 19:18:59,2023-09-05 19:18:59,
7905,3,7905,2023-08-06 19:18:59,2023-12-23 19:18:59,2023-09-05 19:18:59,2023-09-05 19:18:59,
7906,3,7906,2022-09-26 19:18:59,2023-10-19 19:18:59,2023-09-05 19:18:59,2023-09-05 19:18:59,
7907,1,7907,2022-11-22 19:18:59,2024-03-02 19:18:59,2023-09-05 19:18:59,2023-09-05 19:18:59,
7908,3,7908,2023-04-22 19:18:59,2023-12-05 19:18:59,2023-09-05 19:18:59,2023-09-05 19:18:59,
7909,1,7909,2023-02-22 19:18:59,2023-12-11 19:18:59,2023-09-05 19:18:59,2023-09-05 19:18:59,
7910,1,7910,2023-05-04 19:18:59,2024-02-07 19:18:59,2023-09-05 19:18:59,2023-09-05 19:18:59,
7911,3,7911,2023-04-06 19:18:59,2023-10-10 19:18:59,2023-09-05 19:18:59,2023-09-05 19:18:59,
7912,3,7912,2023-05-08 19:18:59,2024-04-02 19:18:59,2023-09-05 19:18:59,2023-09-05 19:18:59,
7913,3,7913,2023-03-01 19:18:59,2024-08-05 19:18:59,2023-09-05 19:18:59,2023-09-05 19:18:59,
7914,2,7914,2022-10-16 19:18:59,2024-01-28 19:18:59,2023-09-05 19:18:59,2023-09-05 19:18:59,
7915,2,7915,2023-04-25 19:18:59,2024-03-18 19:18:59,2023-09-05 19:18:59,2023-09-05 19:18:59,
7916,3,7916,2023-04-26 19:18:59,2024-06-13 19:18:59,2023-09-05 19:18:59,2023-09-05 19:18:59,
7917,3,7917,2023-02-12 19:18:59,2024-07-27 19:18:59,2023-09-05 19:18:59,2023-09-05 19:18:59,
7918,1,7918,2022-12-12 19:18:59,2024-04-12 19:18:59,2023-09-05 19:18:59,2023-09-05 19:18:59,
7919,1,7919,2023-07-07 19:18:59,2023-10-23 19:18:59,2023-09-05 19:18:59,2023-09-05 19:18:59,
7920,1,7920,2022-10-31 19:18:59,2024-05-04 19:18:59,2023-09-05 19:18:59,2023-09-05 19:18:59,
7921,3,7921,2023-06-11 19:18:59,2023-12-27 19:18:59,2023-09-05 19:18:59,2023-09-05 19:18:59,
7922,1,7922,2023-08-26 19:18:59,2024-04-25 19:18:59,2023-09-05 19:18:59,2023-09-05 19:18:59,
7923,1,7923,2022-11-03 19:18:59,2024-05-06 19:18:59,2023-09-05 19:18:59,2023-09-05 19:18:59,
7924,3,7924,2023-05-12 19:18:59,2023-10-18 19:18:59,2023-09-05 19:18:59,2023-09-05 19:18:59,
7925,1,7925,2023-02-27 19:18:59,2024-08-26 19:18:59,2023-09-05 19:18:59,2023-09-05 19:18:59,
7926,3,7926,2023-03-28 19:18:59,2023-10-08 19:18:59,2023-09-05 19:18:59,2023-09-05 19:18:59,
7927,2,7927,2023-01-18 19:18:59,2024-05-06 19:18:59,2023-09-05 19:18:59,2023-09-05 19:18:59,
7928,3,7928,2023-07-07 19:18:59,2024-02-13 19:18:59,2023-09-05 19:18:59,2023-09-05 19:18:59,
7929,2,7929,2023-01-16 19:18:59,2023-12-23 19:18:59,2023-09-05 19:18:59,2023-09-05 19:18:59,
7930,3,7930,2023-02-07 19:18:59,2024-07-28 19:18:59,2023-09-05 19:18:59,2023-09-05 19:18:59,
7931,2,7931,2022-11-18 19:18:59,2023-10-23 19:18:59,2023-09-05 19:18:59,2023-09-05 19:18:59,
7932,2,7932,2023-08-27 19:18:59,2024-06-19 19:18:59,2023-09-05 19:18:59,2023-09-05 19:18:59,
7933,1,7933,2023-06-22 19:18:59,2024-02-25 19:18:59,2023-09-05 19:18:59,2023-09-05 19:18:59,
7934,2,7934,2023-01-10 19:18:59,2024-08-22 19:18:59,2023-09-05 19:18:59,2023-09-05 19:18:59,
7935,1,7935,2022-09-30 19:18:59,2023-10-20 19:18:59,2023-09-05 19:18:59,2023-09-05 19:18:59,
7936,2,7936,2023-08-06 19:18:59,2024-03-18 19:18:59,2023-09-05 19:18:59,2023-09-05 19:18:59,
7937,3,7937,2022-12-09 19:18:59,2024-04-04 19:18:59,2023-09-05 19:18:59,2023-09-05 19:18:59,
7938,2,7938,2023-02-16 19:18:59,2024-05-08 19:18:59,2023-09-05 19:18:59,2023-09-05 19:18:59,
7939,2,7939,2023-08-27 19:18:59,2023-10-25 19:18:59,2023-09-05 19:18:59,2023-09-05 19:18:59,
7940,2,7940,2023-09-02 19:18:59,2023-12-31 19:18:59,2023-09-05 19:18:59,2023-09-05 19:18:59,
7941,3,7941,2023-06-14 19:18:59,2023-10-11 19:18:59,2023-09-05 19:18:59,2023-09-05 19:18:59,
7942,1,7942,2023-03-31 19:18:59,2024-06-09 19:18:59,2023-09-05 19:18:59,2023-09-05 19:18:59,
7943,3,7943,2022-09-08 19:18:59,2024-08-28 19:18:59,2023-09-05 19:18:59,2023-09-05 19:18:59,
7944,3,7944,2022-11-15 19:18:59,2024-04-17 19:18:59,2023-09-05 19:18:59,2023-09-05 19:18:59,
7945,1,7945,2023-07-24 19:18:59,2024-08-09 19:18:59,2023-09-05 19:18:59,2023-09-05 19:18:59,
7946,2,7946,2023-03-06 19:18:59,2024-02-16 19:18:59,2023-09-05 19:18:59,2023-09-05 19:18:59,
7947,2,7947,2022-10-01 19:18:59,2024-03-22 19:18:59,2023-09-05 19:18:59,2023-09-05 19:18:59,
7948,2,7948,2023-07-26 19:18:59,2024-03-29 19:18:59,2023-09-05 19:18:59,2023-09-05 19:18:59,
7949,1,7949,2023-06-24 19:18:59,2024-02-07 19:18:59,2023-09-05 19:18:59,2023-09-05 19:18:59,
7950,2,7950,2022-11-06 19:18:59,2023-10-20 19:18:59,2023-09-05 19:18:59,2023-09-05 19:18:59,
7951,2,7951,2022-10-17 19:18:59,2024-07-31 19:18:59,2023-09-05 19:18:59,2023-09-05 19:18:59,
7952,2,7952,2022-10-26 19:18:59,2024-03-01 19:18:59,2023-09-05 19:18:59,2023-09-05 19:18:59,
7953,1,7953,2023-02-23 19:18:59,2024-01-11 19:18:59,2023-09-05 19:18:59,2023-09-05 19:18:59,
7954,2,7954,2022-10-06 19:18:59,2023-12-01 19:18:59,2023-09-05 19:18:59,2023-09-05 19:18:59,
7955,3,7955,2023-09-01 19:18:59,2024-07-09 19:18:59,2023-09-05 19:18:59,2023-09-05 19:18:59,
7956,3,7956,2023-03-04 19:18:59,2024-07-08 19:18:59,2023-09-05 19:18:59,2023-09-05 19:18:59,
7957,2,7957,2023-01-02 19:18:59,2024-06-02 19:18:59,2023-09-05 19:18:59,2023-09-05 19:18:59,
7958,1,7958,2023-05-05 19:18:59,2024-04-29 19:18:59,2023-09-05 19:18:59,2023-09-05 19:18:59,
7959,2,7959,2022-09-27 19:18:59,2024-04-26 19:18:59,2023-09-05 19:18:59,2023-09-05 19:18:59,
7960,1,7960,2022-10-22 19:18:59,2024-07-07 19:18:59,2023-09-05 19:18:59,2023-09-05 19:18:59,
7961,2,7961,2023-07-16 19:18:59,2023-11-27 19:18:59,2023-09-05 19:18:59,2023-09-05 19:18:59,
7962,1,7962,2023-07-19 19:18:59,2024-04-04 19:18:59,2023-09-05 19:18:59,2023-09-05 19:18:59,
7963,2,7963,2022-09-22 19:18:59,2024-03-02 19:18:59,2023-09-05 19:18:59,2023-09-05 19:18:59,
7964,2,7964,2023-08-12 19:18:59,2024-08-04 19:18:59,2023-09-05 19:18:59,2023-09-05 19:18:59,
7965,1,7965,2023-08-25 19:18:59,2024-01-10 19:18:59,2023-09-05 19:18:59,2023-09-05 19:18:59,
7966,3,7966,2023-09-04 19:18:59,2023-11-06 19:18:59,2023-09-05 19:18:59,2023-09-05 19:18:59,
7967,1,7967,2022-12-05 19:18:59,2023-11-19 19:18:59,2023-09-05 19:18:59,2023-09-05 19:18:59,
7968,2,7968,2022-12-03 19:18:59,2024-08-10 19:18:59,2023-09-05 19:18:59,2023-09-05 19:18:59,
7969,2,7969,2022-12-26 19:18:59,2023-10-07 19:18:59,2023-09-05 19:18:59,2023-09-05 19:18:59,
7970,3,7970,2023-06-30 19:18:59,2023-11-13 19:18:59,2023-09-05 19:18:59,2023-09-05 19:18:59,
7971,2,7971,2023-01-23 19:18:59,2024-07-30 19:18:59,2023-09-05 19:18:59,2023-09-05 19:18:59,
7972,3,7972,2022-11-28 19:18:59,2024-05-27 19:18:59,2023-09-05 19:18:59,2023-09-05 19:18:59,
7973,1,7973,2023-05-21 19:18:59,2024-01-12 19:18:59,2023-09-05 19:18:59,2023-09-05 19:18:59,
7974,1,7974,2023-03-16 19:18:59,2023-11-28 19:18:59,2023-09-05 19:18:59,2023-09-05 19:18:59,
7975,2,7975,2023-06-18 19:18:59,2023-11-18 19:18:59,2023-09-05 19:18:59,2023-09-05 19:18:59,
7976,1,7976,2023-02-26 19:18:59,2024-06-23 19:18:59,2023-09-05 19:18:59,2023-09-05 19:18:59,
7977,3,7977,2022-09-10 19:18:59,2024-06-05 19:18:59,2023-09-05 19:18:59,2023-09-05 19:18:59,
7978,1,7978,2023-02-19 19:18:59,2024-07-16 19:18:59,2023-09-05 19:18:59,2023-09-05 19:18:59,
7979,3,7979,2022-09-28 19:18:59,2024-08-05 19:18:59,2023-09-05 19:18:59,2023-09-05 19:18:59,
7980,3,7980,2023-03-21 19:18:59,2024-06-18 19:18:59,2023-09-05 19:18:59,2023-09-05 19:18:59,
7981,1,7981,2023-01-09 19:18:59,2023-12-13 19:18:59,2023-09-05 19:18:59,2023-09-05 19:18:59,
7982,1,7982,2023-01-27 19:18:59,2024-03-14 19:18:59,2023-09-05 19:18:59,2023-09-05 19:18:59,
7983,2,7983,2022-10-02 19:18:59,2024-04-20 19:18:59,2023-09-05 19:18:59,2023-09-05 19:18:59,
7984,3,7984,2023-02-24 19:18:59,2024-02-26 19:18:59,2023-09-05 19:18:59,2023-09-05 19:18:59,
7985,2,7985,2022-09-21 19:18:59,2024-01-17 19:18:59,2023-09-05 19:18:59,2023-09-05 19:18:59,
7986,3,7986,2023-04-16 19:18:59,2023-12-21 19:18:59,2023-09-05 19:18:59,2023-09-05 19:18:59,
7987,3,7987,2023-02-26 19:18:59,2023-12-06 19:18:59,2023-09-05 19:18:59,2023-09-05 19:18:59,
7988,2,7988,2023-06-04 19:18:59,2024-02-29 19:18:59,2023-09-05 19:18:59,2023-09-05 19:18:59,
7989,3,7989,2023-01-23 19:18:59,2024-07-31 19:18:59,2023-09-05 19:18:59,2023-09-05 19:18:59,
7990,2,7990,2023-07-14 19:18:59,2024-01-31 19:18:59,2023-09-05 19:18:59,2023-09-05 19:18:59,
7991,2,7991,2023-03-26 19:18:59,2023-10-08 19:18:59,2023-09-05 19:18:59,2023-09-05 19:18:59,
7992,3,7992,2023-01-08 19:18:59,2023-11-18 19:18:59,2023-09-05 19:18:59,2023-09-05 19:18:59,
7993,3,7993,2023-06-18 19:18:59,2023-11-09 19:18:59,2023-09-05 19:18:59,2023-09-05 19:18:59,
7994,2,7994,2023-01-07 19:18:59,2024-03-14 19:18:59,2023-09-05 19:18:59,2023-09-05 19:18:59,
7995,3,7995,2023-06-27 19:18:59,2024-06-28 19:18:59,2023-09-05 19:18:59,2023-09-05 19:18:59,
7996,3,7996,2022-09-15 19:18:59,2023-10-21 19:18:59,2023-09-05 19:18:59,2023-09-05 19:18:59,
7997,3,7997,2022-11-21 19:18:59,2023-11-13 19:18:59,2023-09-05 19:18:59,2023-09-05 19:18:59,
7998,1,7998,2023-01-12 19:18:59,2024-08-16 19:18:59,2023-09-05 19:18:59,2023-09-05 19:18:59,
7999,2,7999,2023-03-31 19:18:59,2024-03-08 19:18:59,2023-09-05 19:18:59,2023-09-05 19:18:59,
8000,2,8000,2023-09-01 19:18:59,2024-04-20 19:18:59,2023-09-05 19:18:59,2023-09-05 19:18:59,
8001,3,8001,2022-10-11 19:18:59,2024-02-15 19:18:59,2023-09-05 19:18:59,2023-09-05 19:18:59,
8002,2,8002,2023-08-07 19:18:59,2023-11-20 19:18:59,2023-09-05 19:18:59,2023-09-05 19:18:59,
8003,2,8003,2022-12-31 19:18:59,2024-04-13 19:18:59,2023-09-05 19:18:59,2023-09-05 19:18:59,
8004,1,8004,2022-11-01 19:18:59,2024-06-01 19:18:59,2023-09-05 19:18:59,2023-09-05 19:18:59,
8005,2,8005,2023-04-11 19:18:59,2024-03-24 19:18:59,2023-09-05 19:18:59,2023-09-05 19:18:59,
8006,2,8006,2023-06-03 19:18:59,2024-02-23 19:18:59,2023-09-05 19:18:59,2023-09-05 19:18:59,
8007,1,8007,2023-04-15 19:18:59,2024-03-18 19:18:59,2023-09-05 19:18:59,2023-09-05 19:18:59,
8008,1,8008,2023-07-09 19:18:59,2024-04-24 19:18:59,2023-09-05 19:18:59,2023-09-05 19:18:59,
8009,3,8009,2023-02-22 19:18:59,2024-06-19 19:18:59,2023-09-05 19:18:59,2023-09-05 19:18:59,
8010,3,8010,2023-02-07 19:18:59,2024-03-31 19:18:59,2023-09-05 19:18:59,2023-09-05 19:18:59,
8011,1,8011,2023-03-06 19:18:59,2024-07-12 19:18:59,2023-09-05 19:18:59,2023-09-05 19:18:59,
8012,3,8012,2023-02-04 19:18:59,2024-06-17 19:18:59,2023-09-05 19:18:59,2023-09-05 19:18:59,
8013,2,8013,2022-10-15 19:18:59,2024-01-04 19:18:59,2023-09-05 19:18:59,2023-09-05 19:18:59,
8014,2,8014,2023-08-12 19:18:59,2024-02-19 19:18:59,2023-09-05 19:18:59,2023-09-05 19:18:59,
8015,1,8015,2023-02-06 19:18:59,2024-06-04 19:18:59,2023-09-05 19:18:59,2023-09-05 19:18:59,
8016,3,8016,2023-05-07 19:18:59,2024-07-01 19:18:59,2023-09-05 19:18:59,2023-09-05 19:18:59,
8017,1,8017,2023-05-26 19:18:59,2024-04-20 19:18:59,2023-09-05 19:18:59,2023-09-05 19:18:59,
8018,2,8018,2023-01-23 19:18:59,2024-05-11 19:18:59,2023-09-05 19:18:59,2023-09-05 19:18:59,
8019,2,8019,2023-08-25 19:18:59,2024-01-28 19:18:59,2023-09-05 19:18:59,2023-09-05 19:18:59,
8020,2,8020,2023-09-03 19:18:59,2023-10-30 19:18:59,2023-09-05 19:18:59,2023-09-05 19:18:59,
8021,2,8021,2023-07-03 19:18:59,2023-10-17 19:18:59,2023-09-05 19:18:59,2023-09-05 19:18:59,
8022,2,8022,2023-01-27 19:18:59,2024-06-07 19:18:59,2023-09-05 19:18:59,2023-09-05 19:18:59,
8023,1,8023,2022-12-05 19:18:59,2024-01-27 19:18:59,2023-09-05 19:18:59,2023-09-05 19:18:59,
8024,1,8024,2023-06-19 19:18:59,2023-12-22 19:18:59,2023-09-05 19:18:59,2023-09-05 19:18:59,
8025,3,8025,2023-03-31 19:18:59,2023-12-26 19:18:59,2023-09-05 19:18:59,2023-09-05 19:18:59,
8026,2,8026,2022-09-26 19:18:59,2023-12-21 19:18:59,2023-09-05 19:18:59,2023-09-05 19:18:59,
8027,2,8027,2022-11-04 19:18:59,2024-06-16 19:18:59,2023-09-05 19:18:59,2023-09-05 19:18:59,
8028,3,8028,2023-02-11 19:18:59,2023-10-16 19:18:59,2023-09-05 19:18:59,2023-09-05 19:18:59,
8029,2,8029,2023-03-15 19:18:59,2024-05-11 19:18:59,2023-09-05 19:18:59,2023-09-05 19:18:59,
8030,1,8030,2023-06-15 19:18:59,2023-12-31 19:18:59,2023-09-05 19:18:59,2023-09-05 19:18:59,
8031,2,8031,2022-09-20 19:18:59,2024-05-07 19:18:59,2023-09-05 19:18:59,2023-09-05 19:18:59,
8032,1,8032,2023-04-28 19:18:59,2024-08-07 19:18:59,2023-09-05 19:18:59,2023-09-05 19:18:59,
8033,3,8033,2023-02-03 19:18:59,2024-07-17 19:18:59,2023-09-05 19:18:59,2023-09-05 19:18:59,
8034,1,8034,2022-12-15 19:18:59,2024-01-26 19:18:59,2023-09-05 19:18:59,2023-09-05 19:18:59,
8035,2,8035,2023-01-31 19:18:59,2023-12-16 19:18:59,2023-09-05 19:18:59,2023-09-05 19:18:59,
8036,3,8036,2023-01-30 19:18:59,2023-12-08 19:18:59,2023-09-05 19:18:59,2023-09-05 19:18:59,
8037,3,8037,2022-09-20 19:18:59,2023-11-14 19:18:59,2023-09-05 19:18:59,2023-09-05 19:18:59,
8038,1,8038,2023-03-08 19:18:59,2024-07-02 19:18:59,2023-09-05 19:18:59,2023-09-05 19:18:59,
8039,2,8039,2023-01-16 19:18:59,2024-06-26 19:18:59,2023-09-05 19:18:59,2023-09-05 19:18:59,
8040,1,8040,2023-09-03 19:18:59,2024-06-28 19:18:59,2023-09-05 19:18:59,2023-09-05 19:18:59,
8041,1,8041,2023-09-03 19:18:59,2024-04-30 19:18:59,2023-09-05 19:18:59,2023-09-05 19:18:59,
8042,2,8042,2023-06-11 19:18:59,2023-12-27 19:18:59,2023-09-05 19:18:59,2023-09-05 19:18:59,
8043,2,8043,2023-01-09 19:18:59,2024-02-02 19:18:59,2023-09-05 19:18:59,2023-09-05 19:18:59,
8044,3,8044,2023-08-28 19:18:59,2024-02-23 19:18:59,2023-09-05 19:18:59,2023-09-05 19:18:59,
8045,2,8045,2022-12-23 19:18:59,2023-11-02 19:18:59,2023-09-05 19:18:59,2023-09-05 19:18:59,
8046,2,8046,2023-03-11 19:18:59,2023-11-15 19:18:59,2023-09-05 19:18:59,2023-09-05 19:18:59,
8047,3,8047,2023-08-15 19:18:59,2024-05-20 19:18:59,2023-09-05 19:18:59,2023-09-05 19:18:59,
8048,1,8048,2023-07-09 19:18:59,2024-01-14 19:18:59,2023-09-05 19:18:59,2023-09-05 19:18:59,
8049,3,8049,2022-10-14 19:18:59,2024-03-14 19:18:59,2023-09-05 19:18:59,2023-09-05 19:18:59,
8050,3,8050,2023-05-11 19:18:59,2023-10-16 19:18:59,2023-09-05 19:18:59,2023-09-05 19:18:59,
8051,1,8051,2023-02-04 19:18:59,2023-12-28 19:18:59,2023-09-05 19:18:59,2023-09-05 19:18:59,
8052,3,8052,2022-09-25 19:18:59,2024-08-02 19:18:59,2023-09-05 19:18:59,2023-09-05 19:18:59,
8053,2,8053,2023-03-11 19:18:59,2023-10-16 19:18:59,2023-09-05 19:18:59,2023-09-05 19:18:59,
8054,2,8054,2023-08-16 19:18:59,2024-06-17 19:18:59,2023-09-05 19:18:59,2023-09-05 19:18:59,
8055,1,8055,2023-04-14 19:18:59,2024-01-04 19:18:59,2023-09-05 19:18:59,2023-09-05 19:18:59,
8056,1,8056,2022-12-08 19:18:59,2024-03-26 19:18:59,2023-09-05 19:18:59,2023-09-05 19:18:59,
8057,3,8057,2022-09-23 19:18:59,2023-12-17 19:18:59,2023-09-05 19:18:59,2023-09-05 19:18:59,
8058,1,8058,2023-04-16 19:18:59,2024-05-12 19:18:59,2023-09-05 19:18:59,2023-09-05 19:18:59,
8059,1,8059,2023-08-02 19:18:59,2023-11-23 19:18:59,2023-09-05 19:18:59,2023-09-05 19:18:59,
8060,3,8060,2022-11-20 19:18:59,2024-02-07 19:18:59,2023-09-05 19:18:59,2023-09-05 19:18:59,
8061,1,8061,2022-12-10 19:18:59,2024-06-04 19:18:59,2023-09-05 19:18:59,2023-09-05 19:18:59,
8062,2,8062,2022-10-24 19:18:59,2024-08-13 19:18:59,2023-09-05 19:18:59,2023-09-05 19:18:59,
8063,1,8063,2022-11-25 19:18:59,2024-06-29 19:18:59,2023-09-05 19:18:59,2023-09-05 19:18:59,
8064,2,8064,2023-01-20 19:18:59,2024-01-21 19:18:59,2023-09-05 19:18:59,2023-09-05 19:18:59,
8065,2,8065,2023-02-22 19:18:59,2024-05-26 19:18:59,2023-09-05 19:18:59,2023-09-05 19:18:59,
8066,2,8066,2022-10-16 19:18:59,2023-10-21 19:18:59,2023-09-05 19:18:59,2023-09-05 19:18:59,
8067,3,8067,2022-10-01 19:18:59,2024-04-26 19:18:59,2023-09-05 19:18:59,2023-09-05 19:18:59,
8068,1,8068,2022-12-13 19:18:59,2024-02-06 19:18:59,2023-09-05 19:18:59,2023-09-05 19:18:59,
8069,1,8069,2023-05-10 19:18:59,2023-11-04 19:18:59,2023-09-05 19:18:59,2023-09-05 19:18:59,
8070,1,8070,2023-02-13 19:18:59,2024-06-09 19:18:59,2023-09-05 19:18:59,2023-09-05 19:18:59,
8071,2,8071,2023-06-27 19:18:59,2024-08-07 19:18:59,2023-09-05 19:18:59,2023-09-05 19:18:59,
8072,1,8072,2023-08-03 19:18:59,2024-07-06 19:18:59,2023-09-05 19:18:59,2023-09-05 19:18:59,
8073,3,8073,2023-03-11 19:18:59,2024-07-30 19:18:59,2023-09-05 19:18:59,2023-09-05 19:18:59,
8074,3,8074,2023-02-22 19:18:59,2024-05-20 19:18:59,2023-09-05 19:18:59,2023-09-05 19:18:59,
8075,1,8075,2022-11-27 19:18:59,2024-04-06 19:18:59,2023-09-05 19:18:59,2023-09-05 19:18:59,
8076,3,8076,2022-09-23 19:18:59,2024-07-07 19:18:59,2023-09-05 19:18:59,2023-09-05 19:18:59,
8077,2,8077,2022-10-02 19:18:59,2024-07-29 19:18:59,2023-09-05 19:18:59,2023-09-05 19:18:59,
8078,3,8078,2023-07-22 19:18:59,2024-02-26 19:18:59,2023-09-05 19:18:59,2023-09-05 19:18:59,
8079,3,8079,2022-11-30 19:18:59,2024-02-26 19:18:59,2023-09-05 19:18:59,2023-09-05 19:18:59,
8080,2,8080,2023-08-13 19:18:59,2024-03-21 19:18:59,2023-09-05 19:18:59,2023-09-05 19:18:59,
8081,1,8081,2023-03-16 19:18:59,2023-10-27 19:18:59,2023-09-05 19:18:59,2023-09-05 19:18:59,
8082,1,8082,2023-08-10 19:18:59,2024-03-11 19:18:59,2023-09-05 19:18:59,2023-09-05 19:18:59,
8083,1,8083,2023-02-26 19:18:59,2024-08-03 19:18:59,2023-09-05 19:18:59,2023-09-05 19:18:59,
8084,2,8084,2023-06-03 19:18:59,2024-02-11 19:18:59,2023-09-05 19:18:59,2023-09-05 19:18:59,
8085,3,8085,2022-10-25 19:18:59,2024-08-01 19:18:59,2023-09-05 19:18:59,2023-09-05 19:18:59,
8086,2,8086,2023-08-26 19:18:59,2024-01-09 19:18:59,2023-09-05 19:18:59,2023-09-05 19:18:59,
8087,1,8087,2022-11-20 19:18:59,2024-01-04 19:18:59,2023-09-05 19:18:59,2023-09-05 19:18:59,
8088,1,8088,2023-02-10 19:18:59,2024-03-17 19:18:59,2023-09-05 19:18:59,2023-09-05 19:18:59,
8089,3,8089,2022-11-22 19:18:59,2023-11-24 19:18:59,2023-09-05 19:18:59,2023-09-05 19:18:59,
8090,3,8090,2023-05-27 19:18:59,2024-01-06 19:18:59,2023-09-05 19:18:59,2023-09-05 19:18:59,
8091,3,8091,2023-06-20 19:18:59,2024-06-29 19:18:59,2023-09-05 19:18:59,2023-09-05 19:18:59,
8092,1,8092,2022-12-02 19:18:59,2024-07-23 19:18:59,2023-09-05 19:18:59,2023-09-05 19:18:59,
8093,2,8093,2023-08-28 19:18:59,2023-11-08 19:18:59,2023-09-05 19:18:59,2023-09-05 19:18:59,
8094,1,8094,2023-03-21 19:18:59,2023-12-01 19:18:59,2023-09-05 19:18:59,2023-09-05 19:18:59,
8095,2,8095,2022-10-26 19:18:59,2024-02-08 19:18:59,2023-09-05 19:18:59,2023-09-05 19:18:59,
8096,2,8096,2022-10-22 19:18:59,2024-02-17 19:18:59,2023-09-05 19:18:59,2023-09-05 19:18:59,
8097,2,8097,2023-03-14 19:18:59,2023-12-01 19:18:59,2023-09-05 19:18:59,2023-09-05 19:18:59,
8098,3,8098,2022-10-15 19:18:59,2023-11-19 19:18:59,2023-09-05 19:18:59,2023-09-05 19:18:59,
8099,1,8099,2022-09-25 19:18:59,2024-02-14 19:18:59,2023-09-05 19:18:59,2023-09-05 19:18:59,
8100,2,8100,2023-06-09 19:18:59,2023-11-20 19:18:59,2023-09-05 19:18:59,2023-09-05 19:18:59,
8101,1,8101,2023-04-09 19:18:59,2023-10-22 19:18:59,2023-09-05 19:18:59,2023-09-05 19:18:59,
8102,3,8102,2022-11-10 19:18:59,2023-10-29 19:18:59,2023-09-05 19:18:59,2023-09-05 19:18:59,
8103,1,8103,2023-01-25 19:18:59,2024-02-06 19:18:59,2023-09-05 19:18:59,2023-09-05 19:18:59,
8104,1,8104,2023-08-24 19:18:59,2024-04-25 19:18:59,2023-09-05 19:18:59,2023-09-05 19:18:59,
8105,3,8105,2022-10-18 19:18:59,2024-08-19 19:18:59,2023-09-05 19:18:59,2023-09-05 19:18:59,
8106,1,8106,2023-02-04 19:18:59,2024-01-13 19:18:59,2023-09-05 19:18:59,2023-09-05 19:18:59,
8107,3,8107,2023-04-02 19:18:59,2024-02-04 19:18:59,2023-09-05 19:18:59,2023-09-05 19:18:59,
8108,1,8108,2023-04-06 19:18:59,2024-04-20 19:18:59,2023-09-05 19:18:59,2023-09-05 19:18:59,
8109,1,8109,2022-09-24 19:18:59,2024-01-04 19:18:59,2023-09-05 19:18:59,2023-09-05 19:18:59,
8110,1,8110,2023-03-28 19:18:59,2024-07-31 19:18:59,2023-09-05 19:18:59,2023-09-05 19:18:59,
8111,3,8111,2022-09-16 19:18:59,2024-01-01 19:18:59,2023-09-05 19:18:59,2023-09-05 19:18:59,
8112,3,8112,2023-05-06 19:18:59,2024-09-03 19:18:59,2023-09-05 19:18:59,2023-09-05 19:18:59,
8113,1,8113,2023-08-13 19:18:59,2024-01-14 19:18:59,2023-09-05 19:18:59,2023-09-05 19:18:59,
8114,2,8114,2023-01-25 19:18:59,2024-02-08 19:18:59,2023-09-05 19:18:59,2023-09-05 19:18:59,
8115,1,8115,2023-07-16 19:18:59,2024-01-07 19:18:59,2023-09-05 19:18:59,2023-09-05 19:18:59,
8116,1,8116,2023-08-29 19:18:59,2024-07-23 19:18:59,2023-09-05 19:18:59,2023-09-05 19:18:59,
8117,2,8117,2023-03-28 19:18:59,2024-02-27 19:18:59,2023-09-05 19:18:59,2023-09-05 19:18:59,
8118,2,8118,2022-11-25 19:18:59,2024-05-27 19:18:59,2023-09-05 19:18:59,2023-09-05 19:18:59,
8119,3,8119,2023-05-08 19:18:59,2024-05-02 19:18:59,2023-09-05 19:18:59,2023-09-05 19:18:59,
8120,2,8120,2022-10-09 19:18:59,2023-11-11 19:18:59,2023-09-05 19:18:59,2023-09-05 19:18:59,
8121,2,8121,2023-07-15 19:18:59,2024-03-17 19:18:59,2023-09-05 19:18:59,2023-09-05 19:18:59,
8122,2,8122,2023-02-09 19:18:59,2023-10-24 19:18:59,2023-09-05 19:18:59,2023-09-05 19:18:59,
8123,1,8123,2023-05-17 19:18:59,2024-08-17 19:18:59,2023-09-05 19:18:59,2023-09-05 19:18:59,
8124,3,8124,2023-06-24 19:18:59,2024-08-01 19:18:59,2023-09-05 19:18:59,2023-09-05 19:18:59,
8125,2,8125,2023-08-26 19:18:59,2023-11-02 19:18:59,2023-09-05 19:18:59,2023-09-05 19:18:59,
8126,3,8126,2022-12-13 19:18:59,2024-03-06 19:18:59,2023-09-05 19:18:59,2023-09-05 19:18:59,
8127,1,8127,2023-04-26 19:18:59,2023-11-16 19:18:59,2023-09-05 19:18:59,2023-09-05 19:18:59,
8128,1,8128,2023-07-08 19:18:59,2024-03-09 19:18:59,2023-09-05 19:18:59,2023-09-05 19:18:59,
8129,2,8129,2023-05-27 19:18:59,2024-03-02 19:18:59,2023-09-05 19:18:59,2023-09-05 19:18:59,
8130,2,8130,2022-09-21 19:18:59,2024-06-16 19:18:59,2023-09-05 19:18:59,2023-09-05 19:18:59,
8131,3,8131,2023-08-29 19:18:59,2024-04-09 19:18:59,2023-09-05 19:18:59,2023-09-05 19:18:59,
8132,1,8132,2023-04-01 19:18:59,2024-01-16 19:18:59,2023-09-05 19:18:59,2023-09-05 19:18:59,
8133,1,8133,2022-12-10 19:18:59,2023-12-05 19:18:59,2023-09-05 19:18:59,2023-09-05 19:18:59,
8134,3,8134,2023-08-10 19:18:59,2024-03-27 19:18:59,2023-09-05 19:18:59,2023-09-05 19:18:59,
8135,3,8135,2023-07-22 19:18:59,2024-05-08 19:18:59,2023-09-05 19:18:59,2023-09-05 19:18:59,
8136,2,8136,2022-12-12 19:18:59,2024-01-14 19:18:59,2023-09-05 19:18:59,2023-09-05 19:18:59,
8137,1,8137,2023-06-04 19:18:59,2024-04-23 19:18:59,2023-09-05 19:18:59,2023-09-05 19:18:59,
8138,1,8138,2023-01-10 19:18:59,2024-07-19 19:18:59,2023-09-05 19:18:59,2023-09-05 19:18:59,
8139,2,8139,2022-10-11 19:18:59,2024-04-23 19:18:59,2023-09-05 19:18:59,2023-09-05 19:18:59,
8140,3,8140,2023-02-04 19:18:59,2023-11-16 19:18:59,2023-09-05 19:18:59,2023-09-05 19:18:59,
8141,3,8141,2023-01-09 19:18:59,2023-11-11 19:18:59,2023-09-05 19:18:59,2023-09-05 19:18:59,
8142,1,8142,2022-12-18 19:18:59,2024-04-01 19:18:59,2023-09-05 19:18:59,2023-09-05 19:18:59,
8143,3,8143,2023-06-13 19:18:59,2024-02-04 19:18:59,2023-09-05 19:18:59,2023-09-05 19:18:59,
8144,3,8144,2022-09-07 19:18:59,2024-05-01 19:18:59,2023-09-05 19:18:59,2023-09-05 19:18:59,
8145,3,8145,2023-07-09 19:18:59,2024-01-27 19:18:59,2023-09-05 19:18:59,2023-09-05 19:18:59,
8146,1,8146,2023-02-11 19:18:59,2024-06-26 19:18:59,2023-09-05 19:18:59,2023-09-05 19:18:59,
8147,1,8147,2023-09-03 19:18:59,2024-01-25 19:18:59,2023-09-05 19:18:59,2023-09-05 19:18:59,
8148,3,8148,2022-09-10 19:18:59,2024-08-02 19:18:59,2023-09-05 19:18:59,2023-09-05 19:18:59,
8149,2,8149,2023-05-05 19:18:59,2024-06-30 19:18:59,2023-09-05 19:18:59,2023-09-05 19:18:59,
8150,1,8150,2023-05-20 19:18:59,2024-03-25 19:18:59,2023-09-05 19:18:59,2023-09-05 19:18:59,
8151,2,8151,2023-07-01 19:18:59,2024-07-09 19:18:59,2023-09-05 19:18:59,2023-09-05 19:18:59,
8152,1,8152,2023-08-11 19:18:59,2024-07-30 19:18:59,2023-09-05 19:18:59,2023-09-05 19:18:59,
8153,3,8153,2023-07-26 19:18:59,2024-07-16 19:18:59,2023-09-05 19:18:59,2023-09-05 19:18:59,
8154,2,8154,2023-02-08 19:18:59,2023-12-27 19:18:59,2023-09-05 19:18:59,2023-09-05 19:18:59,
8155,2,8155,2022-10-03 19:18:59,2024-02-02 19:18:59,2023-09-05 19:18:59,2023-09-05 19:18:59,
8156,1,8156,2022-11-17 19:18:59,2024-01-26 19:18:59,2023-09-05 19:18:59,2023-09-05 19:18:59,
8157,1,8157,2023-01-23 19:18:59,2024-03-29 19:18:59,2023-09-05 19:18:59,2023-09-05 19:18:59,
8158,1,8158,2022-09-18 19:18:59,2023-12-06 19:18:59,2023-09-05 19:18:59,2023-09-05 19:18:59,
8159,2,8159,2023-04-30 19:18:59,2024-04-05 19:18:59,2023-09-05 19:18:59,2023-09-05 19:18:59,
8160,3,8160,2023-07-25 19:18:59,2024-05-04 19:18:59,2023-09-05 19:18:59,2023-09-05 19:18:59,
8161,3,8161,2023-02-27 19:18:59,2024-01-14 19:18:59,2023-09-05 19:18:59,2023-09-05 19:18:59,
8162,2,8162,2022-09-20 19:18:59,2023-10-20 19:18:59,2023-09-05 19:18:59,2023-09-05 19:18:59,
8163,2,8163,2023-06-07 19:18:59,2024-05-06 19:18:59,2023-09-05 19:18:59,2023-09-05 19:18:59,
8164,1,8164,2023-08-29 19:18:59,2024-04-01 19:18:59,2023-09-05 19:18:59,2023-09-05 19:18:59,
8165,2,8165,2023-05-30 19:18:59,2023-10-10 19:18:59,2023-09-05 19:18:59,2023-09-05 19:18:59,
8166,1,8166,2022-12-04 19:18:59,2024-04-16 19:18:59,2023-09-05 19:18:59,2023-09-05 19:18:59,
8167,3,8167,2022-10-25 19:18:59,2023-10-17 19:18:59,2023-09-05 19:18:59,2023-09-05 19:18:59,
8168,1,8168,2023-08-27 19:18:59,2024-02-02 19:18:59,2023-09-05 19:18:59,2023-09-05 19:18:59,
8169,1,8169,2023-05-12 19:18:59,2024-02-24 19:18:59,2023-09-05 19:18:59,2023-09-05 19:18:59,
8170,3,8170,2023-08-08 19:18:59,2023-12-20 19:18:59,2023-09-05 19:18:59,2023-09-05 19:18:59,
8171,2,8171,2022-10-18 19:18:59,2024-03-01 19:18:59,2023-09-05 19:18:59,2023-09-05 19:18:59,
8172,2,8172,2023-05-13 19:18:59,2023-12-15 19:18:59,2023-09-05 19:18:59,2023-09-05 19:18:59,
8173,3,8173,2023-02-07 19:18:59,2024-08-13 19:18:59,2023-09-05 19:18:59,2023-09-05 19:18:59,
8174,1,8174,2023-03-04 19:18:59,2023-12-29 19:18:59,2023-09-05 19:18:59,2023-09-05 19:18:59,
8175,1,8175,2022-09-27 19:18:59,2024-06-25 19:18:59,2023-09-05 19:18:59,2023-09-05 19:18:59,
8176,2,8176,2023-05-26 19:18:59,2023-10-30 19:18:59,2023-09-05 19:18:59,2023-09-05 19:18:59,
8177,3,8177,2023-07-01 19:18:59,2023-10-13 19:18:59,2023-09-05 19:18:59,2023-09-05 19:18:59,
8178,3,8178,2022-11-15 19:18:59,2024-05-26 19:18:59,2023-09-05 19:18:59,2023-09-05 19:18:59,
8179,2,8179,2022-09-20 19:18:59,2024-08-29 19:18:59,2023-09-05 19:18:59,2023-09-05 19:18:59,
8180,3,8180,2022-09-26 19:18:59,2023-10-18 19:18:59,2023-09-05 19:18:59,2023-09-05 19:18:59,
8181,1,8181,2022-11-27 19:18:59,2024-07-28 19:18:59,2023-09-05 19:18:59,2023-09-05 19:18:59,
8182,1,8182,2023-01-31 19:18:59,2024-02-10 19:18:59,2023-09-05 19:18:59,2023-09-05 19:18:59,
8183,3,8183,2022-09-10 19:18:59,2024-07-09 19:18:59,2023-09-05 19:18:59,2023-09-05 19:18:59,
8184,2,8184,2022-11-21 19:18:59,2024-04-21 19:18:59,2023-09-05 19:18:59,2023-09-05 19:18:59,
8185,1,8185,2023-04-14 19:18:59,2023-12-07 19:18:59,2023-09-05 19:18:59,2023-09-05 19:18:59,
8186,2,8186,2023-08-25 19:18:59,2024-08-05 19:18:59,2023-09-05 19:18:59,2023-09-05 19:18:59,
8187,3,8187,2022-11-30 19:18:59,2024-05-09 19:18:59,2023-09-05 19:18:59,2023-09-05 19:18:59,
8188,3,8188,2023-05-14 19:18:59,2024-08-23 19:18:59,2023-09-05 19:18:59,2023-09-05 19:18:59,
8189,3,8189,2023-02-14 19:18:59,2023-11-29 19:18:59,2023-09-05 19:18:59,2023-09-05 19:18:59,
8190,3,8190,2022-10-08 19:18:59,2023-12-20 19:18:59,2023-09-05 19:18:59,2023-09-05 19:18:59,
8191,1,8191,2023-06-22 19:18:59,2024-07-30 19:18:59,2023-09-05 19:18:59,2023-09-05 19:18:59,
8192,1,8192,2022-09-10 19:18:59,2024-04-19 19:18:59,2023-09-05 19:18:59,2023-09-05 19:18:59,
8193,1,8193,2022-10-22 19:18:59,2024-04-01 19:18:59,2023-09-05 19:18:59,2023-09-05 19:18:59,
8194,2,8194,2022-10-30 19:18:59,2024-07-14 19:18:59,2023-09-05 19:18:59,2023-09-05 19:18:59,
8195,2,8195,2022-10-27 19:18:59,2024-01-04 19:18:59,2023-09-05 19:18:59,2023-09-05 19:18:59,
8196,1,8196,2022-11-06 19:18:59,2024-02-26 19:18:59,2023-09-05 19:18:59,2023-09-05 19:18:59,
8197,1,8197,2023-03-20 19:18:59,2024-01-29 19:18:59,2023-09-05 19:18:59,2023-09-05 19:18:59,
8198,2,8198,2023-06-14 19:18:59,2023-11-22 19:18:59,2023-09-05 19:18:59,2023-09-05 19:18:59,
8199,1,8199,2022-09-29 19:18:59,2024-05-04 19:18:59,2023-09-05 19:18:59,2023-09-05 19:18:59,
8200,3,8200,2023-07-12 19:18:59,2024-08-27 19:18:59,2023-09-05 19:18:59,2023-09-05 19:18:59,
8201,3,8201,2023-01-08 19:18:59,2024-01-19 19:18:59,2023-09-05 19:18:59,2023-09-05 19:18:59,
8202,2,8202,2023-02-25 19:18:59,2024-06-28 19:18:59,2023-09-05 19:18:59,2023-09-05 19:18:59,
8203,1,8203,2023-02-26 19:18:59,2024-02-10 19:18:59,2023-09-05 19:18:59,2023-09-05 19:18:59,
8204,1,8204,2022-10-27 19:18:59,2024-06-07 19:18:59,2023-09-05 19:18:59,2023-09-05 19:18:59,
8205,1,8205,2022-09-26 19:18:59,2024-07-25 19:18:59,2023-09-05 19:18:59,2023-09-05 19:18:59,
8206,3,8206,2023-01-04 19:18:59,2023-11-22 19:18:59,2023-09-05 19:18:59,2023-09-05 19:18:59,
8207,3,8207,2023-04-25 19:18:59,2024-04-19 19:18:59,2023-09-05 19:18:59,2023-09-05 19:18:59,
8208,3,8208,2022-10-20 19:18:59,2024-05-10 19:18:59,2023-09-05 19:18:59,2023-09-05 19:18:59,
8209,2,8209,2022-11-30 19:18:59,2024-02-26 19:18:59,2023-09-05 19:18:59,2023-09-05 19:18:59,
8210,3,8210,2022-12-03 19:18:59,2023-12-01 19:18:59,2023-09-05 19:18:59,2023-09-05 19:18:59,
8211,2,8211,2023-02-15 19:18:59,2024-02-27 19:18:59,2023-09-05 19:18:59,2023-09-05 19:18:59,
8212,3,8212,2023-02-22 19:18:59,2024-05-04 19:18:59,2023-09-05 19:18:59,2023-09-05 19:18:59,
8213,2,8213,2022-10-27 19:18:59,2024-04-04 19:18:59,2023-09-05 19:18:59,2023-09-05 19:18:59,
8214,1,8214,2023-06-22 19:18:59,2024-02-22 19:18:59,2023-09-05 19:18:59,2023-09-05 19:18:59,
8215,3,8215,2023-01-17 19:18:59,2024-02-04 19:18:59,2023-09-05 19:18:59,2023-09-05 19:18:59,
8216,3,8216,2022-10-22 19:18:59,2023-11-08 19:18:59,2023-09-05 19:18:59,2023-09-05 19:18:59,
8217,3,8217,2022-10-15 19:18:59,2024-04-21 19:18:59,2023-09-05 19:18:59,2023-09-05 19:18:59,
8218,3,8218,2023-04-09 19:18:59,2024-03-07 19:18:59,2023-09-05 19:18:59,2023-09-05 19:18:59,
8219,1,8219,2023-01-03 19:18:59,2024-02-09 19:18:59,2023-09-05 19:18:59,2023-09-05 19:18:59,
8220,1,8220,2022-12-02 19:18:59,2024-05-13 19:18:59,2023-09-05 19:18:59,2023-09-05 19:18:59,
8221,1,8221,2023-06-23 19:18:59,2023-12-21 19:18:59,2023-09-05 19:18:59,2023-09-05 19:18:59,
8222,1,8222,2023-05-15 19:18:59,2024-08-30 19:18:59,2023-09-05 19:18:59,2023-09-05 19:18:59,
8223,2,8223,2023-02-24 19:18:59,2023-12-23 19:18:59,2023-09-05 19:18:59,2023-09-05 19:18:59,
8224,3,8224,2023-02-28 19:18:59,2024-01-20 19:18:59,2023-09-05 19:18:59,2023-09-05 19:18:59,
8225,2,8225,2023-07-04 19:18:59,2023-12-21 19:18:59,2023-09-05 19:18:59,2023-09-05 19:18:59,
8226,2,8226,2023-04-07 19:18:59,2023-10-26 19:18:59,2023-09-05 19:18:59,2023-09-05 19:18:59,
8227,1,8227,2022-10-30 19:18:59,2024-06-10 19:18:59,2023-09-05 19:18:59,2023-09-05 19:18:59,
8228,1,8228,2023-06-08 19:18:59,2024-04-28 19:18:59,2023-09-05 19:18:59,2023-09-05 19:18:59,
8229,1,8229,2023-03-16 19:18:59,2024-01-09 19:18:59,2023-09-05 19:18:59,2023-09-05 19:18:59,
8230,3,8230,2023-02-14 19:18:59,2024-08-29 19:18:59,2023-09-05 19:18:59,2023-09-05 19:18:59,
8231,1,8231,2022-09-05 19:18:59,2024-04-09 19:18:59,2023-09-05 19:18:59,2023-09-05 19:18:59,
8232,3,8232,2023-02-05 19:18:59,2024-02-15 19:18:59,2023-09-05 19:18:59,2023-09-05 19:18:59,
8233,3,8233,2022-10-04 19:18:59,2023-12-28 19:18:59,2023-09-05 19:18:59,2023-09-05 19:18:59,
8234,3,8234,2023-08-12 19:18:59,2024-03-17 19:18:59,2023-09-05 19:18:59,2023-09-05 19:18:59,
8235,2,8235,2023-06-25 19:18:59,2024-01-04 19:18:59,2023-09-05 19:18:59,2023-09-05 19:18:59,
8236,3,8236,2022-10-25 19:18:59,2023-12-01 19:18:59,2023-09-05 19:18:59,2023-09-05 19:18:59,
8237,1,8237,2023-03-06 19:18:59,2024-07-31 19:18:59,2023-09-05 19:18:59,2023-09-05 19:18:59,
8238,2,8238,2023-06-22 19:18:59,2023-11-18 19:18:59,2023-09-05 19:18:59,2023-09-05 19:18:59,
8239,3,8239,2022-11-09 19:18:59,2024-06-07 19:18:59,2023-09-05 19:18:59,2023-09-05 19:18:59,
8240,1,8240,2022-12-19 19:18:59,2024-07-16 19:18:59,2023-09-05 19:18:59,2023-09-05 19:18:59,
8241,1,8241,2022-12-27 19:18:59,2023-12-07 19:18:59,2023-09-05 19:18:59,2023-09-05 19:18:59,
8242,3,8242,2023-03-27 19:18:59,2024-03-02 19:18:59,2023-09-05 19:18:59,2023-09-05 19:18:59,
8243,2,8243,2023-08-09 19:18:59,2024-03-23 19:18:59,2023-09-05 19:18:59,2023-09-05 19:18:59,
8244,3,8244,2022-09-12 19:18:59,2023-10-13 19:18:59,2023-09-05 19:18:59,2023-09-05 19:18:59,
8245,3,8245,2023-07-24 19:18:59,2024-04-30 19:18:59,2023-09-05 19:18:59,2023-09-05 19:18:59,
8246,2,8246,2023-06-26 19:18:59,2023-12-09 19:18:59,2023-09-05 19:18:59,2023-09-05 19:18:59,
8247,3,8247,2023-02-13 19:18:59,2024-06-15 19:18:59,2023-09-05 19:18:59,2023-09-05 19:18:59,
8248,1,8248,2022-09-25 19:18:59,2024-03-16 19:18:59,2023-09-05 19:18:59,2023-09-05 19:18:59,
8249,3,8249,2022-10-31 19:18:59,2024-04-26 19:18:59,2023-09-05 19:18:59,2023-09-05 19:18:59,
8250,2,8250,2022-11-09 19:18:59,2024-01-08 19:18:59,2023-09-05 19:18:59,2023-09-05 19:18:59,
8251,3,8251,2023-04-04 19:18:59,2024-02-20 19:18:59,2023-09-05 19:18:59,2023-09-05 19:18:59,
8252,1,8252,2023-04-30 19:18:59,2024-03-15 19:18:59,2023-09-05 19:18:59,2023-09-05 19:18:59,
8253,1,8253,2023-07-11 19:18:59,2024-08-26 19:18:59,2023-09-05 19:18:59,2023-09-05 19:18:59,
8254,2,8254,2023-01-15 19:18:59,2023-12-08 19:18:59,2023-09-05 19:18:59,2023-09-05 19:18:59,
8255,2,8255,2023-01-09 19:18:59,2024-04-20 19:18:59,2023-09-05 19:18:59,2023-09-05 19:18:59,
8256,3,8256,2022-09-10 19:18:59,2024-02-05 19:18:59,2023-09-05 19:18:59,2023-09-05 19:18:59,
8257,1,8257,2022-11-10 19:18:59,2024-07-01 19:18:59,2023-09-05 19:18:59,2023-09-05 19:18:59,
8258,3,8258,2022-10-20 19:18:59,2024-05-28 19:18:59,2023-09-05 19:18:59,2023-09-05 19:18:59,
8259,3,8259,2023-08-25 19:18:59,2024-08-12 19:18:59,2023-09-05 19:18:59,2023-09-05 19:18:59,
8260,3,8260,2023-08-01 19:18:59,2024-07-17 19:18:59,2023-09-05 19:18:59,2023-09-05 19:18:59,
8261,1,8261,2023-07-06 19:18:59,2024-04-20 19:18:59,2023-09-05 19:18:59,2023-09-05 19:18:59,
8262,2,8262,2022-09-17 19:18:59,2024-03-18 19:18:59,2023-09-05 19:18:59,2023-09-05 19:18:59,
8263,3,8263,2023-02-14 19:18:59,2024-04-29 19:18:59,2023-09-05 19:18:59,2023-09-05 19:18:59,
8264,1,8264,2023-06-05 19:18:59,2024-09-03 19:18:59,2023-09-05 19:18:59,2023-09-05 19:18:59,
8265,3,8265,2023-01-13 19:18:59,2023-12-14 19:18:59,2023-09-05 19:18:59,2023-09-05 19:18:59,
8266,1,8266,2023-03-26 19:18:59,2024-02-18 19:18:59,2023-09-05 19:18:59,2023-09-05 19:18:59,
8267,2,8267,2023-01-26 19:18:59,2024-06-16 19:18:59,2023-09-05 19:18:59,2023-09-05 19:18:59,
8268,2,8268,2022-09-11 19:18:59,2023-11-14 19:18:59,2023-09-05 19:18:59,2023-09-05 19:18:59,
8269,1,8269,2022-09-22 19:18:59,2024-06-19 19:18:59,2023-09-05 19:18:59,2023-09-05 19:18:59,
8270,3,8270,2023-01-05 19:18:59,2024-01-10 19:18:59,2023-09-05 19:18:59,2023-09-05 19:18:59,
8271,2,8271,2023-03-10 19:18:59,2024-08-02 19:18:59,2023-09-05 19:18:59,2023-09-05 19:18:59,
8272,2,8272,2022-11-06 19:18:59,2023-12-17 19:18:59,2023-09-05 19:18:59,2023-09-05 19:18:59,
8273,2,8273,2022-11-29 19:18:59,2024-08-20 19:18:59,2023-09-05 19:18:59,2023-09-05 19:18:59,
8274,3,8274,2023-06-21 19:18:59,2024-06-03 19:18:59,2023-09-05 19:18:59,2023-09-05 19:18:59,
8275,1,8275,2022-09-18 19:18:59,2024-01-26 19:18:59,2023-09-05 19:18:59,2023-09-05 19:18:59,
8276,2,8276,2023-08-01 19:18:59,2023-10-09 19:18:59,2023-09-05 19:18:59,2023-09-05 19:18:59,
8277,3,8277,2023-02-25 19:18:59,2023-11-21 19:18:59,2023-09-05 19:18:59,2023-09-05 19:18:59,
8278,2,8278,2023-03-29 19:18:59,2024-01-12 19:18:59,2023-09-05 19:18:59,2023-09-05 19:18:59,
8279,1,8279,2023-07-30 19:18:59,2024-03-26 19:18:59,2023-09-05 19:18:59,2023-09-05 19:18:59,
8280,1,8280,2023-08-04 19:18:59,2024-05-26 19:18:59,2023-09-05 19:18:59,2023-09-05 19:18:59,
8281,2,8281,2023-08-07 19:18:59,2024-07-09 19:18:59,2023-09-05 19:18:59,2023-09-05 19:18:59,
8282,2,8282,2023-02-08 19:18:59,2023-11-08 19:18:59,2023-09-05 19:18:59,2023-09-05 19:18:59,
8283,1,8283,2023-03-13 19:18:59,2024-03-20 19:18:59,2023-09-05 19:18:59,2023-09-05 19:18:59,
8284,1,8284,2023-06-15 19:18:59,2024-07-19 19:18:59,2023-09-05 19:18:59,2023-09-05 19:18:59,
8285,1,8285,2023-01-31 19:18:59,2023-11-01 19:18:59,2023-09-05 19:18:59,2023-09-05 19:18:59,
8286,3,8286,2023-08-21 19:18:59,2024-08-28 19:18:59,2023-09-05 19:18:59,2023-09-05 19:18:59,
8287,1,8287,2022-11-09 19:18:59,2024-03-31 19:18:59,2023-09-05 19:18:59,2023-09-05 19:18:59,
8288,3,8288,2023-01-26 19:18:59,2024-06-11 19:18:59,2023-09-05 19:18:59,2023-09-05 19:18:59,
8289,2,8289,2023-01-30 19:18:59,2024-06-29 19:18:59,2023-09-05 19:18:59,2023-09-05 19:18:59,
8290,3,8290,2023-02-21 19:18:59,2024-06-24 19:18:59,2023-09-05 19:18:59,2023-09-05 19:18:59,
8291,1,8291,2023-03-09 19:18:59,2024-09-02 19:18:59,2023-09-05 19:18:59,2023-09-05 19:18:59,
8292,2,8292,2023-04-13 19:18:59,2024-06-12 19:18:59,2023-09-05 19:18:59,2023-09-05 19:18:59,
8293,2,8293,2023-04-30 19:18:59,2024-04-01 19:18:59,2023-09-05 19:18:59,2023-09-05 19:18:59,
8294,3,8294,2022-11-08 19:18:59,2023-11-07 19:18:59,2023-09-05 19:18:59,2023-09-05 19:18:59,
8295,3,8295,2023-06-21 19:18:59,2024-08-06 19:18:59,2023-09-05 19:18:59,2023-09-05 19:18:59,
8296,2,8296,2023-05-15 19:18:59,2023-11-16 19:18:59,2023-09-05 19:18:59,2023-09-05 19:18:59,
8297,1,8297,2023-06-01 19:18:59,2024-01-22 19:18:59,2023-09-05 19:18:59,2023-09-05 19:18:59,
8298,3,8298,2022-11-06 19:18:59,2024-06-17 19:18:59,2023-09-05 19:18:59,2023-09-05 19:18:59,
8299,3,8299,2022-12-11 19:18:59,2023-10-05 19:18:59,2023-09-05 19:18:59,2023-09-05 19:18:59,
8300,3,8300,2023-06-19 19:18:59,2024-03-13 19:18:59,2023-09-05 19:18:59,2023-09-05 19:18:59,
8301,2,8301,2023-04-12 19:18:59,2023-11-25 19:18:59,2023-09-05 19:18:59,2023-09-05 19:18:59,
8302,2,8302,2022-09-10 19:18:59,2024-05-03 19:18:59,2023-09-05 19:18:59,2023-09-05 19:18:59,
8303,1,8303,2023-01-08 19:18:59,2024-04-03 19:18:59,2023-09-05 19:18:59,2023-09-05 19:18:59,
8304,3,8304,2022-10-22 19:18:59,2024-01-30 19:18:59,2023-09-05 19:18:59,2023-09-05 19:18:59,
8305,2,8305,2022-09-14 19:18:59,2024-04-24 19:18:59,2023-09-05 19:18:59,2023-09-05 19:18:59,
8306,3,8306,2022-09-16 19:18:59,2023-11-20 19:18:59,2023-09-05 19:18:59,2023-09-05 19:18:59,
8307,3,8307,2023-05-19 19:18:59,2023-11-23 19:18:59,2023-09-05 19:18:59,2023-09-05 19:18:59,
8308,3,8308,2022-11-27 19:18:59,2024-01-18 19:18:59,2023-09-05 19:18:59,2023-09-05 19:18:59,
8309,1,8309,2022-11-17 19:18:59,2024-06-28 19:18:59,2023-09-05 19:18:59,2023-09-05 19:18:59,
8310,3,8310,2023-05-06 19:18:59,2024-02-06 19:18:59,2023-09-05 19:18:59,2023-09-05 19:18:59,
8311,3,8311,2023-04-16 19:18:59,2023-10-13 19:18:59,2023-09-05 19:18:59,2023-09-05 19:18:59,
8312,3,8312,2022-11-10 19:18:59,2024-07-06 19:18:59,2023-09-05 19:18:59,2023-09-05 19:18:59,
8313,2,8313,2022-11-28 19:18:59,2023-12-03 19:18:59,2023-09-05 19:18:59,2023-09-05 19:18:59,
8314,1,8314,2023-05-28 19:18:59,2024-05-11 19:18:59,2023-09-05 19:18:59,2023-09-05 19:18:59,
8315,3,8315,2023-06-15 19:18:59,2024-06-21 19:18:59,2023-09-05 19:18:59,2023-09-05 19:18:59,
8316,2,8316,2023-04-11 19:18:59,2024-08-21 19:18:59,2023-09-05 19:18:59,2023-09-05 19:18:59,
8317,2,8317,2023-05-16 19:18:59,2023-10-07 19:18:59,2023-09-05 19:18:59,2023-09-05 19:18:59,
8318,3,8318,2023-02-04 19:18:59,2023-11-01 19:18:59,2023-09-05 19:18:59,2023-09-05 19:18:59,
8319,3,8319,2022-10-25 19:18:59,2024-01-26 19:18:59,2023-09-05 19:18:59,2023-09-05 19:18:59,
8320,2,8320,2022-10-02 19:18:59,2023-11-22 19:18:59,2023-09-05 19:18:59,2023-09-05 19:18:59,
8321,3,8321,2022-12-10 19:18:59,2024-05-24 19:18:59,2023-09-05 19:18:59,2023-09-05 19:18:59,
8322,3,8322,2022-12-17 19:18:59,2023-11-02 19:18:59,2023-09-05 19:18:59,2023-09-05 19:18:59,
8323,2,8323,2023-04-22 19:18:59,2024-01-19 19:18:59,2023-09-05 19:18:59,2023-09-05 19:18:59,
8324,3,8324,2023-01-01 19:18:59,2024-05-13 19:18:59,2023-09-05 19:18:59,2023-09-05 19:18:59,
8325,3,8325,2023-05-11 19:18:59,2024-06-08 19:18:59,2023-09-05 19:18:59,2023-09-05 19:18:59,
8326,1,8326,2023-08-01 19:18:59,2023-12-10 19:18:59,2023-09-05 19:18:59,2023-09-05 19:18:59,
8327,1,8327,2023-05-16 19:18:59,2024-04-24 19:18:59,2023-09-05 19:18:59,2023-09-05 19:18:59,
8328,1,8328,2022-11-11 19:18:59,2024-01-08 19:18:59,2023-09-05 19:18:59,2023-09-05 19:18:59,
8329,2,8329,2022-12-15 19:18:59,2024-02-16 19:18:59,2023-09-05 19:18:59,2023-09-05 19:18:59,
8330,3,8330,2022-10-19 19:18:59,2024-04-05 19:18:59,2023-09-05 19:18:59,2023-09-05 19:18:59,
8331,1,8331,2023-06-04 19:18:59,2024-06-29 19:18:59,2023-09-05 19:18:59,2023-09-05 19:18:59,
8332,3,8332,2023-08-06 19:18:59,2024-07-13 19:18:59,2023-09-05 19:18:59,2023-09-05 19:18:59,
8333,1,8333,2023-08-24 19:18:59,2024-01-01 19:18:59,2023-09-05 19:18:59,2023-09-05 19:18:59,
8334,1,8334,2022-12-11 19:18:59,2024-01-12 19:18:59,2023-09-05 19:18:59,2023-09-05 19:18:59,
8335,3,8335,2023-02-24 19:18:59,2024-07-09 19:18:59,2023-09-05 19:18:59,2023-09-05 19:18:59,
8336,3,8336,2022-12-19 19:18:59,2024-08-09 19:18:59,2023-09-05 19:18:59,2023-09-05 19:18:59,
8337,2,8337,2022-11-15 19:18:59,2024-04-22 19:18:59,2023-09-05 19:18:59,2023-09-05 19:18:59,
8338,1,8338,2023-07-22 19:18:59,2023-11-26 19:18:59,2023-09-05 19:18:59,2023-09-05 19:18:59,
8339,2,8339,2023-04-03 19:18:59,2024-08-13 19:18:59,2023-09-05 19:18:59,2023-09-05 19:18:59,
8340,2,8340,2023-04-09 19:18:59,2024-01-04 19:18:59,2023-09-05 19:18:59,2023-09-05 19:18:59,
8341,2,8341,2023-04-11 19:18:59,2024-06-02 19:18:59,2023-09-05 19:18:59,2023-09-05 19:18:59,
8342,3,8342,2023-02-20 19:18:59,2024-06-26 19:18:59,2023-09-05 19:18:59,2023-09-05 19:18:59,
8343,3,8343,2022-11-01 19:18:59,2024-05-15 19:18:59,2023-09-05 19:18:59,2023-09-05 19:18:59,
8344,2,8344,2022-11-08 19:18:59,2024-07-24 19:18:59,2023-09-05 19:18:59,2023-09-05 19:18:59,
8345,2,8345,2023-08-30 19:18:59,2023-11-06 19:18:59,2023-09-05 19:18:59,2023-09-05 19:18:59,
8346,3,8346,2023-07-14 19:18:59,2024-01-26 19:18:59,2023-09-05 19:18:59,2023-09-05 19:18:59,
8347,3,8347,2023-06-24 19:18:59,2024-08-10 19:18:59,2023-09-05 19:18:59,2023-09-05 19:18:59,
8348,1,8348,2023-05-02 19:18:59,2023-12-28 19:18:59,2023-09-05 19:18:59,2023-09-05 19:18:59,
8349,1,8349,2023-05-11 19:18:59,2024-02-13 19:18:59,2023-09-05 19:18:59,2023-09-05 19:18:59,
8350,1,8350,2022-12-03 19:18:59,2024-04-24 19:18:59,2023-09-05 19:18:59,2023-09-05 19:18:59,
8351,1,8351,2022-12-14 19:18:59,2023-10-31 19:18:59,2023-09-05 19:18:59,2023-09-05 19:18:59,
8352,1,8352,2023-01-04 19:18:59,2023-11-14 19:18:59,2023-09-05 19:18:59,2023-09-05 19:18:59,
8353,1,8353,2023-03-10 19:18:59,2024-06-05 19:18:59,2023-09-05 19:18:59,2023-09-05 19:18:59,
8354,3,8354,2023-01-27 19:18:59,2024-08-21 19:18:59,2023-09-05 19:18:59,2023-09-05 19:18:59,
8355,1,8355,2023-03-01 19:18:59,2024-08-24 19:18:59,2023-09-05 19:18:59,2023-09-05 19:18:59,
8356,1,8356,2023-03-18 19:18:59,2024-02-14 19:18:59,2023-09-05 19:18:59,2023-09-05 19:18:59,
8357,1,8357,2023-06-10 19:18:59,2023-12-07 19:18:59,2023-09-05 19:18:59,2023-09-05 19:18:59,
8358,3,8358,2023-04-03 19:18:59,2024-01-10 19:18:59,2023-09-05 19:18:59,2023-09-05 19:18:59,
8359,2,8359,2023-06-29 19:18:59,2024-08-14 19:18:59,2023-09-05 19:18:59,2023-09-05 19:18:59,
8360,3,8360,2023-01-01 19:18:59,2023-10-13 19:18:59,2023-09-05 19:18:59,2023-09-05 19:18:59,
8361,1,8361,2023-02-05 19:18:59,2024-04-16 19:18:59,2023-09-05 19:18:59,2023-09-05 19:18:59,
8362,3,8362,2023-07-27 19:18:59,2023-10-14 19:18:59,2023-09-05 19:18:59,2023-09-05 19:18:59,
8363,2,8363,2022-11-05 19:18:59,2024-07-02 19:18:59,2023-09-05 19:18:59,2023-09-05 19:18:59,
8364,1,8364,2023-01-27 19:18:59,2024-01-17 19:18:59,2023-09-05 19:18:59,2023-09-05 19:18:59,
8365,1,8365,2022-10-20 19:18:59,2024-07-22 19:18:59,2023-09-05 19:18:59,2023-09-05 19:18:59,
8366,2,8366,2022-11-23 19:18:59,2023-10-29 19:18:59,2023-09-05 19:18:59,2023-09-05 19:18:59,
8367,1,8367,2023-07-24 19:18:59,2024-01-23 19:18:59,2023-09-05 19:18:59,2023-09-05 19:18:59,
8368,1,8368,2022-10-04 19:18:59,2024-02-22 19:18:59,2023-09-05 19:18:59,2023-09-05 19:18:59,
8369,1,8369,2023-02-26 19:18:59,2024-06-01 19:18:59,2023-09-05 19:18:59,2023-09-05 19:18:59,
8370,2,8370,2022-12-31 19:18:59,2023-11-07 19:18:59,2023-09-05 19:18:59,2023-09-05 19:18:59,
8371,3,8371,2023-01-31 19:18:59,2024-05-12 19:18:59,2023-09-05 19:18:59,2023-09-05 19:18:59,
8372,2,8372,2023-05-02 19:18:59,2024-03-20 19:18:59,2023-09-05 19:18:59,2023-09-05 19:18:59,
8373,2,8373,2023-06-10 19:18:59,2024-04-04 19:18:59,2023-09-05 19:18:59,2023-09-05 19:18:59,
8374,1,8374,2022-09-15 19:18:59,2023-11-04 19:18:59,2023-09-05 19:18:59,2023-09-05 19:18:59,
8375,2,8375,2022-11-01 19:18:59,2024-04-07 19:18:59,2023-09-05 19:18:59,2023-09-05 19:18:59,
8376,2,8376,2022-09-13 19:18:59,2024-04-27 19:18:59,2023-09-05 19:18:59,2023-09-05 19:18:59,
8377,1,8377,2023-07-12 19:18:59,2023-11-24 19:18:59,2023-09-05 19:18:59,2023-09-05 19:18:59,
8378,1,8378,2023-07-05 19:18:59,2024-05-26 19:18:59,2023-09-05 19:18:59,2023-09-05 19:18:59,
8379,1,8379,2022-11-05 19:18:59,2024-02-25 19:18:59,2023-09-05 19:18:59,2023-09-05 19:18:59,
8380,2,8380,2023-02-08 19:18:59,2024-04-27 19:18:59,2023-09-05 19:18:59,2023-09-05 19:18:59,
8381,1,8381,2023-03-07 19:18:59,2023-12-17 19:18:59,2023-09-05 19:18:59,2023-09-05 19:18:59,
8382,1,8382,2023-08-21 19:18:59,2024-03-30 19:18:59,2023-09-05 19:18:59,2023-09-05 19:18:59,
8383,3,8383,2023-07-21 19:18:59,2023-12-31 19:18:59,2023-09-05 19:18:59,2023-09-05 19:18:59,
8384,2,8384,2023-04-08 19:18:59,2024-07-05 19:18:59,2023-09-05 19:18:59,2023-09-05 19:18:59,
8385,1,8385,2023-03-25 19:18:59,2023-12-20 19:18:59,2023-09-05 19:18:59,2023-09-05 19:18:59,
8386,2,8386,2022-10-20 19:18:59,2024-02-16 19:18:59,2023-09-05 19:18:59,2023-09-05 19:18:59,
8387,1,8387,2022-09-22 19:18:59,2023-11-07 19:18:59,2023-09-05 19:18:59,2023-09-05 19:18:59,
8388,3,8388,2023-04-26 19:18:59,2024-01-18 19:18:59,2023-09-05 19:18:59,2023-09-05 19:18:59,
8389,1,8389,2022-11-10 19:18:59,2024-08-27 19:18:59,2023-09-05 19:18:59,2023-09-05 19:18:59,
8390,3,8390,2023-06-23 19:18:59,2024-01-23 19:18:59,2023-09-05 19:18:59,2023-09-05 19:18:59,
8391,3,8391,2023-07-14 19:18:59,2024-07-25 19:18:59,2023-09-05 19:18:59,2023-09-05 19:18:59,
8392,1,8392,2023-01-17 19:18:59,2024-02-08 19:18:59,2023-09-05 19:18:59,2023-09-05 19:18:59,
8393,3,8393,2023-04-11 19:18:59,2024-01-18 19:18:59,2023-09-05 19:18:59,2023-09-05 19:18:59,
8394,3,8394,2022-09-24 19:18:59,2024-04-25 19:18:59,2023-09-05 19:18:59,2023-09-05 19:18:59,
8395,2,8395,2023-08-08 19:18:59,2024-04-08 19:18:59,2023-09-05 19:18:59,2023-09-05 19:18:59,
8396,2,8396,2023-05-15 19:18:59,2024-02-13 19:18:59,2023-09-05 19:18:59,2023-09-05 19:18:59,
8397,2,8397,2022-12-21 19:18:59,2024-04-13 19:18:59,2023-09-05 19:18:59,2023-09-05 19:18:59,
8398,1,8398,2022-10-01 19:18:59,2024-02-14 19:18:59,2023-09-05 19:18:59,2023-09-05 19:18:59,
8399,1,8399,2023-01-05 19:18:59,2024-01-11 19:18:59,2023-09-05 19:18:59,2023-09-05 19:18:59,
8400,3,8400,2023-05-11 19:18:59,2024-03-30 19:18:59,2023-09-05 19:18:59,2023-09-05 19:18:59,
8401,3,8401,2022-09-20 19:18:59,2024-03-27 19:18:59,2023-09-05 19:18:59,2023-09-05 19:18:59,
8402,3,8402,2023-03-01 19:18:59,2024-03-20 19:18:59,2023-09-05 19:18:59,2023-09-05 19:18:59,
8403,1,8403,2022-11-01 19:18:59,2024-06-29 19:18:59,2023-09-05 19:18:59,2023-09-05 19:18:59,
8404,3,8404,2022-12-18 19:18:59,2024-07-03 19:18:59,2023-09-05 19:18:59,2023-09-05 19:18:59,
8405,2,8405,2023-07-08 19:18:59,2024-03-31 19:18:59,2023-09-05 19:18:59,2023-09-05 19:18:59,
8406,2,8406,2023-08-06 19:18:59,2024-05-23 19:18:59,2023-09-05 19:18:59,2023-09-05 19:18:59,
8407,1,8407,2023-05-18 19:18:59,2024-04-16 19:18:59,2023-09-05 19:18:59,2023-09-05 19:18:59,
8408,2,8408,2022-12-22 19:18:59,2024-07-17 19:18:59,2023-09-05 19:18:59,2023-09-05 19:18:59,
8409,1,8409,2022-12-24 19:18:59,2024-01-29 19:18:59,2023-09-05 19:18:59,2023-09-05 19:18:59,
8410,1,8410,2023-03-19 19:18:59,2024-08-21 19:18:59,2023-09-05 19:18:59,2023-09-05 19:18:59,
8411,2,8411,2023-01-05 19:18:59,2024-01-06 19:18:59,2023-09-05 19:18:59,2023-09-05 19:18:59,
8412,1,8412,2022-11-12 19:18:59,2024-01-21 19:18:59,2023-09-05 19:18:59,2023-09-05 19:18:59,
8413,1,8413,2023-01-21 19:18:59,2024-05-18 19:18:59,2023-09-05 19:18:59,2023-09-05 19:18:59,
8414,2,8414,2023-08-10 19:18:59,2024-01-08 19:18:59,2023-09-05 19:18:59,2023-09-05 19:18:59,
8415,3,8415,2023-02-08 19:18:59,2023-10-25 19:18:59,2023-09-05 19:18:59,2023-09-05 19:18:59,
8416,3,8416,2023-01-10 19:18:59,2024-05-15 19:18:59,2023-09-05 19:18:59,2023-09-05 19:18:59,
8417,3,8417,2022-09-09 19:18:59,2024-06-24 19:18:59,2023-09-05 19:18:59,2023-09-05 19:18:59,
8418,3,8418,2022-10-27 19:18:59,2024-07-15 19:18:59,2023-09-05 19:18:59,2023-09-05 19:18:59,
8419,3,8419,2023-05-19 19:18:59,2024-05-22 19:18:59,2023-09-05 19:18:59,2023-09-05 19:18:59,
8420,3,8420,2023-03-07 19:18:59,2024-08-14 19:18:59,2023-09-05 19:18:59,2023-09-05 19:18:59,
8421,1,8421,2023-01-10 19:18:59,2024-05-16 19:18:59,2023-09-05 19:18:59,2023-09-05 19:18:59,
8422,2,8422,2022-11-12 19:18:59,2024-05-13 19:18:59,2023-09-05 19:18:59,2023-09-05 19:18:59,
8423,2,8423,2023-04-17 19:18:59,2023-10-15 19:18:59,2023-09-05 19:18:59,2023-09-05 19:18:59,
8424,1,8424,2023-01-05 19:18:59,2024-01-07 19:18:59,2023-09-05 19:18:59,2023-09-05 19:18:59,
8425,3,8425,2023-03-05 19:18:59,2024-04-26 19:18:59,2023-09-05 19:18:59,2023-09-05 19:18:59,
8426,1,8426,2022-11-21 19:18:59,2024-02-11 19:18:59,2023-09-05 19:18:59,2023-09-05 19:18:59,
8427,3,8427,2023-05-31 19:18:59,2024-06-23 19:18:59,2023-09-05 19:18:59,2023-09-05 19:18:59,
8428,2,8428,2023-02-27 19:18:59,2024-05-08 19:18:59,2023-09-05 19:18:59,2023-09-05 19:18:59,
8429,1,8429,2023-05-08 19:18:59,2023-10-26 19:18:59,2023-09-05 19:18:59,2023-09-05 19:18:59,
8430,3,8430,2023-06-27 19:18:59,2024-06-14 19:18:59,2023-09-05 19:18:59,2023-09-05 19:18:59,
8431,3,8431,2023-01-15 19:18:59,2024-05-02 19:18:59,2023-09-05 19:18:59,2023-09-05 19:18:59,
8432,2,8432,2023-08-31 19:18:59,2024-01-18 19:18:59,2023-09-05 19:18:59,2023-09-05 19:18:59,
8433,1,8433,2023-08-03 19:18:59,2024-01-07 19:18:59,2023-09-05 19:18:59,2023-09-05 19:18:59,
8434,1,8434,2023-07-24 19:18:59,2024-01-29 19:18:59,2023-09-05 19:18:59,2023-09-05 19:18:59,
8435,2,8435,2023-07-29 19:18:59,2023-12-11 19:18:59,2023-09-05 19:18:59,2023-09-05 19:18:59,
8436,2,8436,2023-06-10 19:18:59,2024-06-16 19:18:59,2023-09-05 19:18:59,2023-09-05 19:18:59,
8437,1,8437,2022-10-27 19:18:59,2023-12-22 19:18:59,2023-09-05 19:18:59,2023-09-05 19:18:59,
8438,2,8438,2023-03-19 19:18:59,2023-11-20 19:18:59,2023-09-05 19:18:59,2023-09-05 19:18:59,
8439,3,8439,2023-07-24 19:18:59,2024-06-13 19:18:59,2023-09-05 19:18:59,2023-09-05 19:18:59,
8440,1,8440,2023-02-12 19:18:59,2024-07-20 19:18:59,2023-09-05 19:18:59,2023-09-05 19:18:59,
8441,2,8441,2023-07-16 19:18:59,2023-10-17 19:18:59,2023-09-05 19:18:59,2023-09-05 19:18:59,
8442,2,8442,2023-08-07 19:18:59,2024-08-16 19:18:59,2023-09-05 19:18:59,2023-09-05 19:18:59,
8443,3,8443,2023-06-28 19:18:59,2024-04-09 19:18:59,2023-09-05 19:18:59,2023-09-05 19:18:59,
8444,3,8444,2023-08-21 19:18:59,2024-02-25 19:18:59,2023-09-05 19:18:59,2023-09-05 19:18:59,
8445,2,8445,2023-06-24 19:18:59,2024-07-07 19:18:59,2023-09-05 19:18:59,2023-09-05 19:18:59,
8446,3,8446,2023-05-19 19:18:59,2024-05-13 19:18:59,2023-09-05 19:18:59,2023-09-05 19:18:59,
8447,3,8447,2023-08-08 19:18:59,2024-05-03 19:18:59,2023-09-05 19:18:59,2023-09-05 19:18:59,
8448,1,8448,2023-01-18 19:18:59,2024-03-15 19:18:59,2023-09-05 19:18:59,2023-09-05 19:18:59,
8449,3,8449,2022-12-10 19:18:59,2023-11-27 19:18:59,2023-09-05 19:18:59,2023-09-05 19:18:59,
8450,3,8450,2023-01-08 19:18:59,2024-09-03 19:18:59,2023-09-05 19:18:59,2023-09-05 19:18:59,
8451,2,8451,2022-11-08 19:18:59,2024-03-07 19:18:59,2023-09-05 19:18:59,2023-09-05 19:18:59,
8452,3,8452,2022-12-02 19:18:59,2024-03-09 19:18:59,2023-09-05 19:18:59,2023-09-05 19:18:59,
8453,3,8453,2023-01-07 19:18:59,2024-01-22 19:18:59,2023-09-05 19:18:59,2023-09-05 19:18:59,
8454,1,8454,2022-10-11 19:18:59,2024-04-23 19:18:59,2023-09-05 19:18:59,2023-09-05 19:18:59,
8455,2,8455,2022-10-31 19:18:59,2024-02-01 19:18:59,2023-09-05 19:18:59,2023-09-05 19:18:59,
8456,1,8456,2023-08-12 19:18:59,2024-04-17 19:18:59,2023-09-05 19:18:59,2023-09-05 19:18:59,
8457,1,8457,2022-11-25 19:18:59,2024-07-29 19:18:59,2023-09-05 19:18:59,2023-09-05 19:18:59,
8458,1,8458,2022-09-10 19:18:59,2024-01-26 19:18:59,2023-09-05 19:18:59,2023-09-05 19:18:59,
8459,3,8459,2023-03-16 19:18:59,2024-08-31 19:18:59,2023-09-05 19:18:59,2023-09-05 19:18:59,
8460,2,8460,2023-03-23 19:18:59,2024-04-12 19:18:59,2023-09-05 19:18:59,2023-09-05 19:18:59,
8461,3,8461,2023-07-12 19:18:59,2023-12-15 19:18:59,2023-09-05 19:18:59,2023-09-05 19:18:59,
8462,3,8462,2023-09-05 19:18:59,2024-04-16 19:18:59,2023-09-05 19:18:59,2023-09-05 19:18:59,
8463,2,8463,2023-07-08 19:18:59,2024-06-19 19:18:59,2023-09-05 19:18:59,2023-09-05 19:18:59,
8464,3,8464,2023-01-11 19:18:59,2023-11-05 19:18:59,2023-09-05 19:18:59,2023-09-05 19:18:59,
8465,1,8465,2023-06-23 19:18:59,2024-05-14 19:18:59,2023-09-05 19:18:59,2023-09-05 19:18:59,
8466,2,8466,2022-10-06 19:18:59,2023-11-13 19:18:59,2023-09-05 19:18:59,2023-09-05 19:18:59,
8467,1,8467,2023-08-19 19:18:59,2024-05-19 19:18:59,2023-09-05 19:18:59,2023-09-05 19:18:59,
8468,3,8468,2023-04-29 19:18:59,2024-08-15 19:18:59,2023-09-05 19:18:59,2023-09-05 19:18:59,
8469,3,8469,2023-01-09 19:18:59,2023-10-25 19:18:59,2023-09-05 19:18:59,2023-09-05 19:18:59,
8470,3,8470,2023-03-08 19:18:59,2024-06-09 19:18:59,2023-09-05 19:18:59,2023-09-05 19:18:59,
8471,1,8471,2022-12-06 19:18:59,2024-06-07 19:18:59,2023-09-05 19:18:59,2023-09-05 19:18:59,
8472,1,8472,2022-09-20 19:18:59,2023-11-08 19:18:59,2023-09-05 19:18:59,2023-09-05 19:18:59,
8473,1,8473,2022-11-26 19:18:59,2024-02-04 19:18:59,2023-09-05 19:18:59,2023-09-05 19:18:59,
8474,3,8474,2022-11-27 19:18:59,2024-06-17 19:18:59,2023-09-05 19:18:59,2023-09-05 19:18:59,
8475,1,8475,2023-01-26 19:18:59,2023-11-06 19:18:59,2023-09-05 19:18:59,2023-09-05 19:18:59,
8476,3,8476,2023-04-13 19:18:59,2024-07-01 19:18:59,2023-09-05 19:18:59,2023-09-05 19:18:59,
8477,1,8477,2023-05-23 19:18:59,2023-11-28 19:18:59,2023-09-05 19:18:59,2023-09-05 19:18:59,
8478,2,8478,2022-12-24 19:18:59,2024-01-11 19:18:59,2023-09-05 19:18:59,2023-09-05 19:18:59,
8479,1,8479,2023-05-21 19:18:59,2024-04-30 19:18:59,2023-09-05 19:18:59,2023-09-05 19:18:59,
8480,3,8480,2023-06-04 19:18:59,2024-02-07 19:18:59,2023-09-05 19:18:59,2023-09-05 19:18:59,
8481,1,8481,2023-01-10 19:18:59,2024-05-14 19:18:59,2023-09-05 19:18:59,2023-09-05 19:18:59,
8482,3,8482,2023-08-16 19:18:59,2023-12-29 19:18:59,2023-09-05 19:18:59,2023-09-05 19:18:59,
8483,3,8483,2022-11-11 19:18:59,2023-12-16 19:18:59,2023-09-05 19:18:59,2023-09-05 19:18:59,
8484,3,8484,2022-10-02 19:18:59,2023-11-09 19:18:59,2023-09-05 19:18:59,2023-09-05 19:18:59,
8485,1,8485,2023-04-15 19:18:59,2024-08-15 19:18:59,2023-09-05 19:18:59,2023-09-05 19:18:59,
8486,2,8486,2023-04-01 19:18:59,2023-10-10 19:18:59,2023-09-05 19:18:59,2023-09-05 19:18:59,
8487,3,8487,2023-04-02 19:18:59,2023-10-06 19:18:59,2023-09-05 19:18:59,2023-09-05 19:18:59,
8488,2,8488,2023-06-29 19:18:59,2023-10-19 19:18:59,2023-09-05 19:18:59,2023-09-05 19:18:59,
8489,1,8489,2022-12-14 19:18:59,2023-11-26 19:18:59,2023-09-05 19:18:59,2023-09-05 19:18:59,
8490,1,8490,2022-09-14 19:18:59,2024-09-02 19:18:59,2023-09-05 19:18:59,2023-09-05 19:18:59,
8491,2,8491,2023-08-29 19:18:59,2024-06-12 19:18:59,2023-09-05 19:18:59,2023-09-05 19:18:59,
8492,2,8492,2023-01-03 19:18:59,2024-02-12 19:18:59,2023-09-05 19:18:59,2023-09-05 19:18:59,
8493,1,8493,2023-07-26 19:18:59,2024-05-27 19:18:59,2023-09-05 19:18:59,2023-09-05 19:18:59,
8494,3,8494,2022-10-01 19:18:59,2023-12-31 19:18:59,2023-09-05 19:18:59,2023-09-05 19:18:59,
8495,3,8495,2023-01-27 19:18:59,2023-10-31 19:18:59,2023-09-05 19:18:59,2023-09-05 19:18:59,
8496,1,8496,2022-12-17 19:18:59,2024-01-09 19:18:59,2023-09-05 19:18:59,2023-09-05 19:18:59,
8497,1,8497,2023-06-04 19:18:59,2024-03-24 19:18:59,2023-09-05 19:18:59,2023-09-05 19:18:59,
8498,1,8498,2022-12-07 19:18:59,2023-11-30 19:18:59,2023-09-05 19:18:59,2023-09-05 19:18:59,
8499,3,8499,2023-03-16 19:18:59,2024-07-13 19:18:59,2023-09-05 19:18:59,2023-09-05 19:18:59,
8500,3,8500,2023-08-03 19:18:59,2024-05-27 19:18:59,2023-09-05 19:18:59,2023-09-05 19:18:59,
8501,3,8501,2023-02-18 19:18:59,2024-01-07 19:18:59,2023-09-05 19:18:59,2023-09-05 19:18:59,
8502,2,8502,2023-02-24 19:18:59,2024-01-12 19:18:59,2023-09-05 19:18:59,2023-09-05 19:18:59,
8503,3,8503,2023-07-28 19:18:59,2024-08-20 19:18:59,2023-09-05 19:18:59,2023-09-05 19:18:59,
8504,2,8504,2023-02-17 19:18:59,2023-12-10 19:18:59,2023-09-05 19:18:59,2023-09-05 19:18:59,
8505,2,8505,2023-03-16 19:18:59,2024-02-23 19:18:59,2023-09-05 19:18:59,2023-09-05 19:18:59,
8506,3,8506,2022-11-16 19:18:59,2023-12-30 19:18:59,2023-09-05 19:18:59,2023-09-05 19:18:59,
8507,3,8507,2022-11-01 19:18:59,2024-08-20 19:18:59,2023-09-05 19:18:59,2023-09-05 19:18:59,
8508,3,8508,2022-09-21 19:18:59,2024-07-28 19:18:59,2023-09-05 19:18:59,2023-09-05 19:18:59,
8509,1,8509,2023-07-27 19:18:59,2024-08-19 19:18:59,2023-09-05 19:18:59,2023-09-05 19:18:59,
8510,1,8510,2023-08-26 19:18:59,2024-05-17 19:18:59,2023-09-05 19:18:59,2023-09-05 19:18:59,
8511,1,8511,2022-10-19 19:18:59,2024-05-10 19:18:59,2023-09-05 19:18:59,2023-09-05 19:18:59,
8512,2,8512,2023-02-17 19:18:59,2024-02-26 19:18:59,2023-09-05 19:18:59,2023-09-05 19:18:59,
8513,1,8513,2022-12-30 19:18:59,2024-01-03 19:18:59,2023-09-05 19:18:59,2023-09-05 19:18:59,
8514,1,8514,2023-05-14 19:18:59,2023-10-27 19:18:59,2023-09-05 19:18:59,2023-09-05 19:18:59,
8515,1,8515,2022-09-29 19:18:59,2023-11-14 19:18:59,2023-09-05 19:18:59,2023-09-05 19:18:59,
8516,1,8516,2023-06-02 19:18:59,2023-11-22 19:18:59,2023-09-05 19:18:59,2023-09-05 19:18:59,
8517,3,8517,2023-08-17 19:18:59,2024-05-29 19:18:59,2023-09-05 19:18:59,2023-09-05 19:18:59,
8518,1,8518,2023-08-18 19:18:59,2023-11-09 19:18:59,2023-09-05 19:18:59,2023-09-05 19:18:59,
8519,1,8519,2023-04-21 19:18:59,2024-08-15 19:18:59,2023-09-05 19:18:59,2023-09-05 19:18:59,
8520,3,8520,2022-10-13 19:18:59,2024-08-02 19:18:59,2023-09-05 19:18:59,2023-09-05 19:18:59,
8521,3,8521,2022-10-09 19:18:59,2024-04-03 19:18:59,2023-09-05 19:18:59,2023-09-05 19:18:59,
8522,2,8522,2022-12-21 19:18:59,2024-07-08 19:18:59,2023-09-05 19:18:59,2023-09-05 19:18:59,
8523,1,8523,2023-04-09 19:18:59,2023-12-22 19:18:59,2023-09-05 19:18:59,2023-09-05 19:18:59,
8524,3,8524,2023-04-01 19:18:59,2024-02-13 19:18:59,2023-09-05 19:18:59,2023-09-05 19:18:59,
8525,1,8525,2023-06-02 19:18:59,2023-12-18 19:18:59,2023-09-05 19:18:59,2023-09-05 19:18:59,
8526,1,8526,2023-05-15 19:18:59,2024-04-01 19:18:59,2023-09-05 19:18:59,2023-09-05 19:18:59,
8527,2,8527,2022-10-23 19:18:59,2024-07-08 19:18:59,2023-09-05 19:18:59,2023-09-05 19:18:59,
8528,1,8528,2022-09-22 19:18:59,2023-10-18 19:18:59,2023-09-05 19:18:59,2023-09-05 19:18:59,
8529,1,8529,2022-10-01 19:18:59,2024-01-13 19:18:59,2023-09-05 19:18:59,2023-09-05 19:18:59,
8530,2,8530,2022-11-17 19:18:59,2023-11-15 19:18:59,2023-09-05 19:18:59,2023-09-05 19:18:59,
8531,2,8531,2023-05-16 19:18:59,2023-11-17 19:18:59,2023-09-05 19:18:59,2023-09-05 19:18:59,
8532,2,8532,2023-02-23 19:18:59,2024-02-19 19:18:59,2023-09-05 19:18:59,2023-09-05 19:18:59,
8533,3,8533,2022-11-09 19:18:59,2024-02-05 19:18:59,2023-09-05 19:18:59,2023-09-05 19:18:59,
8534,2,8534,2022-11-12 19:18:59,2023-11-02 19:18:59,2023-09-05 19:18:59,2023-09-05 19:18:59,
8535,2,8535,2023-05-15 19:18:59,2023-11-28 19:18:59,2023-09-05 19:18:59,2023-09-05 19:18:59,
8536,1,8536,2023-03-09 19:18:59,2023-10-05 19:18:59,2023-09-05 19:18:59,2023-09-05 19:18:59,
8537,2,8537,2022-12-10 19:18:59,2024-02-01 19:18:59,2023-09-05 19:18:59,2023-09-05 19:18:59,
8538,3,8538,2023-03-07 19:18:59,2023-11-18 19:18:59,2023-09-05 19:18:59,2023-09-05 19:18:59,
8539,3,8539,2023-01-07 19:18:59,2024-05-25 19:18:59,2023-09-05 19:18:59,2023-09-05 19:18:59,
8540,3,8540,2023-03-08 19:18:59,2024-03-15 19:18:59,2023-09-05 19:18:59,2023-09-05 19:18:59,
8541,1,8541,2023-06-11 19:18:59,2024-05-29 19:18:59,2023-09-05 19:18:59,2023-09-05 19:18:59,
8542,1,8542,2023-02-27 19:18:59,2024-03-12 19:18:59,2023-09-05 19:18:59,2023-09-05 19:18:59,
8543,2,8543,2022-10-06 19:18:59,2023-10-14 19:18:59,2023-09-05 19:18:59,2023-09-05 19:18:59,
8544,3,8544,2023-08-19 19:18:59,2023-12-22 19:18:59,2023-09-05 19:18:59,2023-09-05 19:18:59,
8545,2,8545,2022-12-30 19:18:59,2024-01-25 19:18:59,2023-09-05 19:18:59,2023-09-05 19:18:59,
8546,1,8546,2023-04-08 19:18:59,2024-08-27 19:18:59,2023-09-05 19:18:59,2023-09-05 19:18:59,
8547,3,8547,2023-02-10 19:18:59,2024-05-10 19:18:59,2023-09-05 19:18:59,2023-09-05 19:18:59,
8548,3,8548,2023-02-14 19:18:59,2024-01-03 19:18:59,2023-09-05 19:18:59,2023-09-05 19:18:59,
8549,1,8549,2023-07-08 19:18:59,2023-11-05 19:18:59,2023-09-05 19:18:59,2023-09-05 19:18:59,
8550,1,8550,2022-10-21 19:18:59,2023-11-11 19:18:59,2023-09-05 19:18:59,2023-09-05 19:18:59,
8551,3,8551,2022-11-24 19:18:59,2024-08-19 19:18:59,2023-09-05 19:18:59,2023-09-05 19:18:59,
8552,3,8552,2022-09-09 19:18:59,2024-04-10 19:18:59,2023-09-05 19:18:59,2023-09-05 19:18:59,
8553,3,8553,2023-04-20 19:18:59,2023-12-21 19:18:59,2023-09-05 19:18:59,2023-09-05 19:18:59,
8554,2,8554,2023-02-25 19:18:59,2024-01-09 19:18:59,2023-09-05 19:18:59,2023-09-05 19:18:59,
8555,2,8555,2023-04-25 19:18:59,2024-06-26 19:18:59,2023-09-05 19:18:59,2023-09-05 19:18:59,
8556,1,8556,2023-03-15 19:18:59,2024-01-23 19:18:59,2023-09-05 19:18:59,2023-09-05 19:18:59,
8557,3,8557,2022-10-14 19:18:59,2024-08-10 19:18:59,2023-09-05 19:18:59,2023-09-05 19:18:59,
8558,2,8558,2023-03-17 19:18:59,2024-05-15 19:18:59,2023-09-05 19:18:59,2023-09-05 19:18:59,
8559,3,8559,2023-04-18 19:18:59,2023-10-08 19:18:59,2023-09-05 19:18:59,2023-09-05 19:18:59,
8560,3,8560,2023-06-22 19:18:59,2024-05-14 19:18:59,2023-09-05 19:18:59,2023-09-05 19:18:59,
8561,1,8561,2023-08-25 19:18:59,2024-03-06 19:18:59,2023-09-05 19:18:59,2023-09-05 19:18:59,
8562,1,8562,2023-05-14 19:18:59,2024-07-22 19:18:59,2023-09-05 19:18:59,2023-09-05 19:18:59,
8563,1,8563,2023-03-21 19:18:59,2024-03-16 19:18:59,2023-09-05 19:18:59,2023-09-05 19:18:59,
8564,1,8564,2023-03-24 19:18:59,2023-10-09 19:18:59,2023-09-05 19:18:59,2023-09-05 19:18:59,
8565,3,8565,2023-05-22 19:18:59,2024-05-17 19:18:59,2023-09-05 19:18:59,2023-09-05 19:18:59,
8566,1,8566,2023-08-12 19:18:59,2023-11-15 19:18:59,2023-09-05 19:18:59,2023-09-05 19:18:59,
8567,1,8567,2022-12-14 19:18:59,2024-03-15 19:18:59,2023-09-05 19:18:59,2023-09-05 19:18:59,
8568,1,8568,2022-10-19 19:18:59,2023-10-29 19:18:59,2023-09-05 19:18:59,2023-09-05 19:18:59,
8569,1,8569,2022-10-01 19:18:59,2023-10-13 19:18:59,2023-09-05 19:18:59,2023-09-05 19:18:59,
8570,1,8570,2023-02-05 19:18:59,2023-12-07 19:18:59,2023-09-05 19:18:59,2023-09-05 19:18:59,
8571,2,8571,2023-03-10 19:18:59,2024-08-13 19:18:59,2023-09-05 19:18:59,2023-09-05 19:18:59,
8572,2,8572,2022-12-03 19:18:59,2023-12-10 19:18:59,2023-09-05 19:18:59,2023-09-05 19:18:59,
8573,3,8573,2022-12-13 19:18:59,2024-05-07 19:18:59,2023-09-05 19:18:59,2023-09-05 19:18:59,
8574,2,8574,2023-02-16 19:18:59,2023-12-27 19:18:59,2023-09-05 19:18:59,2023-09-05 19:18:59,
8575,1,8575,2022-12-10 19:18:59,2023-11-01 19:18:59,2023-09-05 19:18:59,2023-09-05 19:18:59,
8576,3,8576,2023-02-15 19:18:59,2024-06-28 19:18:59,2023-09-05 19:18:59,2023-09-05 19:18:59,
8577,2,8577,2022-10-15 19:18:59,2024-06-20 19:18:59,2023-09-05 19:18:59,2023-09-05 19:18:59,
8578,1,8578,2023-06-07 19:18:59,2024-08-12 19:18:59,2023-09-05 19:18:59,2023-09-05 19:18:59,
8579,2,8579,2023-07-14 19:18:59,2023-12-24 19:18:59,2023-09-05 19:18:59,2023-09-05 19:18:59,
8580,2,8580,2023-01-07 19:18:59,2024-07-07 19:18:59,2023-09-05 19:18:59,2023-09-05 19:18:59,
8581,3,8581,2022-11-28 19:18:59,2023-12-26 19:18:59,2023-09-05 19:18:59,2023-09-05 19:18:59,
8582,1,8582,2022-09-30 19:18:59,2024-02-09 19:18:59,2023-09-05 19:18:59,2023-09-05 19:18:59,
8583,3,8583,2023-05-26 19:18:59,2024-06-01 19:18:59,2023-09-05 19:18:59,2023-09-05 19:18:59,
8584,3,8584,2023-08-11 19:18:59,2024-04-10 19:18:59,2023-09-05 19:18:59,2023-09-05 19:18:59,
8585,1,8585,2023-02-11 19:18:59,2024-05-27 19:18:59,2023-09-05 19:18:59,2023-09-05 19:18:59,
8586,2,8586,2022-09-09 19:18:59,2024-06-17 19:18:59,2023-09-05 19:18:59,2023-09-05 19:18:59,
8587,3,8587,2022-12-17 19:18:59,2023-11-19 19:18:59,2023-09-05 19:18:59,2023-09-05 19:18:59,
8588,2,8588,2022-10-03 19:18:59,2024-05-02 19:18:59,2023-09-05 19:18:59,2023-09-05 19:18:59,
8589,3,8589,2022-09-30 19:18:59,2024-06-30 19:18:59,2023-09-05 19:18:59,2023-09-05 19:18:59,
8590,3,8590,2023-05-10 19:18:59,2024-06-14 19:18:59,2023-09-05 19:18:59,2023-09-05 19:18:59,
8591,3,8591,2022-10-29 19:18:59,2024-04-29 19:18:59,2023-09-05 19:18:59,2023-09-05 19:18:59,
8592,1,8592,2022-10-13 19:18:59,2024-03-27 19:18:59,2023-09-05 19:18:59,2023-09-05 19:18:59,
8593,2,8593,2023-01-08 19:18:59,2024-02-27 19:18:59,2023-09-05 19:18:59,2023-09-05 19:18:59,
8594,2,8594,2022-12-21 19:18:59,2023-12-05 19:18:59,2023-09-05 19:18:59,2023-09-05 19:18:59,
8595,3,8595,2023-05-23 19:18:59,2024-06-08 19:18:59,2023-09-05 19:18:59,2023-09-05 19:18:59,
8596,2,8596,2023-02-11 19:18:59,2024-06-18 19:18:59,2023-09-05 19:18:59,2023-09-05 19:18:59,
8597,1,8597,2022-11-24 19:18:59,2023-10-24 19:18:59,2023-09-05 19:18:59,2023-09-05 19:18:59,
8598,1,8598,2023-05-12 19:18:59,2024-02-17 19:18:59,2023-09-05 19:18:59,2023-09-05 19:18:59,
8599,3,8599,2023-03-30 19:18:59,2024-01-06 19:18:59,2023-09-05 19:18:59,2023-09-05 19:18:59,
8600,1,8600,2023-05-25 19:18:59,2024-04-08 19:18:59,2023-09-05 19:18:59,2023-09-05 19:18:59,
8601,1,8601,2023-02-19 19:18:59,2023-12-27 19:18:59,2023-09-05 19:18:59,2023-09-05 19:18:59,
8602,2,8602,2023-02-08 19:18:59,2024-07-29 19:18:59,2023-09-05 19:18:59,2023-09-05 19:18:59,
8603,3,8603,2022-11-02 19:18:59,2024-04-30 19:18:59,2023-09-05 19:18:59,2023-09-05 19:18:59,
8604,1,8604,2023-03-27 19:18:59,2023-11-27 19:18:59,2023-09-05 19:18:59,2023-09-05 19:18:59,
8605,1,8605,2023-06-10 19:18:59,2024-03-13 19:18:59,2023-09-05 19:18:59,2023-09-05 19:18:59,
8606,2,8606,2022-12-14 19:18:59,2023-12-26 19:18:59,2023-09-05 19:18:59,2023-09-05 19:18:59,
8607,1,8607,2023-03-25 19:18:59,2024-04-19 19:18:59,2023-09-05 19:18:59,2023-09-05 19:18:59,
8608,1,8608,2022-10-17 19:18:59,2023-12-15 19:18:59,2023-09-05 19:18:59,2023-09-05 19:18:59,
8609,3,8609,2023-09-01 19:18:59,2024-06-23 19:18:59,2023-09-05 19:18:59,2023-09-05 19:18:59,
8610,3,8610,2023-08-01 19:18:59,2024-05-18 19:18:59,2023-09-05 19:18:59,2023-09-05 19:18:59,
8611,3,8611,2022-10-11 19:18:59,2024-04-16 19:18:59,2023-09-05 19:18:59,2023-09-05 19:18:59,
8612,1,8612,2023-03-18 19:18:59,2024-04-23 19:18:59,2023-09-05 19:18:59,2023-09-05 19:18:59,
8613,2,8613,2022-12-14 19:18:59,2024-04-02 19:18:59,2023-09-05 19:18:59,2023-09-05 19:18:59,
8614,2,8614,2023-08-05 19:18:59,2024-03-19 19:18:59,2023-09-05 19:18:59,2023-09-05 19:18:59,
8615,1,8615,2023-03-23 19:18:59,2024-03-04 19:18:59,2023-09-05 19:18:59,2023-09-05 19:18:59,
8616,1,8616,2022-12-04 19:18:59,2023-11-12 19:18:59,2023-09-05 19:18:59,2023-09-05 19:18:59,
8617,2,8617,2022-09-20 19:18:59,2024-06-20 19:18:59,2023-09-05 19:18:59,2023-09-05 19:18:59,
8618,3,8618,2023-01-19 19:18:59,2023-12-31 19:18:59,2023-09-05 19:18:59,2023-09-05 19:18:59,
8619,1,8619,2023-07-01 19:18:59,2024-06-17 19:18:59,2023-09-05 19:18:59,2023-09-05 19:18:59,
8620,1,8620,2022-10-02 19:18:59,2024-03-12 19:18:59,2023-09-05 19:18:59,2023-09-05 19:18:59,
8621,1,8621,2023-02-01 19:18:59,2024-08-27 19:18:59,2023-09-05 19:18:59,2023-09-05 19:18:59,
8622,3,8622,2022-12-04 19:18:59,2024-04-03 19:18:59,2023-09-05 19:18:59,2023-09-05 19:18:59,
8623,2,8623,2023-01-18 19:18:59,2024-08-19 19:18:59,2023-09-05 19:18:59,2023-09-05 19:18:59,
8624,2,8624,2023-03-14 19:18:59,2024-02-12 19:18:59,2023-09-05 19:18:59,2023-09-05 19:18:59,
8625,1,8625,2023-09-05 19:18:59,2024-06-04 19:18:59,2023-09-05 19:18:59,2023-09-05 19:18:59,
8626,3,8626,2023-05-21 19:18:59,2023-11-30 19:18:59,2023-09-05 19:18:59,2023-09-05 19:18:59,
8627,3,8627,2023-06-01 19:18:59,2024-07-05 19:18:59,2023-09-05 19:18:59,2023-09-05 19:18:59,
8628,3,8628,2022-09-15 19:18:59,2024-02-21 19:18:59,2023-09-05 19:18:59,2023-09-05 19:18:59,
8629,3,8629,2022-10-06 19:18:59,2024-04-13 19:18:59,2023-09-05 19:18:59,2023-09-05 19:18:59,
8630,2,8630,2023-07-21 19:18:59,2023-11-07 19:18:59,2023-09-05 19:18:59,2023-09-05 19:18:59,
8631,3,8631,2023-07-08 19:18:59,2024-05-27 19:18:59,2023-09-05 19:18:59,2023-09-05 19:18:59,
8632,2,8632,2023-04-11 19:18:59,2024-04-17 19:18:59,2023-09-05 19:18:59,2023-09-05 19:18:59,
8633,2,8633,2023-03-18 19:18:59,2024-07-22 19:18:59,2023-09-05 19:18:59,2023-09-05 19:18:59,
8634,3,8634,2023-03-10 19:18:59,2023-12-07 19:18:59,2023-09-05 19:18:59,2023-09-05 19:18:59,
8635,3,8635,2023-03-06 19:18:59,2024-05-03 19:18:59,2023-09-05 19:18:59,2023-09-05 19:18:59,
8636,3,8636,2023-04-06 19:18:59,2023-10-31 19:18:59,2023-09-05 19:18:59,2023-09-05 19:18:59,
8637,2,8637,2022-10-11 19:18:59,2023-12-27 19:18:59,2023-09-05 19:18:59,2023-09-05 19:18:59,
8638,1,8638,2022-09-13 19:18:59,2024-07-05 19:18:59,2023-09-05 19:18:59,2023-09-05 19:18:59,
8639,1,8639,2022-09-23 19:18:59,2024-01-01 19:18:59,2023-09-05 19:18:59,2023-09-05 19:18:59,
8640,3,8640,2022-11-12 19:18:59,2023-10-06 19:18:59,2023-09-05 19:18:59,2023-09-05 19:18:59,
8641,3,8641,2023-05-12 19:18:59,2023-11-12 19:18:59,2023-09-05 19:18:59,2023-09-05 19:18:59,
8642,3,8642,2022-12-22 19:18:59,2024-07-02 19:18:59,2023-09-05 19:18:59,2023-09-05 19:18:59,
8643,2,8643,2023-04-12 19:18:59,2024-01-21 19:18:59,2023-09-05 19:18:59,2023-09-05 19:18:59,
8644,2,8644,2023-02-07 19:18:59,2024-04-22 19:18:59,2023-09-05 19:18:59,2023-09-05 19:18:59,
8645,3,8645,2023-06-15 19:18:59,2024-05-01 19:18:59,2023-09-05 19:18:59,2023-09-05 19:18:59,
8646,3,8646,2023-05-22 19:18:59,2023-10-22 19:18:59,2023-09-05 19:18:59,2023-09-05 19:18:59,
8647,2,8647,2023-01-16 19:18:59,2024-01-21 19:18:59,2023-09-05 19:18:59,2023-09-05 19:18:59,
8648,3,8648,2023-08-29 19:18:59,2024-04-05 19:18:59,2023-09-05 19:18:59,2023-09-05 19:18:59,
8649,2,8649,2023-03-21 19:18:59,2024-05-29 19:18:59,2023-09-05 19:18:59,2023-09-05 19:18:59,
8650,2,8650,2022-12-09 19:18:59,2023-10-23 19:18:59,2023-09-05 19:18:59,2023-09-05 19:18:59,
8651,1,8651,2023-01-08 19:18:59,2024-06-11 19:18:59,2023-09-05 19:18:59,2023-09-05 19:18:59,
8652,1,8652,2023-02-03 19:18:59,2024-05-12 19:18:59,2023-09-05 19:18:59,2023-09-05 19:18:59,
8653,3,8653,2022-11-05 19:18:59,2024-05-10 19:18:59,2023-09-05 19:18:59,2023-09-05 19:18:59,
8654,3,8654,2023-05-24 19:18:59,2024-04-20 19:18:59,2023-09-05 19:18:59,2023-09-05 19:18:59,
8655,2,8655,2022-11-01 19:18:59,2024-01-09 19:18:59,2023-09-05 19:18:59,2023-09-05 19:18:59,
8656,1,8656,2022-11-29 19:18:59,2023-12-17 19:18:59,2023-09-05 19:18:59,2023-09-05 19:18:59,
8657,1,8657,2023-04-17 19:18:59,2023-10-11 19:18:59,2023-09-05 19:18:59,2023-09-05 19:18:59,
8658,2,8658,2023-06-10 19:18:59,2024-03-16 19:18:59,2023-09-05 19:18:59,2023-09-05 19:18:59,
8659,2,8659,2023-06-21 19:18:59,2024-08-28 19:18:59,2023-09-05 19:18:59,2023-09-05 19:18:59,
8660,3,8660,2023-04-02 19:18:59,2024-07-28 19:18:59,2023-09-05 19:18:59,2023-09-05 19:18:59,
8661,1,8661,2023-04-27 19:18:59,2024-06-06 19:18:59,2023-09-05 19:18:59,2023-09-05 19:18:59,
8662,1,8662,2023-05-17 19:18:59,2024-07-05 19:18:59,2023-09-05 19:18:59,2023-09-05 19:18:59,
8663,3,8663,2023-04-07 19:18:59,2024-06-12 19:18:59,2023-09-05 19:18:59,2023-09-05 19:18:59,
8664,3,8664,2023-01-08 19:18:59,2024-01-30 19:18:59,2023-09-05 19:18:59,2023-09-05 19:18:59,
8665,1,8665,2023-01-23 19:18:59,2024-02-08 19:18:59,2023-09-05 19:18:59,2023-09-05 19:18:59,
8666,2,8666,2023-04-21 19:18:59,2023-12-29 19:18:59,2023-09-05 19:18:59,2023-09-05 19:18:59,
8667,2,8667,2022-11-07 19:18:59,2024-02-17 19:18:59,2023-09-05 19:18:59,2023-09-05 19:18:59,
8668,1,8668,2022-10-14 19:18:59,2024-04-17 19:18:59,2023-09-05 19:18:59,2023-09-05 19:18:59,
8669,1,8669,2023-02-15 19:18:59,2023-11-22 19:18:59,2023-09-05 19:18:59,2023-09-05 19:18:59,
8670,1,8670,2023-01-27 19:18:59,2023-11-19 19:18:59,2023-09-05 19:18:59,2023-09-05 19:18:59,
8671,3,8671,2023-03-02 19:18:59,2024-07-13 19:18:59,2023-09-05 19:18:59,2023-09-05 19:18:59,
8672,1,8672,2022-09-13 19:18:59,2024-06-01 19:18:59,2023-09-05 19:18:59,2023-09-05 19:18:59,
8673,2,8673,2023-06-24 19:18:59,2024-06-09 19:18:59,2023-09-05 19:18:59,2023-09-05 19:18:59,
8674,1,8674,2022-11-25 19:18:59,2024-07-18 19:18:59,2023-09-05 19:18:59,2023-09-05 19:18:59,
8675,2,8675,2022-09-25 19:18:59,2023-12-06 19:18:59,2023-09-05 19:18:59,2023-09-05 19:18:59,
8676,1,8676,2023-01-30 19:18:59,2024-02-25 19:18:59,2023-09-05 19:18:59,2023-09-05 19:18:59,
8677,2,8677,2022-12-20 19:18:59,2024-01-05 19:18:59,2023-09-05 19:18:59,2023-09-05 19:18:59,
8678,3,8678,2022-10-29 19:18:59,2024-03-30 19:18:59,2023-09-05 19:18:59,2023-09-05 19:18:59,
8679,3,8679,2022-09-16 19:18:59,2024-07-10 19:18:59,2023-09-05 19:18:59,2023-09-05 19:18:59,
8680,2,8680,2023-07-14 19:18:59,2024-08-23 19:18:59,2023-09-05 19:18:59,2023-09-05 19:18:59,
8681,2,8681,2023-05-31 19:18:59,2024-03-24 19:18:59,2023-09-05 19:18:59,2023-09-05 19:18:59,
8682,2,8682,2023-04-25 19:18:59,2024-03-20 19:18:59,2023-09-05 19:18:59,2023-09-05 19:18:59,
8683,1,8683,2023-02-23 19:18:59,2024-05-17 19:18:59,2023-09-05 19:18:59,2023-09-05 19:18:59,
8684,3,8684,2023-08-22 19:18:59,2023-12-23 19:18:59,2023-09-05 19:18:59,2023-09-05 19:18:59,
8685,3,8685,2023-04-14 19:18:59,2024-04-26 19:18:59,2023-09-05 19:18:59,2023-09-05 19:18:59,
8686,1,8686,2022-12-12 19:18:59,2024-03-03 19:18:59,2023-09-05 19:18:59,2023-09-05 19:18:59,
8687,1,8687,2023-02-11 19:18:59,2024-04-10 19:18:59,2023-09-05 19:18:59,2023-09-05 19:18:59,
8688,1,8688,2023-05-31 19:18:59,2024-06-19 19:18:59,2023-09-05 19:18:59,2023-09-05 19:18:59,
8689,2,8689,2023-05-21 19:18:59,2024-04-17 19:18:59,2023-09-05 19:18:59,2023-09-05 19:18:59,
8690,3,8690,2023-06-14 19:18:59,2024-04-23 19:18:59,2023-09-05 19:18:59,2023-09-05 19:18:59,
8691,1,8691,2023-08-08 19:18:59,2024-06-20 19:18:59,2023-09-05 19:18:59,2023-09-05 19:18:59,
8692,1,8692,2023-04-25 19:18:59,2024-02-22 19:18:59,2023-09-05 19:18:59,2023-09-05 19:18:59,
8693,2,8693,2022-10-06 19:18:59,2024-02-13 19:18:59,2023-09-05 19:18:59,2023-09-05 19:18:59,
8694,1,8694,2022-12-01 19:18:59,2024-03-18 19:18:59,2023-09-05 19:18:59,2023-09-05 19:18:59,
8695,3,8695,2023-07-23 19:18:59,2024-09-02 19:18:59,2023-09-05 19:18:59,2023-09-05 19:18:59,
8696,2,8696,2023-01-21 19:18:59,2024-08-25 19:18:59,2023-09-05 19:18:59,2023-09-05 19:18:59,
8697,2,8697,2023-01-10 19:18:59,2023-11-26 19:18:59,2023-09-05 19:18:59,2023-09-05 19:18:59,
8698,3,8698,2023-08-09 19:18:59,2024-08-08 19:18:59,2023-09-05 19:18:59,2023-09-05 19:18:59,
8699,2,8699,2023-05-25 19:18:59,2024-05-27 19:18:59,2023-09-05 19:18:59,2023-09-05 19:18:59,
8700,2,8700,2023-03-09 19:18:59,2024-01-04 19:18:59,2023-09-05 19:18:59,2023-09-05 19:18:59,
8701,3,8701,2023-07-08 19:18:59,2024-08-22 19:18:59,2023-09-05 19:18:59,2023-09-05 19:18:59,
8702,3,8702,2022-11-23 19:18:59,2024-07-10 19:18:59,2023-09-05 19:18:59,2023-09-05 19:18:59,
8703,2,8703,2022-12-16 19:18:59,2024-03-05 19:18:59,2023-09-05 19:18:59,2023-09-05 19:18:59,
8704,1,8704,2022-11-23 19:18:59,2024-05-01 19:18:59,2023-09-05 19:18:59,2023-09-05 19:18:59,
8705,1,8705,2023-08-23 19:18:59,2024-08-02 19:18:59,2023-09-05 19:18:59,2023-09-05 19:18:59,
8706,2,8706,2022-11-04 19:18:59,2024-04-25 19:18:59,2023-09-05 19:18:59,2023-09-05 19:18:59,
8707,1,8707,2022-09-21 19:18:59,2023-12-29 19:18:59,2023-09-05 19:18:59,2023-09-05 19:18:59,
8708,2,8708,2023-05-06 19:18:59,2023-11-07 19:18:59,2023-09-05 19:18:59,2023-09-05 19:18:59,
8709,2,8709,2023-07-23 19:18:59,2024-05-14 19:18:59,2023-09-05 19:18:59,2023-09-05 19:18:59,
8710,3,8710,2022-12-18 19:18:59,2023-12-22 19:18:59,2023-09-05 19:18:59,2023-09-05 19:18:59,
8711,1,8711,2023-04-21 19:18:59,2024-05-24 19:18:59,2023-09-05 19:18:59,2023-09-05 19:18:59,
8712,2,8712,2023-05-21 19:18:59,2024-01-10 19:18:59,2023-09-05 19:18:59,2023-09-05 19:18:59,
8713,3,8713,2023-08-23 19:18:59,2024-06-02 19:18:59,2023-09-05 19:18:59,2023-09-05 19:18:59,
8714,3,8714,2023-06-15 19:18:59,2024-04-04 19:18:59,2023-09-05 19:18:59,2023-09-05 19:18:59,
8715,2,8715,2022-09-19 19:18:59,2024-02-27 19:18:59,2023-09-05 19:18:59,2023-09-05 19:18:59,
8716,2,8716,2023-09-05 19:18:59,2024-03-11 19:18:59,2023-09-05 19:18:59,2023-09-05 19:18:59,
8717,1,8717,2023-01-14 19:18:59,2024-01-12 19:18:59,2023-09-05 19:18:59,2023-09-05 19:18:59,
8718,3,8718,2022-09-22 19:18:59,2024-01-29 19:18:59,2023-09-05 19:18:59,2023-09-05 19:18:59,
8719,1,8719,2023-07-01 19:18:59,2024-04-30 19:18:59,2023-09-05 19:18:59,2023-09-05 19:18:59,
8720,1,8720,2022-10-11 19:18:59,2024-09-01 19:18:59,2023-09-05 19:18:59,2023-09-05 19:18:59,
8721,2,8721,2022-11-09 19:18:59,2024-03-30 19:18:59,2023-09-05 19:18:59,2023-09-05 19:18:59,
8722,3,8722,2023-05-30 19:18:59,2023-10-07 19:18:59,2023-09-05 19:18:59,2023-09-05 19:18:59,
8723,1,8723,2022-12-18 19:18:59,2024-06-15 19:18:59,2023-09-05 19:18:59,2023-09-05 19:18:59,
8724,2,8724,2022-10-29 19:18:59,2024-08-28 19:18:59,2023-09-05 19:18:59,2023-09-05 19:18:59,
8725,2,8725,2023-06-17 19:18:59,2023-11-27 19:18:59,2023-09-05 19:18:59,2023-09-05 19:18:59,
8726,2,8726,2023-02-18 19:18:59,2023-12-30 19:18:59,2023-09-05 19:18:59,2023-09-05 19:18:59,
8727,2,8727,2022-09-21 19:18:59,2023-11-23 19:18:59,2023-09-05 19:18:59,2023-09-05 19:18:59,
8728,2,8728,2022-09-28 19:18:59,2024-03-04 19:18:59,2023-09-05 19:18:59,2023-09-05 19:18:59,
8729,3,8729,2023-05-17 19:18:59,2024-04-08 19:18:59,2023-09-05 19:18:59,2023-09-05 19:18:59,
8730,3,8730,2023-02-11 19:18:59,2023-11-01 19:18:59,2023-09-05 19:18:59,2023-09-05 19:18:59,
8731,3,8731,2022-11-08 19:18:59,2024-08-28 19:18:59,2023-09-05 19:18:59,2023-09-05 19:18:59,
8732,3,8732,2022-12-17 19:18:59,2024-03-04 19:18:59,2023-09-05 19:18:59,2023-09-05 19:18:59,
8733,1,8733,2023-04-09 19:18:59,2024-08-28 19:18:59,2023-09-05 19:18:59,2023-09-05 19:18:59,
8734,3,8734,2022-11-20 19:18:59,2024-08-24 19:18:59,2023-09-05 19:18:59,2023-09-05 19:18:59,
8735,3,8735,2022-09-07 19:18:59,2023-12-14 19:18:59,2023-09-05 19:18:59,2023-09-05 19:18:59,
8736,2,8736,2022-10-22 19:18:59,2023-11-26 19:18:59,2023-09-05 19:18:59,2023-09-05 19:18:59,
8737,2,8737,2022-12-28 19:18:59,2024-04-08 19:18:59,2023-09-05 19:18:59,2023-09-05 19:18:59,
8738,1,8738,2023-02-26 19:18:59,2024-08-14 19:18:59,2023-09-05 19:18:59,2023-09-05 19:18:59,
8739,2,8739,2023-04-09 19:18:59,2024-01-31 19:18:59,2023-09-05 19:18:59,2023-09-05 19:18:59,
8740,3,8740,2023-07-18 19:18:59,2023-11-29 19:18:59,2023-09-05 19:18:59,2023-09-05 19:18:59,
8741,2,8741,2022-10-11 19:18:59,2024-02-10 19:18:59,2023-09-05 19:18:59,2023-09-05 19:18:59,
8742,3,8742,2022-10-23 19:18:59,2023-11-25 19:18:59,2023-09-05 19:18:59,2023-09-05 19:18:59,
8743,2,8743,2022-09-11 19:18:59,2024-05-26 19:18:59,2023-09-05 19:18:59,2023-09-05 19:18:59,
8744,2,8744,2022-10-06 19:18:59,2024-04-24 19:18:59,2023-09-05 19:18:59,2023-09-05 19:18:59,
8745,1,8745,2023-04-30 19:18:59,2024-01-02 19:18:59,2023-09-05 19:18:59,2023-09-05 19:18:59,
8746,2,8746,2023-02-14 19:18:59,2023-12-07 19:18:59,2023-09-05 19:18:59,2023-09-05 19:18:59,
8747,3,8747,2023-05-15 19:18:59,2024-05-02 19:18:59,2023-09-05 19:18:59,2023-09-05 19:18:59,
8748,3,8748,2023-04-12 19:18:59,2024-02-18 19:18:59,2023-09-05 19:18:59,2023-09-05 19:18:59,
8749,3,8749,2023-08-12 19:18:59,2024-07-04 19:18:59,2023-09-05 19:18:59,2023-09-05 19:18:59,
8750,2,8750,2023-04-11 19:18:59,2024-05-17 19:18:59,2023-09-05 19:18:59,2023-09-05 19:18:59,
8751,1,8751,2023-05-04 19:18:59,2024-01-12 19:18:59,2023-09-05 19:18:59,2023-09-05 19:18:59,
8752,1,8752,2022-12-05 19:18:59,2023-12-08 19:18:59,2023-09-05 19:18:59,2023-09-05 19:18:59,
8753,2,8753,2022-12-10 19:18:59,2023-12-17 19:18:59,2023-09-05 19:18:59,2023-09-05 19:18:59,
8754,1,8754,2023-07-01 19:18:59,2024-02-09 19:18:59,2023-09-05 19:18:59,2023-09-05 19:18:59,
8755,1,8755,2022-11-15 19:18:59,2024-03-04 19:18:59,2023-09-05 19:18:59,2023-09-05 19:18:59,
8756,3,8756,2023-07-31 19:18:59,2024-01-07 19:18:59,2023-09-05 19:18:59,2023-09-05 19:18:59,
8757,1,8757,2023-02-15 19:18:59,2024-07-25 19:18:59,2023-09-05 19:18:59,2023-09-05 19:18:59,
8758,2,8758,2023-02-28 19:18:59,2024-07-18 19:18:59,2023-09-05 19:18:59,2023-09-05 19:18:59,
8759,1,8759,2022-10-17 19:18:59,2024-05-08 19:18:59,2023-09-05 19:18:59,2023-09-05 19:18:59,
8760,2,8760,2023-06-25 19:18:59,2024-08-12 19:18:59,2023-09-05 19:18:59,2023-09-05 19:18:59,
8761,3,8761,2023-01-27 19:18:59,2024-08-11 19:18:59,2023-09-05 19:18:59,2023-09-05 19:18:59,
8762,1,8762,2023-02-12 19:18:59,2024-06-02 19:18:59,2023-09-05 19:18:59,2023-09-05 19:18:59,
8763,3,8763,2022-11-07 19:18:59,2024-02-21 19:18:59,2023-09-05 19:18:59,2023-09-05 19:18:59,
8764,3,8764,2022-10-26 19:18:59,2024-03-18 19:18:59,2023-09-05 19:18:59,2023-09-05 19:18:59,
8765,3,8765,2023-07-26 19:18:59,2024-03-03 19:18:59,2023-09-05 19:18:59,2023-09-05 19:18:59,
8766,1,8766,2023-05-16 19:18:59,2023-10-08 19:18:59,2023-09-05 19:18:59,2023-09-05 19:18:59,
8767,3,8767,2023-03-20 19:18:59,2024-06-04 19:18:59,2023-09-05 19:18:59,2023-09-05 19:18:59,
8768,3,8768,2023-03-20 19:18:59,2023-11-28 19:18:59,2023-09-05 19:18:59,2023-09-05 19:18:59,
8769,2,8769,2023-03-18 19:18:59,2024-01-30 19:18:59,2023-09-05 19:18:59,2023-09-05 19:18:59,
8770,1,8770,2023-06-05 19:18:59,2024-04-23 19:18:59,2023-09-05 19:18:59,2023-09-05 19:18:59,
8771,3,8771,2023-03-01 19:18:59,2024-03-21 19:18:59,2023-09-05 19:18:59,2023-09-05 19:18:59,
8772,2,8772,2023-03-22 19:18:59,2023-10-19 19:18:59,2023-09-05 19:18:59,2023-09-05 19:18:59,
8773,2,8773,2023-05-02 19:18:59,2024-04-21 19:18:59,2023-09-05 19:18:59,2023-09-05 19:18:59,
8774,1,8774,2022-10-14 19:18:59,2024-05-08 19:18:59,2023-09-05 19:18:59,2023-09-05 19:18:59,
8775,1,8775,2023-03-12 19:18:59,2024-03-16 19:18:59,2023-09-05 19:18:59,2023-09-05 19:18:59,
8776,2,8776,2023-08-03 19:18:59,2024-08-03 19:18:59,2023-09-05 19:18:59,2023-09-05 19:18:59,
8777,1,8777,2023-02-11 19:18:59,2024-07-04 19:18:59,2023-09-05 19:18:59,2023-09-05 19:18:59,
8778,2,8778,2022-10-31 19:18:59,2024-06-11 19:18:59,2023-09-05 19:18:59,2023-09-05 19:18:59,
8779,1,8779,2022-12-18 19:18:59,2024-04-18 19:18:59,2023-09-05 19:18:59,2023-09-05 19:18:59,
8780,2,8780,2023-07-02 19:18:59,2023-12-05 19:18:59,2023-09-05 19:18:59,2023-09-05 19:18:59,
8781,3,8781,2022-11-18 19:18:59,2024-04-01 19:18:59,2023-09-05 19:18:59,2023-09-05 19:18:59,
8782,1,8782,2023-08-10 19:18:59,2024-08-15 19:18:59,2023-09-05 19:18:59,2023-09-05 19:18:59,
8783,3,8783,2023-03-31 19:18:59,2024-08-18 19:18:59,2023-09-05 19:18:59,2023-09-05 19:18:59,
8784,2,8784,2023-04-05 19:18:59,2023-11-27 19:18:59,2023-09-05 19:18:59,2023-09-05 19:18:59,
8785,1,8785,2023-07-18 19:18:59,2023-11-10 19:18:59,2023-09-05 19:18:59,2023-09-05 19:18:59,
8786,2,8786,2022-12-26 19:18:59,2024-04-30 19:18:59,2023-09-05 19:18:59,2023-09-05 19:18:59,
8787,2,8787,2023-01-13 19:18:59,2023-12-10 19:18:59,2023-09-05 19:18:59,2023-09-05 19:18:59,
8788,3,8788,2023-02-15 19:18:59,2023-12-24 19:18:59,2023-09-05 19:18:59,2023-09-05 19:18:59,
8789,1,8789,2022-11-27 19:18:59,2024-02-17 19:18:59,2023-09-05 19:18:59,2023-09-05 19:18:59,
8790,3,8790,2023-04-14 19:18:59,2024-08-13 19:18:59,2023-09-05 19:18:59,2023-09-05 19:18:59,
8791,2,8791,2023-03-19 19:18:59,2024-07-30 19:18:59,2023-09-05 19:18:59,2023-09-05 19:18:59,
8792,3,8792,2022-11-17 19:18:59,2023-11-13 19:18:59,2023-09-05 19:18:59,2023-09-05 19:18:59,
8793,2,8793,2023-01-28 19:18:59,2024-04-20 19:18:59,2023-09-05 19:18:59,2023-09-05 19:18:59,
8794,3,8794,2023-07-09 19:18:59,2024-04-24 19:18:59,2023-09-05 19:18:59,2023-09-05 19:18:59,
8795,2,8795,2023-08-11 19:18:59,2024-04-16 19:18:59,2023-09-05 19:18:59,2023-09-05 19:18:59,
8796,3,8796,2023-01-07 19:18:59,2024-08-29 19:18:59,2023-09-05 19:18:59,2023-09-05 19:18:59,
8797,3,8797,2023-02-08 19:18:59,2024-04-08 19:18:59,2023-09-05 19:18:59,2023-09-05 19:18:59,
8798,3,8798,2023-06-28 19:18:59,2024-03-18 19:18:59,2023-09-05 19:18:59,2023-09-05 19:18:59,
8799,3,8799,2022-11-03 19:18:59,2024-03-08 19:18:59,2023-09-05 19:18:59,2023-09-05 19:18:59,
8800,2,8800,2022-12-29 19:18:59,2024-05-04 19:18:59,2023-09-05 19:18:59,2023-09-05 19:18:59,
8801,3,8801,2023-05-02 19:18:59,2024-08-12 19:18:59,2023-09-05 19:18:59,2023-09-05 19:18:59,
8802,2,8802,2023-03-29 19:18:59,2023-11-06 19:18:59,2023-09-05 19:18:59,2023-09-05 19:18:59,
8803,2,8803,2022-10-15 19:18:59,2024-08-18 19:18:59,2023-09-05 19:18:59,2023-09-05 19:18:59,
8804,2,8804,2023-07-28 19:18:59,2023-12-22 19:18:59,2023-09-05 19:18:59,2023-09-05 19:18:59,
8805,1,8805,2022-09-29 19:18:59,2024-04-28 19:18:59,2023-09-05 19:18:59,2023-09-05 19:18:59,
8806,1,8806,2023-08-14 19:18:59,2024-02-12 19:18:59,2023-09-05 19:18:59,2023-09-05 19:18:59,
8807,2,8807,2023-04-20 19:18:59,2023-12-23 19:18:59,2023-09-05 19:18:59,2023-09-05 19:18:59,
8808,2,8808,2023-04-12 19:18:59,2024-08-22 19:18:59,2023-09-05 19:18:59,2023-09-05 19:18:59,
8809,2,8809,2023-02-28 19:18:59,2024-03-09 19:18:59,2023-09-05 19:18:59,2023-09-05 19:18:59,
8810,3,8810,2022-11-17 19:18:59,2024-01-26 19:18:59,2023-09-05 19:18:59,2023-09-05 19:18:59,
8811,2,8811,2023-08-07 19:18:59,2023-10-09 19:18:59,2023-09-05 19:18:59,2023-09-05 19:18:59,
8812,3,8812,2023-07-31 19:18:59,2023-12-03 19:18:59,2023-09-05 19:18:59,2023-09-05 19:18:59,
8813,1,8813,2022-11-19 19:18:59,2024-06-04 19:18:59,2023-09-05 19:18:59,2023-09-05 19:18:59,
8814,1,8814,2023-06-19 19:18:59,2024-03-30 19:18:59,2023-09-05 19:18:59,2023-09-05 19:18:59,
8815,1,8815,2023-01-05 19:18:59,2024-06-20 19:18:59,2023-09-05 19:18:59,2023-09-05 19:18:59,
8816,3,8816,2022-10-29 19:18:59,2023-11-08 19:18:59,2023-09-05 19:18:59,2023-09-05 19:18:59,
8817,1,8817,2023-05-18 19:18:59,2024-07-26 19:18:59,2023-09-05 19:18:59,2023-09-05 19:18:59,
8818,2,8818,2023-02-28 19:18:59,2023-10-12 19:18:59,2023-09-05 19:18:59,2023-09-05 19:18:59,
8819,1,8819,2023-06-22 19:18:59,2024-06-26 19:18:59,2023-09-05 19:18:59,2023-09-05 19:18:59,
8820,3,8820,2023-03-15 19:18:59,2024-07-29 19:18:59,2023-09-05 19:18:59,2023-09-05 19:18:59,
8821,1,8821,2023-08-23 19:18:59,2024-07-29 19:18:59,2023-09-05 19:18:59,2023-09-05 19:18:59,
8822,2,8822,2022-11-13 19:18:59,2024-09-02 19:18:59,2023-09-05 19:18:59,2023-09-05 19:18:59,
8823,2,8823,2022-10-21 19:18:59,2024-01-16 19:18:59,2023-09-05 19:18:59,2023-09-05 19:18:59,
8824,3,8824,2022-11-26 19:18:59,2024-01-29 19:18:59,2023-09-05 19:18:59,2023-09-05 19:18:59,
8825,1,8825,2023-05-03 19:18:59,2023-11-15 19:18:59,2023-09-05 19:18:59,2023-09-05 19:18:59,
8826,2,8826,2023-05-14 19:18:59,2023-11-02 19:18:59,2023-09-05 19:18:59,2023-09-05 19:18:59,
8827,1,8827,2022-10-15 19:18:59,2024-03-13 19:18:59,2023-09-05 19:18:59,2023-09-05 19:18:59,
8828,3,8828,2022-11-28 19:18:59,2024-02-28 19:18:59,2023-09-05 19:18:59,2023-09-05 19:18:59,
8829,2,8829,2023-04-26 19:18:59,2024-07-30 19:18:59,2023-09-05 19:18:59,2023-09-05 19:18:59,
8830,2,8830,2023-03-14 19:18:59,2024-01-28 19:18:59,2023-09-05 19:18:59,2023-09-05 19:18:59,
8831,1,8831,2023-06-26 19:18:59,2023-10-12 19:18:59,2023-09-05 19:18:59,2023-09-05 19:18:59,
8832,1,8832,2022-10-21 19:18:59,2023-12-09 19:18:59,2023-09-05 19:18:59,2023-09-05 19:18:59,
8833,2,8833,2023-02-21 19:18:59,2024-07-10 19:18:59,2023-09-05 19:18:59,2023-09-05 19:18:59,
8834,2,8834,2022-09-15 19:18:59,2024-05-18 19:18:59,2023-09-05 19:18:59,2023-09-05 19:18:59,
8835,3,8835,2022-10-16 19:18:59,2024-04-01 19:18:59,2023-09-05 19:18:59,2023-09-05 19:18:59,
8836,3,8836,2023-04-17 19:18:59,2023-11-25 19:18:59,2023-09-05 19:18:59,2023-09-05 19:18:59,
8837,2,8837,2023-01-13 19:18:59,2024-08-10 19:18:59,2023-09-05 19:18:59,2023-09-05 19:18:59,
8838,2,8838,2022-09-30 19:18:59,2024-05-23 19:18:59,2023-09-05 19:18:59,2023-09-05 19:18:59,
8839,1,8839,2022-11-19 19:18:59,2024-08-11 19:18:59,2023-09-05 19:18:59,2023-09-05 19:18:59,
8840,1,8840,2022-12-07 19:18:59,2024-07-06 19:18:59,2023-09-05 19:18:59,2023-09-05 19:18:59,
8841,1,8841,2022-12-23 19:18:59,2024-06-10 19:18:59,2023-09-05 19:18:59,2023-09-05 19:18:59,
8842,2,8842,2022-11-02 19:18:59,2024-06-02 19:18:59,2023-09-05 19:18:59,2023-09-05 19:18:59,
8843,1,8843,2023-06-13 19:18:59,2024-02-18 19:18:59,2023-09-05 19:18:59,2023-09-05 19:18:59,
8844,1,8844,2022-10-05 19:18:59,2024-08-03 19:18:59,2023-09-05 19:18:59,2023-09-05 19:18:59,
8845,3,8845,2023-02-10 19:18:59,2024-07-31 19:18:59,2023-09-05 19:18:59,2023-09-05 19:18:59,
8846,3,8846,2023-08-23 19:18:59,2024-08-05 19:18:59,2023-09-05 19:18:59,2023-09-05 19:18:59,
8847,2,8847,2022-12-30 19:18:59,2023-10-09 19:18:59,2023-09-05 19:18:59,2023-09-05 19:18:59,
8848,1,8848,2023-04-06 19:18:59,2023-10-05 19:18:59,2023-09-05 19:18:59,2023-09-05 19:18:59,
8849,3,8849,2023-08-03 19:18:59,2023-12-18 19:18:59,2023-09-05 19:18:59,2023-09-05 19:18:59,
8850,3,8850,2023-08-16 19:18:59,2024-09-04 19:18:59,2023-09-05 19:18:59,2023-09-05 19:18:59,
8851,3,8851,2023-09-03 19:18:59,2024-03-21 19:18:59,2023-09-05 19:18:59,2023-09-05 19:18:59,
8852,2,8852,2023-05-16 19:18:59,2023-10-22 19:18:59,2023-09-05 19:18:59,2023-09-05 19:18:59,
8853,1,8853,2022-10-13 19:18:59,2024-06-18 19:18:59,2023-09-05 19:18:59,2023-09-05 19:18:59,
8854,2,8854,2023-07-15 19:18:59,2024-01-21 19:18:59,2023-09-05 19:18:59,2023-09-05 19:18:59,
8855,3,8855,2023-06-16 19:18:59,2023-12-13 19:18:59,2023-09-05 19:18:59,2023-09-05 19:18:59,
8856,2,8856,2022-12-12 19:18:59,2024-08-13 19:18:59,2023-09-05 19:18:59,2023-09-05 19:18:59,
8857,3,8857,2023-06-21 19:18:59,2023-12-01 19:18:59,2023-09-05 19:18:59,2023-09-05 19:18:59,
8858,2,8858,2023-01-05 19:18:59,2023-11-08 19:18:59,2023-09-05 19:18:59,2023-09-05 19:18:59,
8859,3,8859,2023-03-19 19:18:59,2024-08-28 19:18:59,2023-09-05 19:18:59,2023-09-05 19:18:59,
8860,2,8860,2023-03-12 19:18:59,2024-07-23 19:18:59,2023-09-05 19:18:59,2023-09-05 19:18:59,
8861,1,8861,2023-05-27 19:18:59,2023-11-28 19:18:59,2023-09-05 19:18:59,2023-09-05 19:18:59,
8862,1,8862,2023-01-24 19:18:59,2024-08-06 19:18:59,2023-09-05 19:18:59,2023-09-05 19:18:59,
8863,3,8863,2023-01-30 19:18:59,2024-03-19 19:18:59,2023-09-05 19:18:59,2023-09-05 19:18:59,
8864,3,8864,2023-03-02 19:18:59,2024-02-01 19:18:59,2023-09-05 19:18:59,2023-09-05 19:18:59,
8865,1,8865,2022-09-06 19:18:59,2024-01-16 19:18:59,2023-09-05 19:18:59,2023-09-05 19:18:59,
8866,2,8866,2022-10-05 19:18:59,2024-01-18 19:18:59,2023-09-05 19:18:59,2023-09-05 19:18:59,
8867,3,8867,2023-06-18 19:18:59,2024-07-26 19:18:59,2023-09-05 19:18:59,2023-09-05 19:18:59,
8868,2,8868,2022-09-15 19:18:59,2024-06-07 19:18:59,2023-09-05 19:18:59,2023-09-05 19:18:59,
8869,1,8869,2022-09-16 19:18:59,2023-12-12 19:18:59,2023-09-05 19:18:59,2023-09-05 19:18:59,
8870,3,8870,2023-02-19 19:18:59,2023-10-26 19:18:59,2023-09-05 19:18:59,2023-09-05 19:18:59,
8871,2,8871,2022-11-27 19:18:59,2024-03-09 19:18:59,2023-09-05 19:18:59,2023-09-05 19:18:59,
8872,1,8872,2023-03-13 19:18:59,2023-11-30 19:18:59,2023-09-05 19:18:59,2023-09-05 19:18:59,
8873,2,8873,2023-02-07 19:18:59,2023-11-09 19:18:59,2023-09-05 19:18:59,2023-09-05 19:18:59,
8874,2,8874,2023-04-17 19:18:59,2024-04-25 19:18:59,2023-09-05 19:18:59,2023-09-05 19:18:59,
8875,1,8875,2022-12-11 19:18:59,2024-03-01 19:18:59,2023-09-05 19:18:59,2023-09-05 19:18:59,
8876,3,8876,2023-02-06 19:18:59,2023-11-01 19:18:59,2023-09-05 19:18:59,2023-09-05 19:18:59,
8877,1,8877,2023-06-30 19:18:59,2024-03-08 19:18:59,2023-09-05 19:18:59,2023-09-05 19:18:59,
8878,3,8878,2022-11-04 19:18:59,2023-12-13 19:18:59,2023-09-05 19:18:59,2023-09-05 19:18:59,
8879,3,8879,2023-01-02 19:18:59,2024-02-18 19:18:59,2023-09-05 19:18:59,2023-09-05 19:18:59,
8880,3,8880,2022-09-16 19:18:59,2024-06-03 19:18:59,2023-09-05 19:18:59,2023-09-05 19:18:59,
8881,1,8881,2022-09-05 19:18:59,2024-04-09 19:18:59,2023-09-05 19:18:59,2023-09-05 19:18:59,
8882,2,8882,2023-08-12 19:18:59,2024-04-27 19:18:59,2023-09-05 19:18:59,2023-09-05 19:18:59,
8883,3,8883,2022-10-01 19:18:59,2023-10-17 19:18:59,2023-09-05 19:18:59,2023-09-05 19:18:59,
8884,1,8884,2023-06-03 19:18:59,2023-10-22 19:18:59,2023-09-05 19:18:59,2023-09-05 19:18:59,
8885,2,8885,2023-02-08 19:18:59,2023-11-28 19:18:59,2023-09-05 19:18:59,2023-09-05 19:18:59,
8886,3,8886,2022-11-03 19:18:59,2024-02-04 19:18:59,2023-09-05 19:18:59,2023-09-05 19:18:59,
8887,3,8887,2023-07-30 19:18:59,2024-01-01 19:18:59,2023-09-05 19:18:59,2023-09-05 19:18:59,
8888,2,8888,2023-09-05 19:18:59,2024-01-03 19:18:59,2023-09-05 19:18:59,2023-09-05 19:18:59,
8889,1,8889,2022-10-14 19:18:59,2023-12-01 19:18:59,2023-09-05 19:18:59,2023-09-05 19:18:59,
8890,3,8890,2023-01-10 19:18:59,2024-07-05 19:18:59,2023-09-05 19:18:59,2023-09-05 19:18:59,
8891,1,8891,2023-03-16 19:18:59,2024-09-03 19:18:59,2023-09-05 19:18:59,2023-09-05 19:18:59,
8892,3,8892,2022-11-06 19:18:59,2024-02-17 19:18:59,2023-09-05 19:18:59,2023-09-05 19:18:59,
8893,3,8893,2023-03-01 19:18:59,2024-04-07 19:18:59,2023-09-05 19:18:59,2023-09-05 19:18:59,
8894,1,8894,2023-01-13 19:18:59,2024-02-06 19:18:59,2023-09-05 19:18:59,2023-09-05 19:18:59,
8895,2,8895,2023-06-04 19:18:59,2024-03-19 19:18:59,2023-09-05 19:18:59,2023-09-05 19:18:59,
8896,2,8896,2023-02-13 19:18:59,2023-12-19 19:18:59,2023-09-05 19:18:59,2023-09-05 19:18:59,
8897,2,8897,2023-05-06 19:18:59,2024-01-06 19:18:59,2023-09-05 19:18:59,2023-09-05 19:18:59,
8898,2,8898,2023-04-17 19:18:59,2024-02-16 19:18:59,2023-09-05 19:18:59,2023-09-05 19:18:59,
8899,1,8899,2022-11-30 19:18:59,2024-08-19 19:18:59,2023-09-05 19:18:59,2023-09-05 19:18:59,
8900,3,8900,2022-12-12 19:18:59,2023-12-29 19:18:59,2023-09-05 19:18:59,2023-09-05 19:18:59,
8901,2,8901,2023-01-02 19:18:59,2024-06-27 19:18:59,2023-09-05 19:18:59,2023-09-05 19:18:59,
8902,2,8902,2022-09-11 19:18:59,2024-03-19 19:18:59,2023-09-05 19:18:59,2023-09-05 19:18:59,
8903,3,8903,2023-05-26 19:18:59,2024-06-19 19:18:59,2023-09-05 19:18:59,2023-09-05 19:18:59,
8904,2,8904,2023-06-09 19:18:59,2023-11-01 19:18:59,2023-09-05 19:18:59,2023-09-05 19:18:59,
8905,2,8905,2022-10-25 19:18:59,2024-08-17 19:18:59,2023-09-05 19:18:59,2023-09-05 19:18:59,
8906,1,8906,2022-09-22 19:18:59,2023-11-29 19:18:59,2023-09-05 19:18:59,2023-09-05 19:18:59,
8907,2,8907,2023-08-14 19:18:59,2024-08-11 19:18:59,2023-09-05 19:18:59,2023-09-05 19:18:59,
8908,3,8908,2023-01-24 19:18:59,2024-07-03 19:18:59,2023-09-05 19:18:59,2023-09-05 19:18:59,
8909,3,8909,2023-02-18 19:18:59,2024-03-13 19:18:59,2023-09-05 19:18:59,2023-09-05 19:18:59,
8910,1,8910,2023-05-14 19:18:59,2024-02-14 19:18:59,2023-09-05 19:18:59,2023-09-05 19:18:59,
8911,1,8911,2022-09-13 19:18:59,2024-07-20 19:18:59,2023-09-05 19:18:59,2023-09-05 19:18:59,
8912,3,8912,2023-05-23 19:18:59,2024-03-14 19:18:59,2023-09-05 19:18:59,2023-09-05 19:18:59,
8913,1,8913,2022-10-14 19:18:59,2024-06-15 19:18:59,2023-09-05 19:18:59,2023-09-05 19:18:59,
8914,3,8914,2023-02-14 19:18:59,2024-05-24 19:18:59,2023-09-05 19:18:59,2023-09-05 19:18:59,
8915,1,8915,2023-07-03 19:18:59,2024-04-25 19:18:59,2023-09-05 19:18:59,2023-09-05 19:18:59,
8916,1,8916,2022-09-15 19:18:59,2024-08-06 19:18:59,2023-09-05 19:18:59,2023-09-05 19:18:59,
8917,1,8917,2023-02-11 19:18:59,2024-06-28 19:18:59,2023-09-05 19:18:59,2023-09-05 19:18:59,
8918,2,8918,2023-03-31 19:18:59,2024-08-14 19:18:59,2023-09-05 19:18:59,2023-09-05 19:18:59,
8919,2,8919,2023-03-04 19:18:59,2023-12-31 19:18:59,2023-09-05 19:18:59,2023-09-05 19:18:59,
8920,2,8920,2023-01-12 19:18:59,2024-02-05 19:18:59,2023-09-05 19:18:59,2023-09-05 19:18:59,
8921,2,8921,2022-11-20 19:18:59,2024-08-23 19:18:59,2023-09-05 19:18:59,2023-09-05 19:18:59,
8922,1,8922,2023-02-02 19:18:59,2023-12-28 19:18:59,2023-09-05 19:18:59,2023-09-05 19:18:59,
8923,3,8923,2023-08-24 19:18:59,2024-04-17 19:18:59,2023-09-05 19:18:59,2023-09-05 19:18:59,
8924,3,8924,2023-07-19 19:18:59,2024-03-19 19:18:59,2023-09-05 19:18:59,2023-09-05 19:18:59,
8925,2,8925,2023-03-10 19:18:59,2024-01-11 19:18:59,2023-09-05 19:18:59,2023-09-05 19:18:59,
8926,2,8926,2023-02-26 19:18:59,2024-04-27 19:18:59,2023-09-05 19:18:59,2023-09-05 19:18:59,
8927,3,8927,2023-05-28 19:18:59,2024-04-21 19:18:59,2023-09-05 19:18:59,2023-09-05 19:18:59,
8928,3,8928,2023-04-14 19:18:59,2024-08-04 19:18:59,2023-09-05 19:18:59,2023-09-05 19:18:59,
8929,1,8929,2023-01-07 19:18:59,2024-06-05 19:18:59,2023-09-05 19:18:59,2023-09-05 19:18:59,
8930,1,8930,2023-07-22 19:18:59,2024-02-24 19:18:59,2023-09-05 19:18:59,2023-09-05 19:18:59,
8931,2,8931,2023-05-08 19:18:59,2023-12-30 19:18:59,2023-09-05 19:18:59,2023-09-05 19:18:59,
8932,1,8932,2023-06-10 19:18:59,2024-06-26 19:18:59,2023-09-05 19:18:59,2023-09-05 19:18:59,
8933,2,8933,2023-07-01 19:18:59,2024-06-02 19:18:59,2023-09-05 19:18:59,2023-09-05 19:18:59,
8934,2,8934,2022-09-20 19:18:59,2024-06-16 19:18:59,2023-09-05 19:18:59,2023-09-05 19:18:59,
8935,2,8935,2023-02-26 19:18:59,2024-01-26 19:18:59,2023-09-05 19:18:59,2023-09-05 19:18:59,
8936,1,8936,2022-11-20 19:18:59,2023-11-10 19:18:59,2023-09-05 19:18:59,2023-09-05 19:18:59,
8937,2,8937,2022-09-15 19:18:59,2024-03-09 19:18:59,2023-09-05 19:18:59,2023-09-05 19:18:59,
8938,3,8938,2023-01-02 19:18:59,2023-10-17 19:18:59,2023-09-05 19:18:59,2023-09-05 19:18:59,
8939,1,8939,2023-07-02 19:18:59,2024-07-01 19:18:59,2023-09-05 19:18:59,2023-09-05 19:18:59,
8940,1,8940,2023-04-19 19:18:59,2024-07-18 19:18:59,2023-09-05 19:18:59,2023-09-05 19:18:59,
8941,2,8941,2023-05-23 19:18:59,2024-06-10 19:18:59,2023-09-05 19:18:59,2023-09-05 19:18:59,
8942,1,8942,2022-11-21 19:18:59,2024-01-14 19:18:59,2023-09-05 19:18:59,2023-09-05 19:18:59,
8943,1,8943,2022-12-10 19:18:59,2023-12-05 19:18:59,2023-09-05 19:18:59,2023-09-05 19:18:59,
8944,3,8944,2023-05-05 19:18:59,2024-05-16 19:18:59,2023-09-05 19:18:59,2023-09-05 19:18:59,
8945,3,8945,2022-12-20 19:18:59,2023-12-31 19:18:59,2023-09-05 19:18:59,2023-09-05 19:18:59,
8946,1,8946,2022-10-04 19:18:59,2024-04-08 19:18:59,2023-09-05 19:18:59,2023-09-05 19:18:59,
8947,3,8947,2022-09-07 19:18:59,2024-09-04 19:18:59,2023-09-05 19:18:59,2023-09-05 19:18:59,
8948,2,8948,2023-03-24 19:18:59,2024-02-13 19:18:59,2023-09-05 19:18:59,2023-09-05 19:18:59,
8949,2,8949,2023-03-15 19:18:59,2023-12-25 19:18:59,2023-09-05 19:18:59,2023-09-05 19:18:59,
8950,3,8950,2022-12-09 19:18:59,2024-08-28 19:18:59,2023-09-05 19:18:59,2023-09-05 19:18:59,
8951,1,8951,2022-10-19 19:18:59,2024-05-13 19:18:59,2023-09-05 19:18:59,2023-09-05 19:18:59,
8952,2,8952,2023-05-03 19:18:59,2024-07-06 19:18:59,2023-09-05 19:18:59,2023-09-05 19:18:59,
8953,1,8953,2023-06-02 19:18:59,2024-08-07 19:18:59,2023-09-05 19:18:59,2023-09-05 19:18:59,
8954,1,8954,2023-08-14 19:18:59,2024-05-19 19:18:59,2023-09-05 19:18:59,2023-09-05 19:18:59,
8955,1,8955,2023-01-22 19:18:59,2024-07-13 19:18:59,2023-09-05 19:18:59,2023-09-05 19:18:59,
8956,3,8956,2023-07-30 19:18:59,2024-08-03 19:18:59,2023-09-05 19:18:59,2023-09-05 19:18:59,
8957,2,8957,2023-09-05 19:18:59,2024-04-18 19:18:59,2023-09-05 19:18:59,2023-09-05 19:18:59,
8958,1,8958,2022-10-06 19:18:59,2024-03-23 19:18:59,2023-09-05 19:18:59,2023-09-05 19:18:59,
8959,2,8959,2022-09-10 19:18:59,2024-02-13 19:18:59,2023-09-05 19:18:59,2023-09-05 19:18:59,
8960,1,8960,2022-09-26 19:18:59,2024-04-10 19:18:59,2023-09-05 19:18:59,2023-09-05 19:18:59,
8961,1,8961,2023-08-07 19:18:59,2023-11-01 19:18:59,2023-09-05 19:18:59,2023-09-05 19:18:59,
8962,1,8962,2022-11-26 19:18:59,2024-05-19 19:18:59,2023-09-05 19:18:59,2023-09-05 19:18:59,
8963,3,8963,2022-12-22 19:18:59,2024-07-29 19:18:59,2023-09-05 19:18:59,2023-09-05 19:18:59,
8964,3,8964,2022-10-16 19:18:59,2023-10-27 19:18:59,2023-09-05 19:18:59,2023-09-05 19:18:59,
8965,1,8965,2022-10-03 19:18:59,2024-05-20 19:18:59,2023-09-05 19:18:59,2023-09-05 19:18:59,
8966,2,8966,2023-06-06 19:18:59,2024-01-05 19:18:59,2023-09-05 19:18:59,2023-09-05 19:18:59,
8967,3,8967,2022-10-09 19:18:59,2023-12-29 19:18:59,2023-09-05 19:18:59,2023-09-05 19:18:59,
8968,3,8968,2023-04-27 19:18:59,2024-07-02 19:18:59,2023-09-05 19:18:59,2023-09-05 19:18:59,
8969,1,8969,2023-07-05 19:18:59,2024-04-07 19:18:59,2023-09-05 19:18:59,2023-09-05 19:18:59,
8970,2,8970,2022-11-02 19:18:59,2024-02-05 19:18:59,2023-09-05 19:18:59,2023-09-05 19:18:59,
8971,3,8971,2023-02-15 19:18:59,2024-03-15 19:18:59,2023-09-05 19:18:59,2023-09-05 19:18:59,
8972,1,8972,2023-08-13 19:18:59,2024-07-05 19:18:59,2023-09-05 19:18:59,2023-09-05 19:18:59,
8973,1,8973,2023-04-15 19:18:59,2023-11-12 19:18:59,2023-09-05 19:18:59,2023-09-05 19:18:59,
8974,1,8974,2023-01-17 19:18:59,2024-07-01 19:18:59,2023-09-05 19:18:59,2023-09-05 19:18:59,
8975,1,8975,2022-10-01 19:18:59,2024-03-05 19:18:59,2023-09-05 19:18:59,2023-09-05 19:18:59,
8976,1,8976,2023-02-15 19:18:59,2024-05-18 19:18:59,2023-09-05 19:18:59,2023-09-05 19:18:59,
8977,3,8977,2023-03-14 19:18:59,2024-07-06 19:18:59,2023-09-05 19:18:59,2023-09-05 19:18:59,
8978,3,8978,2022-10-03 19:18:59,2024-03-11 19:18:59,2023-09-05 19:18:59,2023-09-05 19:18:59,
8979,1,8979,2023-01-05 19:18:59,2024-01-10 19:18:59,2023-09-05 19:18:59,2023-09-05 19:18:59,
8980,2,8980,2023-03-05 19:18:59,2024-09-04 19:18:59,2023-09-05 19:18:59,2023-09-05 19:18:59,
8981,2,8981,2023-02-11 19:18:59,2024-05-17 19:18:59,2023-09-05 19:18:59,2023-09-05 19:18:59,
8982,3,8982,2023-05-03 19:18:59,2024-07-07 19:18:59,2023-09-05 19:18:59,2023-09-05 19:18:59,
8983,2,8983,2023-04-15 19:18:59,2023-12-10 19:18:59,2023-09-05 19:18:59,2023-09-05 19:18:59,
8984,3,8984,2023-02-28 19:18:59,2024-04-07 19:18:59,2023-09-05 19:18:59,2023-09-05 19:18:59,
8985,3,8985,2022-12-13 19:18:59,2024-01-22 19:18:59,2023-09-05 19:18:59,2023-09-05 19:18:59,
8986,2,8986,2023-04-28 19:18:59,2024-01-30 19:18:59,2023-09-05 19:18:59,2023-09-05 19:18:59,
8987,1,8987,2023-03-03 19:18:59,2024-09-02 19:18:59,2023-09-05 19:18:59,2023-09-05 19:18:59,
8988,3,8988,2023-09-05 19:18:59,2024-01-09 19:18:59,2023-09-05 19:18:59,2023-09-05 19:18:59,
8989,1,8989,2022-12-28 19:18:59,2024-08-27 19:18:59,2023-09-05 19:18:59,2023-09-05 19:18:59,
8990,1,8990,2023-05-27 19:18:59,2024-08-23 19:18:59,2023-09-05 19:18:59,2023-09-05 19:18:59,
8991,2,8991,2023-06-29 19:18:59,2024-07-04 19:18:59,2023-09-05 19:18:59,2023-09-05 19:18:59,
8992,1,8992,2022-09-23 19:18:59,2024-03-24 19:18:59,2023-09-05 19:18:59,2023-09-05 19:18:59,
8993,2,8993,2023-06-27 19:18:59,2024-06-23 19:18:59,2023-09-05 19:18:59,2023-09-05 19:18:59,
8994,2,8994,2023-04-16 19:18:59,2024-08-15 19:18:59,2023-09-05 19:18:59,2023-09-05 19:18:59,
8995,1,8995,2023-05-04 19:18:59,2024-06-26 19:18:59,2023-09-05 19:18:59,2023-09-05 19:18:59,
8996,2,8996,2022-09-06 19:18:59,2023-11-29 19:18:59,2023-09-05 19:18:59,2023-09-05 19:18:59,
8997,1,8997,2023-07-03 19:18:59,2024-01-17 19:18:59,2023-09-05 19:18:59,2023-09-05 19:18:59,
8998,2,8998,2023-01-02 19:18:59,2024-05-29 19:18:59,2023-09-05 19:18:59,2023-09-05 19:18:59,
8999,1,8999,2023-07-09 19:18:59,2024-06-17 19:18:59,2023-09-05 19:18:59,2023-09-05 19:18:59,
9000,2,9000,2023-03-25 19:18:59,2024-02-29 19:18:59,2023-09-05 19:18:59,2023-09-05 19:18:59,
9001,1,9001,2022-10-20 19:18:59,2023-10-10 19:18:59,2023-09-05 19:18:59,2023-09-05 19:18:59,
9002,2,9002,2023-04-28 19:18:59,2024-04-11 19:18:59,2023-09-05 19:18:59,2023-09-05 19:18:59,
9003,2,9003,2023-05-27 19:18:59,2024-03-14 19:18:59,2023-09-05 19:18:59,2023-09-05 19:18:59,
9004,1,9004,2022-12-08 19:18:59,2024-08-25 19:18:59,2023-09-05 19:18:59,2023-09-05 19:18:59,
9005,3,9005,2023-06-09 19:18:59,2024-08-23 19:18:59,2023-09-05 19:18:59,2023-09-05 19:18:59,
9006,3,9006,2023-08-30 19:18:59,2024-02-17 19:18:59,2023-09-05 19:18:59,2023-09-05 19:18:59,
9007,2,9007,2023-01-22 19:18:59,2024-05-16 19:18:59,2023-09-05 19:18:59,2023-09-05 19:18:59,
9008,3,9008,2022-11-25 19:18:59,2024-06-29 19:18:59,2023-09-05 19:18:59,2023-09-05 19:18:59,
9009,1,9009,2022-11-11 19:18:59,2024-08-11 19:18:59,2023-09-05 19:18:59,2023-09-05 19:18:59,
9010,2,9010,2023-08-23 19:18:59,2023-12-03 19:18:59,2023-09-05 19:18:59,2023-09-05 19:18:59,
9011,1,9011,2023-04-04 19:18:59,2023-12-20 19:18:59,2023-09-05 19:18:59,2023-09-05 19:18:59,
9012,2,9012,2023-07-12 19:18:59,2024-04-26 19:18:59,2023-09-05 19:18:59,2023-09-05 19:18:59,
9013,1,9013,2023-08-25 19:18:59,2023-12-27 19:18:59,2023-09-05 19:18:59,2023-09-05 19:18:59,
9014,2,9014,2023-07-20 19:18:59,2024-07-08 19:18:59,2023-09-05 19:18:59,2023-09-05 19:18:59,
9015,2,9015,2023-06-22 19:18:59,2024-01-10 19:18:59,2023-09-05 19:18:59,2023-09-05 19:18:59,
9016,1,9016,2023-01-19 19:18:59,2024-02-25 19:18:59,2023-09-05 19:18:59,2023-09-05 19:18:59,
9017,3,9017,2023-02-22 19:18:59,2024-06-13 19:18:59,2023-09-05 19:18:59,2023-09-05 19:18:59,
9018,1,9018,2023-08-09 19:18:59,2024-04-07 19:18:59,2023-09-05 19:18:59,2023-09-05 19:18:59,
9019,1,9019,2023-09-01 19:18:59,2023-11-27 19:18:59,2023-09-05 19:18:59,2023-09-05 19:18:59,
9020,2,9020,2022-12-24 19:18:59,2024-01-02 19:18:59,2023-09-05 19:18:59,2023-09-05 19:18:59,
9021,2,9021,2022-10-13 19:18:59,2024-07-14 19:18:59,2023-09-05 19:18:59,2023-09-05 19:18:59,
9022,1,9022,2023-04-27 19:18:59,2024-05-31 19:18:59,2023-09-05 19:18:59,2023-09-05 19:18:59,
9023,3,9023,2023-08-28 19:18:59,2023-12-09 19:18:59,2023-09-05 19:18:59,2023-09-05 19:18:59,
9024,1,9024,2023-02-07 19:18:59,2024-08-08 19:18:59,2023-09-05 19:18:59,2023-09-05 19:18:59,
9025,2,9025,2023-06-17 19:18:59,2023-11-15 19:18:59,2023-09-05 19:18:59,2023-09-05 19:18:59,
9026,1,9026,2023-05-21 19:18:59,2024-03-05 19:18:59,2023-09-05 19:18:59,2023-09-05 19:18:59,
9027,1,9027,2022-11-14 19:18:59,2024-07-13 19:18:59,2023-09-05 19:18:59,2023-09-05 19:18:59,
9028,1,9028,2022-12-31 19:18:59,2024-06-24 19:18:59,2023-09-05 19:18:59,2023-09-05 19:18:59,
9029,1,9029,2023-08-30 19:18:59,2024-07-01 19:18:59,2023-09-05 19:18:59,2023-09-05 19:18:59,
9030,2,9030,2023-01-25 19:18:59,2023-11-19 19:18:59,2023-09-05 19:18:59,2023-09-05 19:18:59,
9031,1,9031,2023-06-24 19:18:59,2024-07-22 19:18:59,2023-09-05 19:18:59,2023-09-05 19:18:59,
9032,2,9032,2023-02-21 19:18:59,2023-12-08 19:18:59,2023-09-05 19:18:59,2023-09-05 19:18:59,
9033,1,9033,2023-07-09 19:18:59,2024-07-30 19:18:59,2023-09-05 19:18:59,2023-09-05 19:18:59,
9034,2,9034,2023-06-28 19:18:59,2024-05-21 19:18:59,2023-09-05 19:18:59,2023-09-05 19:18:59,
9035,2,9035,2022-10-17 19:18:59,2024-06-24 19:18:59,2023-09-05 19:18:59,2023-09-05 19:18:59,
9036,2,9036,2023-07-13 19:18:59,2024-03-30 19:18:59,2023-09-05 19:18:59,2023-09-05 19:18:59,
9037,1,9037,2022-09-14 19:18:59,2023-11-25 19:18:59,2023-09-05 19:18:59,2023-09-05 19:18:59,
9038,3,9038,2022-09-12 19:18:59,2024-06-04 19:18:59,2023-09-05 19:18:59,2023-09-05 19:18:59,
9039,2,9039,2023-05-05 19:18:59,2024-04-30 19:18:59,2023-09-05 19:18:59,2023-09-05 19:18:59,
9040,1,9040,2023-01-01 19:18:59,2024-06-11 19:18:59,2023-09-05 19:18:59,2023-09-05 19:18:59,
9041,3,9041,2023-05-22 19:18:59,2024-06-20 19:18:59,2023-09-05 19:18:59,2023-09-05 19:18:59,
9042,3,9042,2023-06-27 19:18:59,2024-02-14 19:18:59,2023-09-05 19:18:59,2023-09-05 19:18:59,
9043,2,9043,2023-04-01 19:18:59,2024-07-03 19:18:59,2023-09-05 19:18:59,2023-09-05 19:18:59,
9044,1,9044,2023-04-10 19:18:59,2023-12-28 19:18:59,2023-09-05 19:18:59,2023-09-05 19:18:59,
9045,1,9045,2023-07-13 19:18:59,2024-07-09 19:18:59,2023-09-05 19:18:59,2023-09-05 19:18:59,
9046,2,9046,2023-07-18 19:18:59,2024-05-18 19:18:59,2023-09-05 19:18:59,2023-09-05 19:18:59,
9047,3,9047,2023-08-30 19:18:59,2023-11-06 19:18:59,2023-09-05 19:18:59,2023-09-05 19:18:59,
9048,1,9048,2022-09-22 19:18:59,2024-06-07 19:18:59,2023-09-05 19:18:59,2023-09-05 19:18:59,
9049,1,9049,2023-02-18 19:18:59,2024-03-09 19:18:59,2023-09-05 19:18:59,2023-09-05 19:18:59,
9050,2,9050,2023-09-01 19:18:59,2023-10-19 19:18:59,2023-09-05 19:18:59,2023-09-05 19:18:59,
9051,1,9051,2023-07-16 19:18:59,2023-10-27 19:18:59,2023-09-05 19:18:59,2023-09-05 19:18:59,
9052,3,9052,2023-09-05 19:18:59,2024-04-01 19:18:59,2023-09-05 19:18:59,2023-09-05 19:18:59,
9053,3,9053,2023-03-02 19:18:59,2023-12-10 19:18:59,2023-09-05 19:18:59,2023-09-05 19:18:59,
9054,2,9054,2023-04-12 19:18:59,2023-10-16 19:18:59,2023-09-05 19:18:59,2023-09-05 19:18:59,
9055,2,9055,2023-07-16 19:18:59,2024-03-07 19:18:59,2023-09-05 19:18:59,2023-09-05 19:18:59,
9056,1,9056,2023-01-22 19:18:59,2024-06-15 19:18:59,2023-09-05 19:18:59,2023-09-05 19:18:59,
9057,1,9057,2023-07-04 19:18:59,2024-08-07 19:18:59,2023-09-05 19:18:59,2023-09-05 19:18:59,
9058,1,9058,2023-06-14 19:18:59,2024-03-20 19:18:59,2023-09-05 19:18:59,2023-09-05 19:18:59,
9059,1,9059,2022-11-02 19:18:59,2023-12-19 19:18:59,2023-09-05 19:18:59,2023-09-05 19:18:59,
9060,2,9060,2022-11-23 19:18:59,2024-05-26 19:18:59,2023-09-05 19:18:59,2023-09-05 19:18:59,
9061,3,9061,2023-01-31 19:18:59,2024-03-02 19:18:59,2023-09-05 19:18:59,2023-09-05 19:18:59,
9062,3,9062,2023-06-13 19:18:59,2023-11-02 19:18:59,2023-09-05 19:18:59,2023-09-05 19:18:59,
9063,2,9063,2022-12-26 19:18:59,2024-08-31 19:18:59,2023-09-05 19:18:59,2023-09-05 19:18:59,
9064,3,9064,2022-10-01 19:18:59,2024-07-14 19:18:59,2023-09-05 19:18:59,2023-09-05 19:18:59,
9065,3,9065,2023-04-01 19:18:59,2023-10-21 19:18:59,2023-09-05 19:18:59,2023-09-05 19:18:59,
9066,1,9066,2022-11-05 19:18:59,2024-06-20 19:18:59,2023-09-05 19:18:59,2023-09-05 19:18:59,
9067,2,9067,2023-03-01 19:18:59,2024-08-13 19:18:59,2023-09-05 19:18:59,2023-09-05 19:18:59,
9068,2,9068,2023-07-28 19:18:59,2023-11-24 19:18:59,2023-09-05 19:18:59,2023-09-05 19:18:59,
9069,1,9069,2023-06-29 19:18:59,2024-05-12 19:18:59,2023-09-05 19:18:59,2023-09-05 19:18:59,
9070,1,9070,2023-04-09 19:18:59,2024-02-21 19:18:59,2023-09-05 19:18:59,2023-09-05 19:18:59,
9071,3,9071,2022-11-08 19:18:59,2024-03-21 19:18:59,2023-09-05 19:18:59,2023-09-05 19:18:59,
9072,3,9072,2023-05-29 19:18:59,2024-01-28 19:18:59,2023-09-05 19:18:59,2023-09-05 19:18:59,
9073,3,9073,2023-01-01 19:18:59,2023-11-19 19:18:59,2023-09-05 19:18:59,2023-09-05 19:18:59,
9074,1,9074,2023-02-12 19:18:59,2024-01-23 19:18:59,2023-09-05 19:18:59,2023-09-05 19:18:59,
9075,1,9075,2023-06-22 19:18:59,2024-02-19 19:18:59,2023-09-05 19:18:59,2023-09-05 19:18:59,
9076,2,9076,2023-04-10 19:18:59,2024-04-22 19:18:59,2023-09-05 19:18:59,2023-09-05 19:18:59,
9077,2,9077,2022-09-14 19:18:59,2024-03-03 19:18:59,2023-09-05 19:18:59,2023-09-05 19:18:59,
9078,2,9078,2023-06-16 19:18:59,2023-12-24 19:18:59,2023-09-05 19:18:59,2023-09-05 19:18:59,
9079,3,9079,2022-10-21 19:18:59,2024-01-21 19:18:59,2023-09-05 19:18:59,2023-09-05 19:18:59,
9080,2,9080,2023-07-14 19:18:59,2023-12-15 19:18:59,2023-09-05 19:18:59,2023-09-05 19:18:59,
9081,2,9081,2023-04-15 19:18:59,2024-08-01 19:18:59,2023-09-05 19:18:59,2023-09-05 19:18:59,
9082,1,9082,2023-06-22 19:18:59,2024-04-25 19:18:59,2023-09-05 19:18:59,2023-09-05 19:18:59,
9083,3,9083,2022-09-29 19:18:59,2024-07-18 19:18:59,2023-09-05 19:18:59,2023-09-05 19:18:59,
9084,1,9084,2023-08-18 19:18:59,2024-05-06 19:18:59,2023-09-05 19:18:59,2023-09-05 19:18:59,
9085,2,9085,2023-04-15 19:18:59,2024-07-09 19:18:59,2023-09-05 19:18:59,2023-09-05 19:18:59,
9086,2,9086,2023-03-19 19:18:59,2023-10-17 19:18:59,2023-09-05 19:18:59,2023-09-05 19:18:59,
9087,2,9087,2022-11-21 19:18:59,2023-10-19 19:18:59,2023-09-05 19:18:59,2023-09-05 19:18:59,
9088,2,9088,2023-05-12 19:18:59,2024-07-04 19:18:59,2023-09-05 19:18:59,2023-09-05 19:18:59,
9089,1,9089,2023-03-01 19:18:59,2024-01-15 19:18:59,2023-09-05 19:18:59,2023-09-05 19:18:59,
9090,3,9090,2023-02-13 19:18:59,2024-02-19 19:18:59,2023-09-05 19:18:59,2023-09-05 19:18:59,
9091,2,9091,2023-08-22 19:18:59,2023-10-16 19:18:59,2023-09-05 19:18:59,2023-09-05 19:18:59,
9092,3,9092,2023-08-17 19:18:59,2023-12-19 19:18:59,2023-09-05 19:18:59,2023-09-05 19:18:59,
9093,2,9093,2023-03-21 19:18:59,2024-01-21 19:18:59,2023-09-05 19:18:59,2023-09-05 19:18:59,
9094,2,9094,2023-05-05 19:18:59,2024-03-11 19:18:59,2023-09-05 19:18:59,2023-09-05 19:18:59,
9095,3,9095,2023-03-10 19:18:59,2023-10-08 19:18:59,2023-09-05 19:18:59,2023-09-05 19:18:59,
9096,3,9096,2023-06-03 19:18:59,2024-07-31 19:18:59,2023-09-05 19:18:59,2023-09-05 19:18:59,
9097,2,9097,2022-10-09 19:18:59,2024-03-03 19:18:59,2023-09-05 19:18:59,2023-09-05 19:18:59,
9098,2,9098,2023-02-05 19:18:59,2023-12-03 19:18:59,2023-09-05 19:18:59,2023-09-05 19:18:59,
9099,1,9099,2023-02-11 19:18:59,2024-08-31 19:18:59,2023-09-05 19:18:59,2023-09-05 19:18:59,
9100,1,9100,2022-12-25 19:18:59,2024-05-03 19:18:59,2023-09-05 19:18:59,2023-09-05 19:18:59,
9101,3,9101,2023-03-29 19:18:59,2024-08-25 19:18:59,2023-09-05 19:18:59,2023-09-05 19:18:59,
9102,1,9102,2023-04-03 19:18:59,2023-12-18 19:18:59,2023-09-05 19:18:59,2023-09-05 19:18:59,
9103,1,9103,2022-10-05 19:18:59,2024-04-30 19:18:59,2023-09-05 19:18:59,2023-09-05 19:18:59,
9104,1,9104,2023-09-02 19:18:59,2024-01-30 19:18:59,2023-09-05 19:18:59,2023-09-05 19:18:59,
9105,3,9105,2022-12-10 19:18:59,2024-06-10 19:18:59,2023-09-05 19:18:59,2023-09-05 19:18:59,
9106,3,9106,2022-09-22 19:18:59,2023-11-25 19:18:59,2023-09-05 19:18:59,2023-09-05 19:18:59,
9107,3,9107,2022-11-28 19:18:59,2024-05-01 19:18:59,2023-09-05 19:18:59,2023-09-05 19:18:59,
9108,3,9108,2023-08-12 19:18:59,2024-01-04 19:18:59,2023-09-05 19:18:59,2023-09-05 19:18:59,
9109,1,9109,2023-01-20 19:18:59,2024-07-14 19:18:59,2023-09-05 19:18:59,2023-09-05 19:18:59,
9110,1,9110,2022-12-11 19:18:59,2024-03-24 19:18:59,2023-09-05 19:18:59,2023-09-05 19:18:59,
9111,2,9111,2023-06-25 19:18:59,2024-01-30 19:18:59,2023-09-05 19:18:59,2023-09-05 19:18:59,
9112,2,9112,2023-08-01 19:18:59,2024-02-26 19:18:59,2023-09-05 19:18:59,2023-09-05 19:18:59,
9113,3,9113,2023-03-19 19:18:59,2024-04-26 19:18:59,2023-09-05 19:18:59,2023-09-05 19:18:59,
9114,1,9114,2022-10-06 19:18:59,2024-04-24 19:18:59,2023-09-05 19:18:59,2023-09-05 19:18:59,
9115,2,9115,2023-07-07 19:18:59,2024-04-05 19:18:59,2023-09-05 19:18:59,2023-09-05 19:18:59,
9116,1,9116,2023-03-21 19:18:59,2024-09-04 19:18:59,2023-09-05 19:18:59,2023-09-05 19:18:59,
9117,3,9117,2022-11-10 19:18:59,2024-03-28 19:18:59,2023-09-05 19:18:59,2023-09-05 19:18:59,
9118,2,9118,2022-12-12 19:18:59,2023-10-17 19:18:59,2023-09-05 19:18:59,2023-09-05 19:18:59,
9119,1,9119,2022-12-23 19:18:59,2024-08-24 19:18:59,2023-09-05 19:18:59,2023-09-05 19:18:59,
9120,2,9120,2022-10-08 19:18:59,2024-02-27 19:18:59,2023-09-05 19:18:59,2023-09-05 19:18:59,
9121,3,9121,2023-04-04 19:18:59,2023-10-07 19:18:59,2023-09-05 19:18:59,2023-09-05 19:18:59,
9122,2,9122,2022-11-09 19:18:59,2024-09-04 19:18:59,2023-09-05 19:18:59,2023-09-05 19:18:59,
9123,3,9123,2022-10-06 19:18:59,2024-06-12 19:18:59,2023-09-05 19:18:59,2023-09-05 19:18:59,
9124,2,9124,2022-10-30 19:18:59,2024-04-25 19:18:59,2023-09-05 19:18:59,2023-09-05 19:18:59,
9125,1,9125,2022-11-11 19:18:59,2023-10-09 19:18:59,2023-09-05 19:18:59,2023-09-05 19:18:59,
9126,2,9126,2022-12-07 19:18:59,2024-03-19 19:18:59,2023-09-05 19:18:59,2023-09-05 19:18:59,
9127,3,9127,2023-03-30 19:18:59,2024-08-02 19:18:59,2023-09-05 19:18:59,2023-09-05 19:18:59,
9128,2,9128,2023-01-02 19:18:59,2023-12-04 19:18:59,2023-09-05 19:18:59,2023-09-05 19:18:59,
9129,2,9129,2023-07-02 19:18:59,2023-12-03 19:18:59,2023-09-05 19:18:59,2023-09-05 19:18:59,
9130,2,9130,2023-09-03 19:18:59,2023-12-04 19:18:59,2023-09-05 19:18:59,2023-09-05 19:18:59,
9131,1,9131,2023-06-07 19:18:59,2024-03-09 19:18:59,2023-09-05 19:18:59,2023-09-05 19:18:59,
9132,3,9132,2022-12-02 19:18:59,2024-08-27 19:18:59,2023-09-05 19:18:59,2023-09-05 19:18:59,
9133,3,9133,2022-10-26 19:18:59,2024-07-26 19:18:59,2023-09-05 19:18:59,2023-09-05 19:18:59,
9134,3,9134,2022-12-16 19:18:59,2024-01-15 19:18:59,2023-09-05 19:18:59,2023-09-05 19:18:59,
9135,3,9135,2023-07-06 19:18:59,2024-08-30 19:18:59,2023-09-05 19:18:59,2023-09-05 19:18:59,
9136,2,9136,2022-09-29 19:18:59,2024-07-31 19:18:59,2023-09-05 19:18:59,2023-09-05 19:18:59,
9137,1,9137,2023-06-20 19:18:59,2023-10-24 19:18:59,2023-09-05 19:18:59,2023-09-05 19:18:59,
9138,1,9138,2023-04-02 19:18:59,2024-01-27 19:18:59,2023-09-05 19:18:59,2023-09-05 19:18:59,
9139,2,9139,2022-10-23 19:18:59,2024-04-06 19:18:59,2023-09-05 19:18:59,2023-09-05 19:18:59,
9140,1,9140,2023-07-05 19:18:59,2024-05-08 19:18:59,2023-09-05 19:18:59,2023-09-05 19:18:59,
9141,3,9141,2023-06-25 19:18:59,2024-06-16 19:18:59,2023-09-05 19:18:59,2023-09-05 19:18:59,
9142,3,9142,2023-02-13 19:18:59,2024-02-03 19:18:59,2023-09-05 19:18:59,2023-09-05 19:18:59,
9143,3,9143,2022-09-30 19:18:59,2024-04-22 19:18:59,2023-09-05 19:18:59,2023-09-05 19:18:59,
9144,1,9144,2022-09-23 19:18:59,2024-05-05 19:18:59,2023-09-05 19:18:59,2023-09-05 19:18:59,
9145,3,9145,2023-01-04 19:18:59,2024-05-24 19:18:59,2023-09-05 19:18:59,2023-09-05 19:18:59,
9146,2,9146,2023-02-14 19:18:59,2024-01-17 19:18:59,2023-09-05 19:18:59,2023-09-05 19:18:59,
9147,1,9147,2023-05-11 19:18:59,2024-05-30 19:18:59,2023-09-05 19:18:59,2023-09-05 19:18:59,
9148,1,9148,2023-08-25 19:18:59,2023-11-20 19:18:59,2023-09-05 19:18:59,2023-09-05 19:18:59,
9149,2,9149,2022-10-08 19:18:59,2024-07-09 19:18:59,2023-09-05 19:18:59,2023-09-05 19:18:59,
9150,1,9150,2023-05-24 19:18:59,2024-01-02 19:18:59,2023-09-05 19:18:59,2023-09-05 19:18:59,
9151,3,9151,2023-05-09 19:18:59,2024-04-18 19:18:59,2023-09-05 19:18:59,2023-09-05 19:18:59,
9152,2,9152,2023-02-22 19:18:59,2024-03-25 19:18:59,2023-09-05 19:18:59,2023-09-05 19:18:59,
9153,1,9153,2022-09-23 19:18:59,2024-04-24 19:18:59,2023-09-05 19:18:59,2023-09-05 19:18:59,
9154,2,9154,2023-01-03 19:18:59,2024-08-07 19:18:59,2023-09-05 19:18:59,2023-09-05 19:18:59,
9155,1,9155,2023-08-19 19:18:59,2024-02-23 19:18:59,2023-09-05 19:18:59,2023-09-05 19:18:59,
9156,1,9156,2023-05-06 19:18:59,2024-06-17 19:18:59,2023-09-05 19:18:59,2023-09-05 19:18:59,
9157,1,9157,2023-01-30 19:18:59,2023-10-10 19:18:59,2023-09-05 19:18:59,2023-09-05 19:18:59,
9158,1,9158,2022-10-09 19:18:59,2024-07-31 19:18:59,2023-09-05 19:18:59,2023-09-05 19:18:59,
9159,3,9159,2022-12-11 19:18:59,2023-10-06 19:18:59,2023-09-05 19:18:59,2023-09-05 19:18:59,
9160,1,9160,2023-07-18 19:18:59,2024-04-09 19:18:59,2023-09-05 19:18:59,2023-09-05 19:18:59,
9161,1,9161,2023-04-22 19:18:59,2024-07-05 19:18:59,2023-09-05 19:18:59,2023-09-05 19:18:59,
9162,2,9162,2022-11-13 19:18:59,2024-04-03 19:18:59,2023-09-05 19:18:59,2023-09-05 19:18:59,
9163,2,9163,2022-09-28 19:18:59,2024-01-01 19:18:59,2023-09-05 19:18:59,2023-09-05 19:18:59,
9164,3,9164,2023-03-03 19:18:59,2024-03-14 19:18:59,2023-09-05 19:18:59,2023-09-05 19:18:59,
9165,1,9165,2023-04-10 19:18:59,2024-06-17 19:18:59,2023-09-05 19:18:59,2023-09-05 19:18:59,
9166,2,9166,2023-07-20 19:18:59,2024-02-19 19:18:59,2023-09-05 19:18:59,2023-09-05 19:18:59,
9167,2,9167,2023-06-20 19:18:59,2024-06-12 19:18:59,2023-09-05 19:18:59,2023-09-05 19:18:59,
9168,1,9168,2023-05-05 19:18:59,2023-12-12 19:18:59,2023-09-05 19:18:59,2023-09-05 19:18:59,
9169,2,9169,2022-10-04 19:18:59,2024-07-04 19:18:59,2023-09-05 19:18:59,2023-09-05 19:18:59,
9170,3,9170,2022-10-30 19:18:59,2024-04-29 19:18:59,2023-09-05 19:18:59,2023-09-05 19:18:59,
9171,3,9171,2022-11-27 19:18:59,2024-07-19 19:18:59,2023-09-05 19:18:59,2023-09-05 19:18:59,
9172,3,9172,2022-09-21 19:18:59,2024-01-25 19:18:59,2023-09-05 19:18:59,2023-09-05 19:18:59,
9173,2,9173,2023-05-26 19:18:59,2024-06-10 19:18:59,2023-09-05 19:18:59,2023-09-05 19:18:59,
9174,3,9174,2022-09-20 19:18:59,2024-06-09 19:18:59,2023-09-05 19:18:59,2023-09-05 19:18:59,
9175,1,9175,2022-10-21 19:18:59,2024-05-26 19:18:59,2023-09-05 19:18:59,2023-09-05 19:18:59,
9176,2,9176,2023-03-26 19:18:59,2024-02-04 19:18:59,2023-09-05 19:18:59,2023-09-05 19:18:59,
9177,1,9177,2023-04-14 19:18:59,2024-07-23 19:18:59,2023-09-05 19:18:59,2023-09-05 19:18:59,
9178,2,9178,2023-09-03 19:18:59,2024-01-31 19:18:59,2023-09-05 19:18:59,2023-09-05 19:18:59,
9179,3,9179,2022-12-17 19:18:59,2024-02-05 19:18:59,2023-09-05 19:18:59,2023-09-05 19:18:59,
9180,1,9180,2023-08-06 19:18:59,2024-03-25 19:18:59,2023-09-05 19:18:59,2023-09-05 19:18:59,
9181,2,9181,2023-08-15 19:18:59,2023-10-27 19:18:59,2023-09-05 19:18:59,2023-09-05 19:18:59,
9182,1,9182,2023-06-09 19:18:59,2024-03-28 19:18:59,2023-09-05 19:18:59,2023-09-05 19:18:59,
9183,3,9183,2023-07-29 19:18:59,2024-07-08 19:18:59,2023-09-05 19:18:59,2023-09-05 19:18:59,
9184,3,9184,2023-03-09 19:18:59,2024-03-07 19:18:59,2023-09-05 19:18:59,2023-09-05 19:18:59,
9185,3,9185,2023-08-07 19:18:59,2023-10-19 19:18:59,2023-09-05 19:18:59,2023-09-05 19:18:59,
9186,2,9186,2023-01-25 19:18:59,2024-03-03 19:18:59,2023-09-05 19:18:59,2023-09-05 19:18:59,
9187,3,9187,2022-11-12 19:18:59,2024-08-30 19:18:59,2023-09-05 19:18:59,2023-09-05 19:18:59,
9188,1,9188,2023-04-26 19:18:59,2024-07-23 19:18:59,2023-09-05 19:18:59,2023-09-05 19:18:59,
9189,3,9189,2023-04-05 19:18:59,2024-01-02 19:18:59,2023-09-05 19:18:59,2023-09-05 19:18:59,
9190,2,9190,2023-08-14 19:18:59,2024-01-04 19:18:59,2023-09-05 19:18:59,2023-09-05 19:18:59,
9191,1,9191,2022-12-04 19:18:59,2024-04-27 19:18:59,2023-09-05 19:18:59,2023-09-05 19:18:59,
9192,1,9192,2023-08-06 19:18:59,2024-08-08 19:18:59,2023-09-05 19:18:59,2023-09-05 19:18:59,
9193,2,9193,2022-10-27 19:18:59,2024-07-04 19:18:59,2023-09-05 19:18:59,2023-09-05 19:18:59,
9194,2,9194,2023-02-02 19:18:59,2024-03-17 19:18:59,2023-09-05 19:18:59,2023-09-05 19:18:59,
9195,3,9195,2023-02-10 19:18:59,2024-06-24 19:18:59,2023-09-05 19:18:59,2023-09-05 19:18:59,
9196,1,9196,2023-01-29 19:18:59,2024-03-06 19:18:59,2023-09-05 19:18:59,2023-09-05 19:18:59,
9197,1,9197,2023-04-03 19:18:59,2024-05-21 19:18:59,2023-09-05 19:18:59,2023-09-05 19:18:59,
9198,2,9198,2023-07-30 19:18:59,2024-06-03 19:18:59,2023-09-05 19:18:59,2023-09-05 19:18:59,
9199,3,9199,2023-08-04 19:18:59,2024-08-18 19:18:59,2023-09-05 19:18:59,2023-09-05 19:18:59,
9200,3,9200,2023-03-25 19:18:59,2023-11-09 19:18:59,2023-09-05 19:18:59,2023-09-05 19:18:59,
9201,2,9201,2022-11-17 19:18:59,2024-08-09 19:18:59,2023-09-05 19:18:59,2023-09-05 19:18:59,
9202,1,9202,2022-10-23 19:18:59,2024-08-13 19:18:59,2023-09-05 19:18:59,2023-09-05 19:18:59,
9203,3,9203,2023-08-24 19:18:59,2024-02-04 19:18:59,2023-09-05 19:18:59,2023-09-05 19:18:59,
9204,3,9204,2023-07-29 19:18:59,2024-02-10 19:18:59,2023-09-05 19:18:59,2023-09-05 19:18:59,
9205,1,9205,2023-05-03 19:18:59,2024-05-17 19:18:59,2023-09-05 19:18:59,2023-09-05 19:18:59,
9206,2,9206,2022-10-08 19:18:59,2024-01-12 19:18:59,2023-09-05 19:18:59,2023-09-05 19:18:59,
9207,2,9207,2023-05-25 19:18:59,2024-04-07 19:18:59,2023-09-05 19:18:59,2023-09-05 19:18:59,
9208,1,9208,2022-11-10 19:18:59,2024-02-20 19:18:59,2023-09-05 19:18:59,2023-09-05 19:18:59,
9209,2,9209,2023-08-02 19:18:59,2024-04-22 19:18:59,2023-09-05 19:18:59,2023-09-05 19:18:59,
9210,1,9210,2022-10-30 19:18:59,2024-07-11 19:18:59,2023-09-05 19:18:59,2023-09-05 19:18:59,
9211,1,9211,2023-08-21 19:18:59,2024-02-19 19:18:59,2023-09-05 19:18:59,2023-09-05 19:18:59,
9212,2,9212,2023-04-07 19:18:59,2024-06-30 19:18:59,2023-09-05 19:18:59,2023-09-05 19:18:59,
9213,2,9213,2022-12-20 19:18:59,2024-01-27 19:18:59,2023-09-05 19:18:59,2023-09-05 19:18:59,
9214,2,9214,2023-03-22 19:18:59,2024-04-27 19:18:59,2023-09-05 19:18:59,2023-09-05 19:18:59,
9215,1,9215,2023-05-11 19:18:59,2024-01-29 19:18:59,2023-09-05 19:18:59,2023-09-05 19:18:59,
9216,3,9216,2023-02-20 19:18:59,2024-04-12 19:18:59,2023-09-05 19:18:59,2023-09-05 19:18:59,
9217,2,9217,2023-01-16 19:18:59,2024-03-14 19:18:59,2023-09-05 19:18:59,2023-09-05 19:18:59,
9218,1,9218,2022-12-22 19:18:59,2024-04-14 19:18:59,2023-09-05 19:18:59,2023-09-05 19:18:59,
9219,1,9219,2023-01-29 19:18:59,2024-03-20 19:18:59,2023-09-05 19:18:59,2023-09-05 19:18:59,
9220,1,9220,2022-12-23 19:18:59,2024-06-19 19:18:59,2023-09-05 19:18:59,2023-09-05 19:18:59,
9221,1,9221,2023-02-18 19:18:59,2024-02-06 19:18:59,2023-09-05 19:18:59,2023-09-05 19:18:59,
9222,3,9222,2023-07-26 19:18:59,2023-12-31 19:18:59,2023-09-05 19:18:59,2023-09-05 19:18:59,
9223,1,9223,2023-03-16 19:18:59,2024-08-07 19:18:59,2023-09-05 19:18:59,2023-09-05 19:18:59,
9224,3,9224,2022-11-26 19:18:59,2024-01-23 19:18:59,2023-09-05 19:18:59,2023-09-05 19:18:59,
9225,3,9225,2023-08-18 19:18:59,2023-10-22 19:18:59,2023-09-05 19:18:59,2023-09-05 19:18:59,
9226,2,9226,2023-03-05 19:18:59,2024-05-04 19:18:59,2023-09-05 19:18:59,2023-09-05 19:18:59,
9227,2,9227,2023-04-27 19:18:59,2024-06-14 19:18:59,2023-09-05 19:18:59,2023-09-05 19:18:59,
9228,1,9228,2023-03-17 19:18:59,2024-01-01 19:18:59,2023-09-05 19:18:59,2023-09-05 19:18:59,
9229,2,9229,2023-06-20 19:18:59,2024-06-23 19:18:59,2023-09-05 19:18:59,2023-09-05 19:18:59,
9230,1,9230,2023-04-08 19:18:59,2023-12-11 19:18:59,2023-09-05 19:18:59,2023-09-05 19:18:59,
9231,3,9231,2023-09-04 19:18:59,2024-01-22 19:18:59,2023-09-05 19:18:59,2023-09-05 19:18:59,
9232,3,9232,2022-10-31 19:18:59,2024-03-24 19:18:59,2023-09-05 19:18:59,2023-09-05 19:18:59,
9233,1,9233,2023-06-09 19:18:59,2024-08-31 19:18:59,2023-09-05 19:18:59,2023-09-05 19:18:59,
9234,1,9234,2022-10-09 19:18:59,2024-08-31 19:18:59,2023-09-05 19:18:59,2023-09-05 19:18:59,
9235,3,9235,2023-02-14 19:18:59,2024-01-03 19:18:59,2023-09-05 19:18:59,2023-09-05 19:18:59,
9236,3,9236,2022-09-18 19:18:59,2024-02-04 19:18:59,2023-09-05 19:18:59,2023-09-05 19:18:59,
9237,1,9237,2023-02-13 19:18:59,2024-02-28 19:18:59,2023-09-05 19:18:59,2023-09-05 19:18:59,
9238,3,9238,2023-07-24 19:18:59,2024-06-23 19:18:59,2023-09-05 19:18:59,2023-09-05 19:18:59,
9239,3,9239,2022-09-27 19:18:59,2024-09-04 19:18:59,2023-09-05 19:18:59,2023-09-05 19:18:59,
9240,2,9240,2023-05-02 19:18:59,2024-03-11 19:18:59,2023-09-05 19:18:59,2023-09-05 19:18:59,
9241,2,9241,2023-01-22 19:18:59,2024-04-16 19:18:59,2023-09-05 19:18:59,2023-09-05 19:18:59,
9242,3,9242,2022-09-16 19:18:59,2024-06-17 19:18:59,2023-09-05 19:18:59,2023-09-05 19:18:59,
9243,1,9243,2023-07-31 19:18:59,2024-01-20 19:18:59,2023-09-05 19:18:59,2023-09-05 19:18:59,
9244,2,9244,2023-07-04 19:18:59,2024-05-19 19:18:59,2023-09-05 19:18:59,2023-09-05 19:18:59,
9245,1,9245,2022-09-28 19:18:59,2024-07-24 19:18:59,2023-09-05 19:18:59,2023-09-05 19:18:59,
9246,2,9246,2022-12-03 19:18:59,2023-11-27 19:18:59,2023-09-05 19:18:59,2023-09-05 19:18:59,
9247,1,9247,2023-02-26 19:18:59,2024-01-01 19:18:59,2023-09-05 19:18:59,2023-09-05 19:18:59,
9248,2,9248,2022-12-14 19:18:59,2024-04-06 19:18:59,2023-09-05 19:18:59,2023-09-05 19:18:59,
9249,3,9249,2023-04-29 19:18:59,2024-01-19 19:18:59,2023-09-05 19:18:59,2023-09-05 19:18:59,
9250,1,9250,2023-06-22 19:18:59,2023-12-05 19:18:59,2023-09-05 19:18:59,2023-09-05 19:18:59,
9251,1,9251,2023-08-05 19:18:59,2024-06-23 19:18:59,2023-09-05 19:18:59,2023-09-05 19:18:59,
9252,2,9252,2023-05-10 19:18:59,2023-11-04 19:18:59,2023-09-05 19:18:59,2023-09-05 19:18:59,
9253,2,9253,2022-11-30 19:18:59,2023-12-13 19:18:59,2023-09-05 19:18:59,2023-09-05 19:18:59,
9254,2,9254,2022-10-03 19:18:59,2024-03-13 19:18:59,2023-09-05 19:18:59,2023-09-05 19:18:59,
9255,3,9255,2022-11-04 19:18:59,2023-10-08 19:18:59,2023-09-05 19:18:59,2023-09-05 19:18:59,
9256,2,9256,2022-09-19 19:18:59,2024-08-14 19:18:59,2023-09-05 19:18:59,2023-09-05 19:18:59,
9257,3,9257,2022-10-18 19:18:59,2024-06-22 19:18:59,2023-09-05 19:18:59,2023-09-05 19:18:59,
9258,3,9258,2023-08-04 19:18:59,2024-01-28 19:18:59,2023-09-05 19:18:59,2023-09-05 19:18:59,
9259,2,9259,2022-12-04 19:18:59,2024-03-05 19:18:59,2023-09-05 19:18:59,2023-09-05 19:18:59,
9260,1,9260,2023-01-12 19:18:59,2024-06-27 19:18:59,2023-09-05 19:18:59,2023-09-05 19:18:59,
9261,1,9261,2022-09-26 19:18:59,2024-06-26 19:18:59,2023-09-05 19:18:59,2023-09-05 19:18:59,
9262,1,9262,2023-03-24 19:18:59,2023-12-05 19:18:59,2023-09-05 19:18:59,2023-09-05 19:18:59,
9263,2,9263,2022-12-23 19:18:59,2023-10-27 19:18:59,2023-09-05 19:18:59,2023-09-05 19:18:59,
9264,3,9264,2022-10-08 19:18:59,2024-03-13 19:18:59,2023-09-05 19:18:59,2023-09-05 19:18:59,
9265,3,9265,2023-04-26 19:18:59,2024-02-02 19:18:59,2023-09-05 19:18:59,2023-09-05 19:18:59,
9266,3,9266,2022-11-16 19:18:59,2024-04-30 19:18:59,2023-09-05 19:18:59,2023-09-05 19:18:59,
9267,3,9267,2022-09-08 19:18:59,2023-10-08 19:18:59,2023-09-05 19:18:59,2023-09-05 19:18:59,
9268,2,9268,2022-12-07 19:18:59,2023-10-18 19:18:59,2023-09-05 19:18:59,2023-09-05 19:18:59,
9269,1,9269,2023-06-14 19:18:59,2024-06-17 19:18:59,2023-09-05 19:18:59,2023-09-05 19:18:59,
9270,1,9270,2023-04-27 19:18:59,2024-02-28 19:18:59,2023-09-05 19:18:59,2023-09-05 19:18:59,
9271,1,9271,2022-09-16 19:18:59,2024-04-23 19:18:59,2023-09-05 19:18:59,2023-09-05 19:18:59,
9272,3,9272,2023-02-16 19:18:59,2024-06-04 19:18:59,2023-09-05 19:18:59,2023-09-05 19:18:59,
9273,3,9273,2022-12-07 19:18:59,2023-12-07 19:18:59,2023-09-05 19:18:59,2023-09-05 19:18:59,
9274,3,9274,2022-12-01 19:18:59,2023-12-04 19:18:59,2023-09-05 19:18:59,2023-09-05 19:18:59,
9275,2,9275,2023-06-07 19:18:59,2024-01-15 19:18:59,2023-09-05 19:18:59,2023-09-05 19:18:59,
9276,1,9276,2022-12-14 19:18:59,2024-03-03 19:18:59,2023-09-05 19:18:59,2023-09-05 19:18:59,
9277,2,9277,2023-08-31 19:18:59,2024-01-05 19:18:59,2023-09-05 19:18:59,2023-09-05 19:18:59,
9278,3,9278,2023-08-10 19:18:59,2024-04-20 19:18:59,2023-09-05 19:18:59,2023-09-05 19:18:59,
9279,3,9279,2023-09-05 19:18:59,2024-05-15 19:18:59,2023-09-05 19:18:59,2023-09-05 19:18:59,
9280,1,9280,2022-10-27 19:18:59,2024-02-03 19:18:59,2023-09-05 19:18:59,2023-09-05 19:18:59,
9281,1,9281,2023-04-18 19:18:59,2024-02-29 19:18:59,2023-09-05 19:18:59,2023-09-05 19:18:59,
9282,3,9282,2023-01-21 19:18:59,2024-05-07 19:18:59,2023-09-05 19:18:59,2023-09-05 19:18:59,
9283,2,9283,2022-10-01 19:18:59,2024-06-26 19:18:59,2023-09-05 19:18:59,2023-09-05 19:18:59,
9284,1,9284,2023-03-23 19:18:59,2024-05-13 19:18:59,2023-09-05 19:18:59,2023-09-05 19:18:59,
9285,3,9285,2023-03-05 19:18:59,2024-04-25 19:18:59,2023-09-05 19:18:59,2023-09-05 19:18:59,
9286,3,9286,2022-11-13 19:18:59,2024-08-30 19:18:59,2023-09-05 19:18:59,2023-09-05 19:18:59,
9287,3,9287,2023-06-06 19:18:59,2024-06-30 19:18:59,2023-09-05 19:18:59,2023-09-05 19:18:59,
9288,1,9288,2023-07-02 19:18:59,2024-09-02 19:18:59,2023-09-05 19:18:59,2023-09-05 19:18:59,
9289,3,9289,2022-11-28 19:18:59,2024-07-07 19:18:59,2023-09-05 19:18:59,2023-09-05 19:18:59,
9290,1,9290,2023-09-02 19:18:59,2024-03-17 19:18:59,2023-09-05 19:18:59,2023-09-05 19:18:59,
9291,2,9291,2023-04-14 19:18:59,2024-03-04 19:18:59,2023-09-05 19:18:59,2023-09-05 19:18:59,
9292,3,9292,2023-04-14 19:18:59,2023-12-03 19:18:59,2023-09-05 19:18:59,2023-09-05 19:18:59,
9293,3,9293,2023-03-06 19:18:59,2024-04-11 19:18:59,2023-09-05 19:18:59,2023-09-05 19:18:59,
9294,1,9294,2022-10-04 19:18:59,2024-06-10 19:18:59,2023-09-05 19:18:59,2023-09-05 19:18:59,
9295,1,9295,2023-01-18 19:18:59,2024-01-18 19:18:59,2023-09-05 19:18:59,2023-09-05 19:18:59,
9296,2,9296,2023-02-16 19:18:59,2023-11-07 19:18:59,2023-09-05 19:18:59,2023-09-05 19:18:59,
9297,3,9297,2023-03-17 19:18:59,2024-01-08 19:18:59,2023-09-05 19:18:59,2023-09-05 19:18:59,
9298,3,9298,2023-06-18 19:18:59,2023-11-29 19:18:59,2023-09-05 19:18:59,2023-09-05 19:18:59,
9299,1,9299,2022-11-25 19:18:59,2024-07-19 19:18:59,2023-09-05 19:18:59,2023-09-05 19:18:59,
9300,2,9300,2023-08-16 19:18:59,2024-03-08 19:18:59,2023-09-05 19:18:59,2023-09-05 19:18:59,
9301,1,9301,2023-04-13 19:18:59,2024-05-19 19:18:59,2023-09-05 19:18:59,2023-09-05 19:18:59,
9302,3,9302,2023-04-01 19:18:59,2024-03-26 19:18:59,2023-09-05 19:18:59,2023-09-05 19:18:59,
9303,1,9303,2023-04-18 19:18:59,2023-11-19 19:18:59,2023-09-05 19:18:59,2023-09-05 19:18:59,
9304,1,9304,2022-12-19 19:18:59,2024-01-30 19:18:59,2023-09-05 19:18:59,2023-09-05 19:18:59,
9305,3,9305,2023-03-02 19:18:59,2024-04-06 19:18:59,2023-09-05 19:18:59,2023-09-05 19:18:59,
9306,2,9306,2023-02-04 19:18:59,2024-02-10 19:18:59,2023-09-05 19:18:59,2023-09-05 19:18:59,
9307,1,9307,2023-07-23 19:18:59,2024-01-11 19:18:59,2023-09-05 19:18:59,2023-09-05 19:18:59,
9308,3,9308,2022-11-29 19:18:59,2024-05-06 19:18:59,2023-09-05 19:18:59,2023-09-05 19:18:59,
9309,1,9309,2023-02-07 19:18:59,2023-12-15 19:18:59,2023-09-05 19:18:59,2023-09-05 19:18:59,
9310,2,9310,2023-01-23 19:18:59,2024-06-22 19:18:59,2023-09-05 19:18:59,2023-09-05 19:18:59,
9311,2,9311,2022-11-19 19:18:59,2024-02-23 19:18:59,2023-09-05 19:18:59,2023-09-05 19:18:59,
9312,2,9312,2023-08-06 19:18:59,2024-04-16 19:18:59,2023-09-05 19:18:59,2023-09-05 19:18:59,
9313,2,9313,2022-12-04 19:18:59,2024-01-24 19:18:59,2023-09-05 19:18:59,2023-09-05 19:18:59,
9314,3,9314,2022-10-31 19:18:59,2024-05-10 19:18:59,2023-09-05 19:18:59,2023-09-05 19:18:59,
9315,1,9315,2022-11-10 19:18:59,2023-11-05 19:18:59,2023-09-05 19:18:59,2023-09-05 19:18:59,
9316,1,9316,2023-03-24 19:18:59,2024-06-08 19:18:59,2023-09-05 19:18:59,2023-09-05 19:18:59,
9317,2,9317,2023-05-22 19:18:59,2023-10-17 19:18:59,2023-09-05 19:18:59,2023-09-05 19:18:59,
9318,1,9318,2022-11-18 19:18:59,2024-07-23 19:18:59,2023-09-05 19:18:59,2023-09-05 19:18:59,
9319,1,9319,2023-01-09 19:18:59,2024-06-20 19:18:59,2023-09-05 19:18:59,2023-09-05 19:18:59,
9320,3,9320,2023-02-07 19:18:59,2023-10-07 19:18:59,2023-09-05 19:18:59,2023-09-05 19:18:59,
9321,1,9321,2023-01-17 19:18:59,2024-05-18 19:18:59,2023-09-05 19:18:59,2023-09-05 19:18:59,
9322,2,9322,2022-09-26 19:18:59,2024-06-30 19:18:59,2023-09-05 19:18:59,2023-09-05 19:18:59,
9323,1,9323,2023-02-18 19:18:59,2024-07-13 19:18:59,2023-09-05 19:18:59,2023-09-05 19:18:59,
9324,1,9324,2023-07-26 19:18:59,2024-03-03 19:18:59,2023-09-05 19:18:59,2023-09-05 19:18:59,
9325,1,9325,2022-11-01 19:18:59,2024-03-13 19:18:59,2023-09-05 19:18:59,2023-09-05 19:18:59,
9326,1,9326,2022-12-14 19:18:59,2024-05-15 19:18:59,2023-09-05 19:18:59,2023-09-05 19:18:59,
9327,2,9327,2023-08-22 19:18:59,2023-10-11 19:18:59,2023-09-05 19:18:59,2023-09-05 19:18:59,
9328,1,9328,2022-11-27 19:18:59,2023-11-26 19:18:59,2023-09-05 19:18:59,2023-09-05 19:18:59,
9329,3,9329,2023-06-24 19:18:59,2024-06-14 19:18:59,2023-09-05 19:18:59,2023-09-05 19:18:59,
9330,2,9330,2022-10-04 19:18:59,2023-10-21 19:18:59,2023-09-05 19:18:59,2023-09-05 19:18:59,
9331,2,9331,2022-11-17 19:18:59,2024-04-26 19:18:59,2023-09-05 19:18:59,2023-09-05 19:18:59,
9332,2,9332,2023-03-13 19:18:59,2024-02-27 19:18:59,2023-09-05 19:18:59,2023-09-05 19:18:59,
9333,1,9333,2023-03-16 19:18:59,2023-10-11 19:18:59,2023-09-05 19:18:59,2023-09-05 19:18:59,
9334,1,9334,2023-04-30 19:18:59,2023-12-23 19:18:59,2023-09-05 19:18:59,2023-09-05 19:18:59,
9335,1,9335,2022-10-01 19:18:59,2024-05-06 19:18:59,2023-09-05 19:18:59,2023-09-05 19:18:59,
9336,2,9336,2023-04-06 19:18:59,2024-06-27 19:18:59,2023-09-05 19:18:59,2023-09-05 19:18:59,
9337,3,9337,2023-07-14 19:18:59,2024-08-08 19:18:59,2023-09-05 19:18:59,2023-09-05 19:18:59,
9338,1,9338,2023-07-16 19:18:59,2024-07-31 19:18:59,2023-09-05 19:18:59,2023-09-05 19:18:59,
9339,2,9339,2023-02-25 19:18:59,2024-02-20 19:18:59,2023-09-05 19:18:59,2023-09-05 19:18:59,
9340,2,9340,2023-03-16 19:18:59,2024-05-29 19:18:59,2023-09-05 19:18:59,2023-09-05 19:18:59,
9341,3,9341,2023-08-12 19:18:59,2023-11-20 19:18:59,2023-09-05 19:18:59,2023-09-05 19:18:59,
9342,1,9342,2023-01-07 19:18:59,2024-06-24 19:18:59,2023-09-05 19:18:59,2023-09-05 19:18:59,
9343,2,9343,2023-04-05 19:18:59,2024-04-02 19:18:59,2023-09-05 19:18:59,2023-09-05 19:18:59,
9344,1,9344,2022-12-22 19:18:59,2024-01-16 19:18:59,2023-09-05 19:18:59,2023-09-05 19:18:59,
9345,3,9345,2023-01-06 19:18:59,2024-04-10 19:18:59,2023-09-05 19:18:59,2023-09-05 19:18:59,
9346,2,9346,2022-10-20 19:18:59,2024-01-17 19:18:59,2023-09-05 19:18:59,2023-09-05 19:18:59,
9347,1,9347,2023-05-23 19:18:59,2023-12-14 19:18:59,2023-09-05 19:18:59,2023-09-05 19:18:59,
9348,2,9348,2023-06-11 19:18:59,2024-08-04 19:18:59,2023-09-05 19:18:59,2023-09-05 19:18:59,
9349,3,9349,2023-02-02 19:18:59,2024-03-03 19:18:59,2023-09-05 19:18:59,2023-09-05 19:18:59,
9350,1,9350,2023-01-05 19:18:59,2024-02-16 19:18:59,2023-09-05 19:18:59,2023-09-05 19:18:59,
9351,2,9351,2022-09-24 19:18:59,2024-05-20 19:18:59,2023-09-05 19:18:59,2023-09-05 19:18:59,
9352,1,9352,2023-01-08 19:18:59,2024-05-27 19:18:59,2023-09-05 19:18:59,2023-09-05 19:18:59,
9353,2,9353,2023-04-28 19:18:59,2023-11-07 19:18:59,2023-09-05 19:18:59,2023-09-05 19:18:59,
9354,3,9354,2023-07-02 19:18:59,2024-03-20 19:18:59,2023-09-05 19:18:59,2023-09-05 19:18:59,
9355,3,9355,2023-02-19 19:18:59,2023-10-13 19:18:59,2023-09-05 19:18:59,2023-09-05 19:18:59,
9356,1,9356,2023-04-28 19:18:59,2024-04-14 19:18:59,2023-09-05 19:18:59,2023-09-05 19:18:59,
9357,1,9357,2022-12-31 19:18:59,2024-05-16 19:18:59,2023-09-05 19:18:59,2023-09-05 19:18:59,
9358,2,9358,2023-05-27 19:18:59,2024-01-28 19:18:59,2023-09-05 19:18:59,2023-09-05 19:18:59,
9359,2,9359,2023-05-07 19:18:59,2024-06-07 19:18:59,2023-09-05 19:18:59,2023-09-05 19:18:59,
9360,1,9360,2023-08-31 19:18:59,2024-06-04 19:18:59,2023-09-05 19:18:59,2023-09-05 19:18:59,
9361,3,9361,2023-04-05 19:18:59,2024-02-14 19:18:59,2023-09-05 19:18:59,2023-09-05 19:18:59,
9362,2,9362,2022-11-22 19:18:59,2024-02-10 19:18:59,2023-09-05 19:18:59,2023-09-05 19:18:59,
9363,3,9363,2023-03-06 19:18:59,2024-06-09 19:18:59,2023-09-05 19:18:59,2023-09-05 19:18:59,
9364,2,9364,2023-03-08 19:18:59,2024-01-27 19:18:59,2023-09-05 19:18:59,2023-09-05 19:18:59,
9365,3,9365,2023-08-04 19:18:59,2024-04-27 19:18:59,2023-09-05 19:18:59,2023-09-05 19:18:59,
9366,2,9366,2023-01-01 19:18:59,2024-03-02 19:18:59,2023-09-05 19:18:59,2023-09-05 19:18:59,
9367,1,9367,2022-10-08 19:18:59,2024-04-30 19:18:59,2023-09-05 19:18:59,2023-09-05 19:18:59,
9368,1,9368,2022-11-29 19:18:59,2023-11-10 19:18:59,2023-09-05 19:18:59,2023-09-05 19:18:59,
9369,1,9369,2023-08-31 19:18:59,2024-03-04 19:18:59,2023-09-05 19:18:59,2023-09-05 19:18:59,
9370,2,9370,2022-11-06 19:18:59,2024-01-16 19:18:59,2023-09-05 19:18:59,2023-09-05 19:18:59,
9371,2,9371,2023-02-07 19:18:59,2023-11-18 19:18:59,2023-09-05 19:18:59,2023-09-05 19:18:59,
9372,2,9372,2023-01-21 19:18:59,2024-09-04 19:18:59,2023-09-05 19:18:59,2023-09-05 19:18:59,
9373,3,9373,2023-06-07 19:18:59,2023-11-02 19:18:59,2023-09-05 19:18:59,2023-09-05 19:18:59,
9374,3,9374,2023-08-21 19:18:59,2024-01-01 19:18:59,2023-09-05 19:18:59,2023-09-05 19:18:59,
9375,1,9375,2023-01-21 19:18:59,2024-04-19 19:18:59,2023-09-05 19:18:59,2023-09-05 19:18:59,
9376,2,9376,2022-10-10 19:18:59,2024-04-12 19:18:59,2023-09-05 19:18:59,2023-09-05 19:18:59,
9377,1,9377,2023-03-08 19:18:59,2024-05-12 19:18:59,2023-09-05 19:18:59,2023-09-05 19:18:59,
9378,3,9378,2023-06-13 19:18:59,2024-01-22 19:18:59,2023-09-05 19:18:59,2023-09-05 19:18:59,
9379,1,9379,2023-06-25 19:18:59,2024-03-26 19:18:59,2023-09-05 19:18:59,2023-09-05 19:18:59,
9380,1,9380,2022-10-28 19:18:59,2024-06-30 19:18:59,2023-09-05 19:18:59,2023-09-05 19:18:59,
9381,3,9381,2023-08-24 19:18:59,2024-03-22 19:18:59,2023-09-05 19:18:59,2023-09-05 19:18:59,
9382,1,9382,2023-09-01 19:18:59,2024-06-16 19:18:59,2023-09-05 19:18:59,2023-09-05 19:18:59,
9383,3,9383,2023-07-04 19:18:59,2023-12-07 19:18:59,2023-09-05 19:18:59,2023-09-05 19:18:59,
9384,3,9384,2023-07-12 19:18:59,2024-03-12 19:18:59,2023-09-05 19:18:59,2023-09-05 19:18:59,
9385,3,9385,2023-08-15 19:18:59,2024-02-27 19:18:59,2023-09-05 19:18:59,2023-09-05 19:18:59,
9386,3,9386,2023-09-01 19:18:59,2024-03-18 19:18:59,2023-09-05 19:18:59,2023-09-05 19:18:59,
9387,1,9387,2023-04-25 19:18:59,2024-02-03 19:18:59,2023-09-05 19:18:59,2023-09-05 19:18:59,
9388,2,9388,2023-06-24 19:18:59,2024-02-17 19:18:59,2023-09-05 19:18:59,2023-09-05 19:18:59,
9389,2,9389,2023-05-04 19:18:59,2024-05-06 19:18:59,2023-09-05 19:18:59,2023-09-05 19:18:59,
9390,1,9390,2022-12-16 19:18:59,2023-10-19 19:18:59,2023-09-05 19:18:59,2023-09-05 19:18:59,
9391,2,9391,2023-05-12 19:18:59,2024-04-01 19:18:59,2023-09-05 19:18:59,2023-09-05 19:18:59,
9392,3,9392,2023-08-08 19:18:59,2023-12-12 19:18:59,2023-09-05 19:18:59,2023-09-05 19:18:59,
9393,1,9393,2023-01-12 19:18:59,2024-02-18 19:18:59,2023-09-05 19:18:59,2023-09-05 19:18:59,
9394,3,9394,2023-01-29 19:18:59,2023-12-17 19:18:59,2023-09-05 19:18:59,2023-09-05 19:18:59,
9395,2,9395,2022-11-11 19:18:59,2024-02-14 19:18:59,2023-09-05 19:18:59,2023-09-05 19:18:59,
9396,2,9396,2023-05-13 19:18:59,2024-04-13 19:18:59,2023-09-05 19:18:59,2023-09-05 19:18:59,
9397,3,9397,2023-02-26 19:18:59,2024-02-21 19:18:59,2023-09-05 19:18:59,2023-09-05 19:18:59,
9398,1,9398,2022-12-16 19:18:59,2024-08-10 19:18:59,2023-09-05 19:18:59,2023-09-05 19:18:59,
9399,3,9399,2023-02-17 19:18:59,2024-06-22 19:18:59,2023-09-05 19:18:59,2023-09-05 19:18:59,
9400,3,9400,2023-02-16 19:18:59,2024-04-12 19:18:59,2023-09-05 19:18:59,2023-09-05 19:18:59,
9401,1,9401,2023-01-21 19:18:59,2024-04-25 19:18:59,2023-09-05 19:18:59,2023-09-05 19:18:59,
9402,3,9402,2023-05-09 19:18:59,2024-03-15 19:18:59,2023-09-05 19:18:59,2023-09-05 19:18:59,
9403,2,9403,2023-06-24 19:18:59,2024-04-04 19:18:59,2023-09-05 19:18:59,2023-09-05 19:18:59,
9404,3,9404,2023-06-04 19:18:59,2024-03-02 19:18:59,2023-09-05 19:18:59,2023-09-05 19:18:59,
9405,1,9405,2023-06-09 19:18:59,2024-05-12 19:18:59,2023-09-05 19:18:59,2023-09-05 19:18:59,
9406,3,9406,2023-03-17 19:18:59,2024-04-19 19:18:59,2023-09-05 19:18:59,2023-09-05 19:18:59,
9407,3,9407,2023-03-31 19:18:59,2023-11-22 19:18:59,2023-09-05 19:18:59,2023-09-05 19:18:59,
9408,1,9408,2023-07-02 19:18:59,2024-01-10 19:18:59,2023-09-05 19:18:59,2023-09-05 19:18:59,
9409,1,9409,2023-03-27 19:18:59,2024-02-27 19:18:59,2023-09-05 19:18:59,2023-09-05 19:18:59,
9410,1,9410,2022-11-21 19:18:59,2024-07-09 19:18:59,2023-09-05 19:18:59,2023-09-05 19:18:59,
9411,1,9411,2023-06-13 19:18:59,2024-05-08 19:18:59,2023-09-05 19:18:59,2023-09-05 19:18:59,
9412,1,9412,2023-01-17 19:18:59,2024-02-03 19:18:59,2023-09-05 19:18:59,2023-09-05 19:18:59,
9413,1,9413,2023-01-05 19:18:59,2024-06-22 19:18:59,2023-09-05 19:18:59,2023-09-05 19:18:59,
9414,1,9414,2023-03-09 19:18:59,2024-06-09 19:18:59,2023-09-05 19:18:59,2023-09-05 19:18:59,
9415,1,9415,2023-03-02 19:18:59,2024-07-22 19:18:59,2023-09-05 19:18:59,2023-09-05 19:18:59,
9416,1,9416,2022-09-11 19:18:59,2024-06-09 19:18:59,2023-09-05 19:18:59,2023-09-05 19:18:59,
9417,2,9417,2023-07-13 19:18:59,2024-03-09 19:18:59,2023-09-05 19:18:59,2023-09-05 19:18:59,
9418,1,9418,2023-03-17 19:18:59,2023-11-23 19:18:59,2023-09-05 19:18:59,2023-09-05 19:18:59,
9419,1,9419,2023-05-13 19:18:59,2024-03-05 19:18:59,2023-09-05 19:18:59,2023-09-05 19:18:59,
9420,2,9420,2023-01-18 19:18:59,2024-01-23 19:18:59,2023-09-05 19:18:59,2023-09-05 19:18:59,
9421,3,9421,2023-05-15 19:18:59,2023-10-08 19:18:59,2023-09-05 19:18:59,2023-09-05 19:18:59,
9422,2,9422,2023-04-08 19:18:59,2023-11-26 19:18:59,2023-09-05 19:18:59,2023-09-05 19:18:59,
9423,2,9423,2023-09-05 19:18:59,2024-03-10 19:18:59,2023-09-05 19:18:59,2023-09-05 19:18:59,
9424,2,9424,2023-08-05 19:18:59,2023-10-24 19:18:59,2023-09-05 19:18:59,2023-09-05 19:18:59,
9425,1,9425,2023-01-11 19:18:59,2024-02-12 19:18:59,2023-09-05 19:18:59,2023-09-05 19:18:59,
9426,3,9426,2022-10-22 19:18:59,2024-07-04 19:18:59,2023-09-05 19:18:59,2023-09-05 19:18:59,
9427,3,9427,2023-01-01 19:18:59,2024-06-20 19:18:59,2023-09-05 19:18:59,2023-09-05 19:18:59,
9428,2,9428,2022-12-16 19:18:59,2023-12-25 19:18:59,2023-09-05 19:18:59,2023-09-05 19:18:59,
9429,3,9429,2023-04-26 19:18:59,2024-01-19 19:18:59,2023-09-05 19:18:59,2023-09-05 19:18:59,
9430,3,9430,2023-08-14 19:18:59,2024-07-02 19:18:59,2023-09-05 19:18:59,2023-09-05 19:18:59,
9431,1,9431,2023-05-14 19:18:59,2024-05-10 19:18:59,2023-09-05 19:18:59,2023-09-05 19:18:59,
9432,2,9432,2023-03-01 19:18:59,2024-02-17 19:18:59,2023-09-05 19:18:59,2023-09-05 19:18:59,
9433,1,9433,2023-07-30 19:18:59,2023-11-08 19:18:59,2023-09-05 19:18:59,2023-09-05 19:18:59,
9434,1,9434,2023-04-18 19:18:59,2024-02-26 19:18:59,2023-09-05 19:18:59,2023-09-05 19:18:59,
9435,2,9435,2023-01-22 19:18:59,2024-05-15 19:18:59,2023-09-05 19:18:59,2023-09-05 19:18:59,
9436,2,9436,2022-11-10 19:18:59,2024-08-13 19:18:59,2023-09-05 19:18:59,2023-09-05 19:18:59,
9437,3,9437,2023-01-21 19:18:59,2024-01-21 19:18:59,2023-09-05 19:18:59,2023-09-05 19:18:59,
9438,1,9438,2022-12-07 19:18:59,2024-03-12 19:18:59,2023-09-05 19:18:59,2023-09-05 19:18:59,
9439,2,9439,2023-07-15 19:18:59,2024-01-12 19:18:59,2023-09-05 19:18:59,2023-09-05 19:18:59,
9440,3,9440,2023-07-19 19:18:59,2024-02-16 19:18:59,2023-09-05 19:18:59,2023-09-05 19:18:59,
9441,1,9441,2022-10-07 19:18:59,2023-12-11 19:18:59,2023-09-05 19:18:59,2023-09-05 19:18:59,
9442,1,9442,2023-06-08 19:18:59,2024-02-24 19:18:59,2023-09-05 19:18:59,2023-09-05 19:18:59,
9443,2,9443,2022-11-10 19:18:59,2023-10-29 19:18:59,2023-09-05 19:18:59,2023-09-05 19:18:59,
9444,3,9444,2022-09-10 19:18:59,2024-05-22 19:18:59,2023-09-05 19:18:59,2023-09-05 19:18:59,
9445,2,9445,2022-11-08 19:18:59,2024-07-16 19:18:59,2023-09-05 19:18:59,2023-09-05 19:18:59,
9446,1,9446,2023-07-22 19:18:59,2023-11-10 19:18:59,2023-09-05 19:18:59,2023-09-05 19:18:59,
9447,1,9447,2023-01-26 19:18:59,2023-12-08 19:18:59,2023-09-05 19:18:59,2023-09-05 19:18:59,
9448,2,9448,2022-10-14 19:18:59,2024-02-29 19:18:59,2023-09-05 19:18:59,2023-09-05 19:18:59,
9449,2,9449,2023-01-18 19:18:59,2024-05-30 19:18:59,2023-09-05 19:18:59,2023-09-05 19:18:59,
9450,1,9450,2023-08-21 19:18:59,2023-11-09 19:18:59,2023-09-05 19:18:59,2023-09-05 19:18:59,
9451,1,9451,2023-02-10 19:18:59,2024-01-15 19:18:59,2023-09-05 19:18:59,2023-09-05 19:18:59,
9452,2,9452,2023-03-12 19:18:59,2024-03-26 19:18:59,2023-09-05 19:18:59,2023-09-05 19:18:59,
9453,1,9453,2023-01-13 19:18:59,2024-02-21 19:18:59,2023-09-05 19:18:59,2023-09-05 19:18:59,
9454,3,9454,2023-06-30 19:18:59,2024-06-22 19:18:59,2023-09-05 19:18:59,2023-09-05 19:18:59,
9455,3,9455,2022-09-22 19:18:59,2023-11-24 19:18:59,2023-09-05 19:18:59,2023-09-05 19:18:59,
9456,3,9456,2023-01-24 19:18:59,2024-06-18 19:18:59,2023-09-05 19:18:59,2023-09-05 19:18:59,
9457,1,9457,2022-10-18 19:18:59,2023-10-13 19:18:59,2023-09-05 19:18:59,2023-09-05 19:18:59,
9458,1,9458,2023-01-10 19:18:59,2024-05-09 19:18:59,2023-09-05 19:18:59,2023-09-05 19:18:59,
9459,1,9459,2022-09-21 19:18:59,2024-02-04 19:18:59,2023-09-05 19:18:59,2023-09-05 19:18:59,
9460,3,9460,2022-12-10 19:18:59,2024-04-25 19:18:59,2023-09-05 19:18:59,2023-09-05 19:18:59,
9461,2,9461,2022-11-01 19:18:59,2024-08-27 19:18:59,2023-09-05 19:18:59,2023-09-05 19:18:59,
9462,2,9462,2023-03-12 19:18:59,2024-08-02 19:18:59,2023-09-05 19:18:59,2023-09-05 19:18:59,
9463,3,9463,2022-12-14 19:18:59,2023-12-06 19:18:59,2023-09-05 19:18:59,2023-09-05 19:18:59,
9464,3,9464,2023-04-09 19:18:59,2024-01-07 19:18:59,2023-09-05 19:18:59,2023-09-05 19:18:59,
9465,2,9465,2022-09-24 19:18:59,2023-11-01 19:18:59,2023-09-05 19:18:59,2023-09-05 19:18:59,
9466,2,9466,2022-09-16 19:18:59,2024-04-21 19:18:59,2023-09-05 19:18:59,2023-09-05 19:18:59,
9467,1,9467,2022-10-23 19:18:59,2024-05-23 19:18:59,2023-09-05 19:18:59,2023-09-05 19:18:59,
9468,3,9468,2022-11-11 19:18:59,2024-06-16 19:18:59,2023-09-05 19:18:59,2023-09-05 19:18:59,
9469,1,9469,2022-10-02 19:18:59,2024-07-25 19:18:59,2023-09-05 19:18:59,2023-09-05 19:18:59,
9470,3,9470,2023-01-30 19:18:59,2024-03-23 19:18:59,2023-09-05 19:18:59,2023-09-05 19:18:59,
9471,3,9471,2023-01-10 19:18:59,2023-10-12 19:18:59,2023-09-05 19:18:59,2023-09-05 19:18:59,
9472,2,9472,2023-02-19 19:18:59,2024-05-02 19:18:59,2023-09-05 19:18:59,2023-09-05 19:18:59,
9473,1,9473,2023-03-23 19:18:59,2024-05-03 19:18:59,2023-09-05 19:18:59,2023-09-05 19:18:59,
9474,3,9474,2022-10-21 19:18:59,2024-01-03 19:18:59,2023-09-05 19:18:59,2023-09-05 19:18:59,
9475,1,9475,2023-04-24 19:18:59,2023-10-12 19:18:59,2023-09-05 19:18:59,2023-09-05 19:18:59,
9476,3,9476,2022-12-04 19:18:59,2024-04-30 19:18:59,2023-09-05 19:18:59,2023-09-05 19:18:59,
9477,3,9477,2023-08-27 19:18:59,2024-07-09 19:18:59,2023-09-05 19:18:59,2023-09-05 19:18:59,
9478,2,9478,2023-05-10 19:18:59,2024-01-14 19:18:59,2023-09-05 19:18:59,2023-09-05 19:18:59,
9479,1,9479,2023-02-07 19:18:59,2024-04-20 19:18:59,2023-09-05 19:18:59,2023-09-05 19:18:59,
9480,3,9480,2022-11-09 19:18:59,2024-01-13 19:18:59,2023-09-05 19:18:59,2023-09-05 19:18:59,
9481,1,9481,2023-02-18 19:18:59,2024-02-02 19:18:59,2023-09-05 19:18:59,2023-09-05 19:18:59,
9482,3,9482,2023-05-06 19:18:59,2023-12-28 19:18:59,2023-09-05 19:18:59,2023-09-05 19:18:59,
9483,3,9483,2022-12-16 19:18:59,2024-01-04 19:18:59,2023-09-05 19:18:59,2023-09-05 19:18:59,
9484,2,9484,2023-05-12 19:18:59,2023-11-01 19:18:59,2023-09-05 19:18:59,2023-09-05 19:18:59,
9485,3,9485,2023-07-18 19:18:59,2024-01-11 19:18:59,2023-09-05 19:18:59,2023-09-05 19:18:59,
9486,2,9486,2023-04-19 19:18:59,2024-04-12 19:18:59,2023-09-05 19:18:59,2023-09-05 19:18:59,
9487,2,9487,2022-09-11 19:18:59,2023-10-18 19:18:59,2023-09-05 19:18:59,2023-09-05 19:18:59,
9488,3,9488,2023-06-13 19:18:59,2023-12-31 19:18:59,2023-09-05 19:18:59,2023-09-05 19:18:59,
9489,2,9489,2023-06-29 19:18:59,2023-11-18 19:18:59,2023-09-05 19:18:59,2023-09-05 19:18:59,
9490,1,9490,2023-02-18 19:18:59,2024-04-23 19:18:59,2023-09-05 19:18:59,2023-09-05 19:18:59,
9491,2,9491,2023-06-11 19:18:59,2024-02-02 19:18:59,2023-09-05 19:18:59,2023-09-05 19:18:59,
9492,2,9492,2023-07-07 19:18:59,2024-06-24 19:18:59,2023-09-05 19:18:59,2023-09-05 19:18:59,
9493,2,9493,2023-05-02 19:18:59,2024-04-21 19:18:59,2023-09-05 19:18:59,2023-09-05 19:18:59,
9494,3,9494,2023-04-30 19:18:59,2024-09-02 19:18:59,2023-09-05 19:18:59,2023-09-05 19:18:59,
9495,3,9495,2023-02-06 19:18:59,2024-02-22 19:18:59,2023-09-05 19:18:59,2023-09-05 19:18:59,
9496,3,9496,2022-09-30 19:18:59,2024-03-09 19:18:59,2023-09-05 19:18:59,2023-09-05 19:18:59,
9497,2,9497,2023-05-25 19:18:59,2024-07-14 19:18:59,2023-09-05 19:18:59,2023-09-05 19:18:59,
9498,3,9498,2023-07-13 19:18:59,2024-03-11 19:18:59,2023-09-05 19:18:59,2023-09-05 19:18:59,
9499,1,9499,2022-09-08 19:18:59,2023-11-15 19:18:59,2023-09-05 19:18:59,2023-09-05 19:18:59,
9500,3,9500,2023-01-24 19:18:59,2024-08-24 19:18:59,2023-09-05 19:18:59,2023-09-05 19:18:59,
9501,2,9501,2023-08-30 19:18:59,2023-10-06 19:18:59,2023-09-05 19:18:59,2023-09-05 19:18:59,
9502,2,9502,2022-09-16 19:18:59,2024-08-08 19:18:59,2023-09-05 19:18:59,2023-09-05 19:18:59,
9503,1,9503,2022-11-27 19:18:59,2023-12-03 19:18:59,2023-09-05 19:18:59,2023-09-05 19:18:59,
9504,1,9504,2023-05-11 19:18:59,2024-07-18 19:18:59,2023-09-05 19:18:59,2023-09-05 19:18:59,
9505,3,9505,2023-03-18 19:18:59,2023-11-13 19:18:59,2023-09-05 19:18:59,2023-09-05 19:18:59,
9506,2,9506,2023-06-27 19:18:59,2024-01-25 19:18:59,2023-09-05 19:18:59,2023-09-05 19:18:59,
9507,1,9507,2022-09-09 19:18:59,2023-11-28 19:18:59,2023-09-05 19:18:59,2023-09-05 19:18:59,
9508,2,9508,2023-05-24 19:18:59,2024-03-07 19:18:59,2023-09-05 19:18:59,2023-09-05 19:18:59,
9509,1,9509,2022-10-30 19:18:59,2024-04-21 19:18:59,2023-09-05 19:18:59,2023-09-05 19:18:59,
9510,3,9510,2023-07-17 19:18:59,2023-12-26 19:18:59,2023-09-05 19:18:59,2023-09-05 19:18:59,
9511,1,9511,2023-03-10 19:18:59,2023-11-05 19:18:59,2023-09-05 19:18:59,2023-09-05 19:18:59,
9512,3,9512,2023-04-13 19:18:59,2024-08-25 19:18:59,2023-09-05 19:18:59,2023-09-05 19:18:59,
9513,2,9513,2023-07-16 19:18:59,2024-08-12 19:18:59,2023-09-05 19:18:59,2023-09-05 19:18:59,
9514,3,9514,2023-01-02 19:18:59,2023-10-17 19:18:59,2023-09-05 19:18:59,2023-09-05 19:18:59,
9515,3,9515,2023-03-16 19:18:59,2024-04-25 19:18:59,2023-09-05 19:18:59,2023-09-05 19:18:59,
9516,1,9516,2022-11-03 19:18:59,2023-11-02 19:18:59,2023-09-05 19:18:59,2023-09-05 19:18:59,
9517,2,9517,2022-10-07 19:18:59,2023-10-14 19:18:59,2023-09-05 19:18:59,2023-09-05 19:18:59,
9518,2,9518,2023-02-08 19:18:59,2023-12-08 19:18:59,2023-09-05 19:18:59,2023-09-05 19:18:59,
9519,1,9519,2023-08-27 19:18:59,2024-04-22 19:18:59,2023-09-05 19:18:59,2023-09-05 19:18:59,
9520,2,9520,2022-10-25 19:18:59,2023-10-26 19:18:59,2023-09-05 19:18:59,2023-09-05 19:18:59,
9521,2,9521,2023-01-07 19:18:59,2023-10-24 19:18:59,2023-09-05 19:18:59,2023-09-05 19:18:59,
9522,1,9522,2022-10-10 19:18:59,2024-05-04 19:18:59,2023-09-05 19:18:59,2023-09-05 19:18:59,
9523,3,9523,2023-01-07 19:18:59,2024-05-08 19:18:59,2023-09-05 19:18:59,2023-09-05 19:18:59,
9524,2,9524,2023-07-31 19:18:59,2024-05-26 19:18:59,2023-09-05 19:18:59,2023-09-05 19:18:59,
9525,2,9525,2022-10-02 19:18:59,2024-08-29 19:18:59,2023-09-05 19:18:59,2023-09-05 19:18:59,
9526,3,9526,2023-07-05 19:18:59,2024-06-13 19:18:59,2023-09-05 19:18:59,2023-09-05 19:18:59,
9527,3,9527,2023-02-27 19:18:59,2024-07-04 19:18:59,2023-09-05 19:18:59,2023-09-05 19:18:59,
9528,1,9528,2022-09-26 19:18:59,2024-07-23 19:18:59,2023-09-05 19:18:59,2023-09-05 19:18:59,
9529,2,9529,2022-11-12 19:18:59,2024-05-14 19:18:59,2023-09-05 19:18:59,2023-09-05 19:18:59,
9530,1,9530,2023-01-05 19:18:59,2024-07-14 19:18:59,2023-09-05 19:18:59,2023-09-05 19:18:59,
9531,2,9531,2022-10-04 19:18:59,2024-04-20 19:18:59,2023-09-05 19:18:59,2023-09-05 19:18:59,
9532,2,9532,2023-07-25 19:18:59,2023-10-29 19:18:59,2023-09-05 19:18:59,2023-09-05 19:18:59,
9533,2,9533,2023-08-31 19:18:59,2024-03-06 19:18:59,2023-09-05 19:18:59,2023-09-05 19:18:59,
9534,2,9534,2023-08-19 19:18:59,2023-10-26 19:18:59,2023-09-05 19:18:59,2023-09-05 19:18:59,
9535,3,9535,2023-03-01 19:18:59,2024-02-08 19:18:59,2023-09-05 19:18:59,2023-09-05 19:18:59,
9536,2,9536,2023-06-25 19:18:59,2024-01-14 19:18:59,2023-09-05 19:18:59,2023-09-05 19:18:59,
9537,1,9537,2023-03-31 19:18:59,2024-04-14 19:18:59,2023-09-05 19:18:59,2023-09-05 19:18:59,
9538,1,9538,2023-03-26 19:18:59,2024-02-12 19:18:59,2023-09-05 19:18:59,2023-09-05 19:18:59,
9539,3,9539,2023-07-07 19:18:59,2023-11-23 19:18:59,2023-09-05 19:18:59,2023-09-05 19:18:59,
9540,3,9540,2022-10-28 19:18:59,2024-04-17 19:18:59,2023-09-05 19:18:59,2023-09-05 19:18:59,
9541,2,9541,2023-06-26 19:18:59,2024-06-22 19:18:59,2023-09-05 19:18:59,2023-09-05 19:18:59,
9542,2,9542,2023-08-31 19:18:59,2024-03-03 19:18:59,2023-09-05 19:18:59,2023-09-05 19:18:59,
9543,3,9543,2023-04-12 19:18:59,2024-08-04 19:18:59,2023-09-05 19:18:59,2023-09-05 19:18:59,
9544,2,9544,2022-09-17 19:18:59,2024-02-02 19:18:59,2023-09-05 19:18:59,2023-09-05 19:18:59,
9545,1,9545,2023-05-27 19:18:59,2024-05-23 19:18:59,2023-09-05 19:18:59,2023-09-05 19:18:59,
9546,2,9546,2023-02-02 19:18:59,2024-02-02 19:18:59,2023-09-05 19:18:59,2023-09-05 19:18:59,
9547,2,9547,2023-09-01 19:18:59,2024-02-03 19:18:59,2023-09-05 19:18:59,2023-09-05 19:18:59,
9548,1,9548,2023-01-22 19:18:59,2024-07-23 19:18:59,2023-09-05 19:18:59,2023-09-05 19:18:59,
9549,2,9549,2022-11-13 19:18:59,2024-06-01 19:18:59,2023-09-05 19:18:59,2023-09-05 19:18:59,
9550,1,9550,2023-02-20 19:18:59,2023-10-14 19:18:59,2023-09-05 19:18:59,2023-09-05 19:18:59,
9551,3,9551,2022-09-11 19:18:59,2024-02-06 19:18:59,2023-09-05 19:18:59,2023-09-05 19:18:59,
9552,1,9552,2022-11-22 19:18:59,2024-03-19 19:18:59,2023-09-05 19:18:59,2023-09-05 19:18:59,
9553,1,9553,2022-11-12 19:18:59,2024-05-31 19:18:59,2023-09-05 19:18:59,2023-09-05 19:18:59,
9554,1,9554,2023-02-12 19:18:59,2024-02-24 19:18:59,2023-09-05 19:18:59,2023-09-05 19:18:59,
9555,1,9555,2023-07-11 19:18:59,2024-06-21 19:18:59,2023-09-05 19:18:59,2023-09-05 19:18:59,
9556,2,9556,2022-10-12 19:18:59,2024-08-31 19:18:59,2023-09-05 19:18:59,2023-09-05 19:18:59,
9557,3,9557,2023-01-10 19:18:59,2024-08-10 19:18:59,2023-09-05 19:18:59,2023-09-05 19:18:59,
9558,3,9558,2022-09-13 19:18:59,2024-08-30 19:18:59,2023-09-05 19:18:59,2023-09-05 19:18:59,
9559,2,9559,2023-07-18 19:18:59,2024-08-21 19:18:59,2023-09-05 19:18:59,2023-09-05 19:18:59,
9560,3,9560,2022-09-18 19:18:59,2024-07-19 19:18:59,2023-09-05 19:18:59,2023-09-05 19:18:59,
9561,3,9561,2023-05-09 19:18:59,2024-03-24 19:18:59,2023-09-05 19:18:59,2023-09-05 19:18:59,
9562,2,9562,2023-06-16 19:18:59,2024-08-02 19:18:59,2023-09-05 19:18:59,2023-09-05 19:18:59,
9563,1,9563,2023-02-08 19:18:59,2023-12-17 19:18:59,2023-09-05 19:18:59,2023-09-05 19:18:59,
9564,3,9564,2023-08-11 19:18:59,2024-03-16 19:18:59,2023-09-05 19:18:59,2023-09-05 19:18:59,
9565,1,9565,2023-01-01 19:18:59,2024-09-04 19:18:59,2023-09-05 19:18:59,2023-09-05 19:18:59,
9566,2,9566,2022-10-23 19:18:59,2023-11-14 19:18:59,2023-09-05 19:18:59,2023-09-05 19:18:59,
9567,2,9567,2023-08-17 19:18:59,2023-11-12 19:18:59,2023-09-05 19:18:59,2023-09-05 19:18:59,
9568,1,9568,2023-03-22 19:18:59,2024-08-18 19:18:59,2023-09-05 19:18:59,2023-09-05 19:18:59,
9569,3,9569,2023-06-10 19:18:59,2024-05-15 19:18:59,2023-09-05 19:18:59,2023-09-05 19:18:59,
9570,1,9570,2022-11-17 19:18:59,2023-11-15 19:18:59,2023-09-05 19:18:59,2023-09-05 19:18:59,
9571,2,9571,2022-09-18 19:18:59,2024-08-31 19:18:59,2023-09-05 19:18:59,2023-09-05 19:18:59,
9572,1,9572,2023-01-31 19:18:59,2024-05-24 19:18:59,2023-09-05 19:18:59,2023-09-05 19:18:59,
9573,1,9573,2023-08-19 19:18:59,2023-10-30 19:18:59,2023-09-05 19:18:59,2023-09-05 19:18:59,
9574,1,9574,2023-01-17 19:18:59,2023-11-05 19:18:59,2023-09-05 19:18:59,2023-09-05 19:18:59,
9575,2,9575,2023-01-18 19:18:59,2024-02-26 19:18:59,2023-09-05 19:18:59,2023-09-05 19:18:59,
9576,2,9576,2023-07-10 19:18:59,2024-07-03 19:18:59,2023-09-05 19:18:59,2023-09-05 19:18:59,
9577,3,9577,2023-09-01 19:18:59,2024-02-03 19:18:59,2023-09-05 19:18:59,2023-09-05 19:18:59,
9578,2,9578,2023-01-28 19:18:59,2024-08-16 19:18:59,2023-09-05 19:18:59,2023-09-05 19:18:59,
9579,3,9579,2023-06-14 19:18:59,2024-04-27 19:18:59,2023-09-05 19:18:59,2023-09-05 19:18:59,
9580,3,9580,2023-08-03 19:18:59,2024-01-23 19:18:59,2023-09-05 19:18:59,2023-09-05 19:18:59,
9581,1,9581,2023-09-05 19:18:59,2024-09-04 19:18:59,2023-09-05 19:18:59,2023-09-05 19:18:59,
9582,1,9582,2023-02-02 19:18:59,2023-12-24 19:18:59,2023-09-05 19:18:59,2023-09-05 19:18:59,
9583,2,9583,2023-06-16 19:18:59,2023-12-02 19:18:59,2023-09-05 19:18:59,2023-09-05 19:18:59,
9584,3,9584,2023-02-19 19:18:59,2024-03-20 19:18:59,2023-09-05 19:18:59,2023-09-05 19:18:59,
9585,1,9585,2023-07-06 19:18:59,2023-10-30 19:18:59,2023-09-05 19:18:59,2023-09-05 19:18:59,
9586,2,9586,2023-01-13 19:18:59,2024-05-30 19:18:59,2023-09-05 19:18:59,2023-09-05 19:18:59,
9587,2,9587,2023-08-27 19:18:59,2023-10-27 19:18:59,2023-09-05 19:18:59,2023-09-05 19:18:59,
9588,2,9588,2022-11-23 19:18:59,2024-06-01 19:18:59,2023-09-05 19:18:59,2023-09-05 19:18:59,
9589,3,9589,2022-11-03 19:18:59,2024-01-04 19:18:59,2023-09-05 19:18:59,2023-09-05 19:18:59,
9590,1,9590,2023-08-24 19:18:59,2024-08-26 19:18:59,2023-09-05 19:18:59,2023-09-05 19:18:59,
9591,2,9591,2023-02-18 19:18:59,2024-06-23 19:18:59,2023-09-05 19:18:59,2023-09-05 19:18:59,
9592,3,9592,2023-01-13 19:18:59,2023-11-20 19:18:59,2023-09-05 19:18:59,2023-09-05 19:18:59,
9593,3,9593,2023-02-12 19:18:59,2024-07-11 19:18:59,2023-09-05 19:18:59,2023-09-05 19:18:59,
9594,3,9594,2022-11-14 19:18:59,2023-11-21 19:18:59,2023-09-05 19:18:59,2023-09-05 19:18:59,
9595,2,9595,2022-11-24 19:18:59,2024-07-18 19:18:59,2023-09-05 19:18:59,2023-09-05 19:18:59,
9596,1,9596,2023-07-15 19:18:59,2024-04-02 19:18:59,2023-09-05 19:18:59,2023-09-05 19:18:59,
9597,2,9597,2023-07-06 19:18:59,2024-07-27 19:18:59,2023-09-05 19:18:59,2023-09-05 19:18:59,
9598,3,9598,2023-06-21 19:18:59,2023-12-18 19:18:59,2023-09-05 19:18:59,2023-09-05 19:18:59,
9599,1,9599,2023-02-05 19:18:59,2024-08-11 19:18:59,2023-09-05 19:18:59,2023-09-05 19:18:59,
9600,3,9600,2023-01-27 19:18:59,2024-02-20 19:18:59,2023-09-05 19:18:59,2023-09-05 19:18:59,
9601,2,9601,2023-06-02 19:18:59,2024-01-21 19:18:59,2023-09-05 19:18:59,2023-09-05 19:18:59,
9602,1,9602,2023-02-18 19:18:59,2024-02-24 19:18:59,2023-09-05 19:18:59,2023-09-05 19:18:59,
9603,3,9603,2023-06-29 19:18:59,2024-07-20 19:18:59,2023-09-05 19:18:59,2023-09-05 19:18:59,
9604,1,9604,2023-08-30 19:18:59,2024-05-16 19:18:59,2023-09-05 19:18:59,2023-09-05 19:18:59,
9605,2,9605,2022-09-16 19:18:59,2024-06-24 19:18:59,2023-09-05 19:18:59,2023-09-05 19:18:59,
9606,3,9606,2023-02-04 19:18:59,2024-08-22 19:18:59,2023-09-05 19:18:59,2023-09-05 19:18:59,
9607,1,9607,2023-01-14 19:18:59,2024-01-29 19:18:59,2023-09-05 19:18:59,2023-09-05 19:18:59,
9608,3,9608,2023-07-03 19:18:59,2023-10-20 19:18:59,2023-09-05 19:18:59,2023-09-05 19:18:59,
9609,1,9609,2022-11-24 19:18:59,2024-08-25 19:18:59,2023-09-05 19:18:59,2023-09-05 19:18:59,
9610,1,9610,2023-05-26 19:18:59,2024-01-16 19:18:59,2023-09-05 19:18:59,2023-09-05 19:18:59,
9611,2,9611,2022-09-06 19:18:59,2024-08-10 19:18:59,2023-09-05 19:18:59,2023-09-05 19:18:59,
9612,3,9612,2022-12-15 19:18:59,2023-10-11 19:18:59,2023-09-05 19:18:59,2023-09-05 19:18:59,
9613,1,9613,2022-10-09 19:18:59,2024-06-27 19:18:59,2023-09-05 19:18:59,2023-09-05 19:18:59,
9614,3,9614,2022-11-07 19:18:59,2024-01-16 19:18:59,2023-09-05 19:18:59,2023-09-05 19:18:59,
9615,1,9615,2022-12-07 19:18:59,2024-01-04 19:18:59,2023-09-05 19:18:59,2023-09-05 19:18:59,
9616,3,9616,2022-11-27 19:18:59,2024-01-26 19:18:59,2023-09-05 19:18:59,2023-09-05 19:18:59,
9617,2,9617,2023-02-11 19:18:59,2024-02-04 19:18:59,2023-09-05 19:18:59,2023-09-05 19:18:59,
9618,2,9618,2022-09-24 19:18:59,2024-05-29 19:18:59,2023-09-05 19:18:59,2023-09-05 19:18:59,
9619,2,9619,2022-12-22 19:18:59,2024-07-24 19:18:59,2023-09-05 19:18:59,2023-09-05 19:18:59,
9620,1,9620,2022-11-09 19:18:59,2023-10-24 19:18:59,2023-09-05 19:18:59,2023-09-05 19:18:59,
9621,2,9621,2023-02-28 19:18:59,2024-04-24 19:18:59,2023-09-05 19:18:59,2023-09-05 19:18:59,
9622,1,9622,2023-07-15 19:18:59,2023-10-13 19:18:59,2023-09-05 19:18:59,2023-09-05 19:18:59,
9623,1,9623,2023-04-01 19:18:59,2024-03-23 19:18:59,2023-09-05 19:18:59,2023-09-05 19:18:59,
9624,3,9624,2022-10-09 19:18:59,2023-10-10 19:18:59,2023-09-05 19:18:59,2023-09-05 19:18:59,
9625,1,9625,2023-03-08 19:18:59,2024-04-22 19:18:59,2023-09-05 19:18:59,2023-09-05 19:18:59,
9626,3,9626,2022-10-06 19:18:59,2024-06-07 19:18:59,2023-09-05 19:18:59,2023-09-05 19:18:59,
9627,1,9627,2023-06-23 19:18:59,2023-10-19 19:18:59,2023-09-05 19:18:59,2023-09-05 19:18:59,
9628,2,9628,2023-01-27 19:18:59,2024-05-29 19:18:59,2023-09-05 19:18:59,2023-09-05 19:18:59,
9629,3,9629,2022-10-05 19:18:59,2024-07-01 19:18:59,2023-09-05 19:18:59,2023-09-05 19:18:59,
9630,3,9630,2022-09-29 19:18:59,2024-02-12 19:18:59,2023-09-05 19:18:59,2023-09-05 19:18:59,
9631,1,9631,2023-01-22 19:18:59,2024-04-02 19:18:59,2023-09-05 19:18:59,2023-09-05 19:18:59,
9632,2,9632,2023-07-04 19:18:59,2023-12-23 19:18:59,2023-09-05 19:18:59,2023-09-05 19:18:59,
9633,3,9633,2023-04-22 19:18:59,2024-01-20 19:18:59,2023-09-05 19:18:59,2023-09-05 19:18:59,
9634,1,9634,2023-01-24 19:18:59,2023-10-20 19:18:59,2023-09-05 19:18:59,2023-09-05 19:18:59,
9635,3,9635,2023-07-30 19:18:59,2023-12-20 19:18:59,2023-09-05 19:18:59,2023-09-05 19:18:59,
9636,2,9636,2022-11-10 19:18:59,2023-10-28 19:18:59,2023-09-05 19:18:59,2023-09-05 19:18:59,
9637,1,9637,2022-12-15 19:18:59,2023-11-04 19:18:59,2023-09-05 19:18:59,2023-09-05 19:18:59,
9638,2,9638,2023-03-08 19:18:59,2024-01-16 19:18:59,2023-09-05 19:18:59,2023-09-05 19:18:59,
9639,3,9639,2023-06-10 19:18:59,2024-06-19 19:18:59,2023-09-05 19:18:59,2023-09-05 19:18:59,
9640,3,9640,2023-05-28 19:18:59,2024-08-26 19:18:59,2023-09-05 19:18:59,2023-09-05 19:18:59,
9641,1,9641,2023-01-27 19:18:59,2024-04-12 19:18:59,2023-09-05 19:18:59,2023-09-05 19:18:59,
9642,3,9642,2022-11-26 19:18:59,2024-08-09 19:18:59,2023-09-05 19:18:59,2023-09-05 19:18:59,
9643,3,9643,2023-01-06 19:18:59,2024-01-22 19:18:59,2023-09-05 19:18:59,2023-09-05 19:18:59,
9644,3,9644,2023-03-31 19:18:59,2024-07-01 19:18:59,2023-09-05 19:18:59,2023-09-05 19:18:59,
9645,2,9645,2022-10-15 19:18:59,2024-07-08 19:18:59,2023-09-05 19:18:59,2023-09-05 19:18:59,
9646,1,9646,2023-07-10 19:18:59,2024-01-02 19:18:59,2023-09-05 19:18:59,2023-09-05 19:18:59,
9647,1,9647,2022-09-28 19:18:59,2023-12-27 19:18:59,2023-09-05 19:18:59,2023-09-05 19:18:59,
9648,3,9648,2023-01-26 19:18:59,2024-01-26 19:18:59,2023-09-05 19:18:59,2023-09-05 19:18:59,
9649,1,9649,2022-11-20 19:18:59,2024-03-17 19:18:59,2023-09-05 19:18:59,2023-09-05 19:18:59,
9650,2,9650,2022-09-08 19:18:59,2024-01-07 19:18:59,2023-09-05 19:18:59,2023-09-05 19:18:59,
9651,3,9651,2023-03-28 19:18:59,2024-02-14 19:18:59,2023-09-05 19:18:59,2023-09-05 19:18:59,
9652,2,9652,2022-09-20 19:18:59,2024-08-02 19:18:59,2023-09-05 19:18:59,2023-09-05 19:18:59,
9653,1,9653,2023-03-09 19:18:59,2024-08-01 19:18:59,2023-09-05 19:18:59,2023-09-05 19:18:59,
9654,3,9654,2023-02-24 19:18:59,2024-06-03 19:18:59,2023-09-05 19:18:59,2023-09-05 19:18:59,
9655,2,9655,2022-10-10 19:18:59,2024-04-09 19:18:59,2023-09-05 19:18:59,2023-09-05 19:18:59,
9656,3,9656,2023-06-25 19:18:59,2024-02-21 19:18:59,2023-09-05 19:18:59,2023-09-05 19:18:59,
9657,1,9657,2022-09-07 19:18:59,2023-10-24 19:18:59,2023-09-05 19:18:59,2023-09-05 19:18:59,
9658,1,9658,2023-08-17 19:18:59,2023-11-17 19:18:59,2023-09-05 19:18:59,2023-09-05 19:18:59,
9659,2,9659,2022-09-22 19:18:59,2024-06-14 19:18:59,2023-09-05 19:18:59,2023-09-05 19:18:59,
9660,3,9660,2022-09-17 19:18:59,2024-01-28 19:18:59,2023-09-05 19:18:59,2023-09-05 19:18:59,
9661,3,9661,2023-06-01 19:18:59,2024-04-09 19:18:59,2023-09-05 19:18:59,2023-09-05 19:18:59,
9662,3,9662,2023-04-13 19:18:59,2024-08-25 19:18:59,2023-09-05 19:18:59,2023-09-05 19:18:59,
9663,2,9663,2022-11-02 19:18:59,2024-07-20 19:18:59,2023-09-05 19:18:59,2023-09-05 19:18:59,
9664,3,9664,2023-01-19 19:18:59,2024-02-24 19:18:59,2023-09-05 19:18:59,2023-09-05 19:18:59,
9665,1,9665,2023-07-19 19:18:59,2023-10-24 19:18:59,2023-09-05 19:18:59,2023-09-05 19:18:59,
9666,2,9666,2023-07-29 19:18:59,2023-11-23 19:18:59,2023-09-05 19:18:59,2023-09-05 19:18:59,
9667,3,9667,2022-12-30 19:18:59,2023-10-23 19:18:59,2023-09-05 19:18:59,2023-09-05 19:18:59,
9668,1,9668,2023-08-03 19:18:59,2024-07-10 19:18:59,2023-09-05 19:18:59,2023-09-05 19:18:59,
9669,3,9669,2022-12-15 19:18:59,2024-03-18 19:18:59,2023-09-05 19:18:59,2023-09-05 19:18:59,
9670,3,9670,2023-06-23 19:18:59,2024-08-20 19:18:59,2023-09-05 19:18:59,2023-09-05 19:18:59,
9671,3,9671,2022-11-04 19:18:59,2023-10-17 19:18:59,2023-09-05 19:18:59,2023-09-05 19:18:59,
9672,2,9672,2023-08-06 19:18:59,2024-01-04 19:18:59,2023-09-05 19:18:59,2023-09-05 19:18:59,
9673,3,9673,2022-11-19 19:18:59,2024-03-26 19:18:59,2023-09-05 19:18:59,2023-09-05 19:18:59,
9674,3,9674,2023-04-03 19:18:59,2024-09-02 19:18:59,2023-09-05 19:18:59,2023-09-05 19:18:59,
9675,3,9675,2022-12-05 19:18:59,2024-04-12 19:18:59,2023-09-05 19:18:59,2023-09-05 19:18:59,
9676,3,9676,2023-03-04 19:18:59,2024-07-10 19:18:59,2023-09-05 19:18:59,2023-09-05 19:18:59,
9677,3,9677,2022-11-23 19:18:59,2023-10-24 19:18:59,2023-09-05 19:18:59,2023-09-05 19:18:59,
9678,2,9678,2022-10-06 19:18:59,2023-11-21 19:18:59,2023-09-05 19:18:59,2023-09-05 19:18:59,
9679,1,9679,2023-06-29 19:18:59,2024-06-11 19:18:59,2023-09-05 19:18:59,2023-09-05 19:18:59,
9680,2,9680,2023-01-11 19:18:59,2024-03-16 19:18:59,2023-09-05 19:18:59,2023-09-05 19:18:59,
9681,2,9681,2022-12-02 19:18:59,2024-06-03 19:18:59,2023-09-05 19:18:59,2023-09-05 19:18:59,
9682,3,9682,2022-09-12 19:18:59,2024-05-24 19:18:59,2023-09-05 19:18:59,2023-09-05 19:18:59,
9683,2,9683,2023-04-02 19:18:59,2024-02-18 19:18:59,2023-09-05 19:18:59,2023-09-05 19:18:59,
9684,1,9684,2022-12-31 19:18:59,2024-01-19 19:18:59,2023-09-05 19:18:59,2023-09-05 19:18:59,
9685,1,9685,2023-07-31 19:18:59,2024-05-04 19:18:59,2023-09-05 19:18:59,2023-09-05 19:18:59,
9686,2,9686,2022-10-14 19:18:59,2023-12-12 19:18:59,2023-09-05 19:18:59,2023-09-05 19:18:59,
9687,2,9687,2022-10-05 19:18:59,2024-03-30 19:18:59,2023-09-05 19:18:59,2023-09-05 19:18:59,
9688,1,9688,2023-03-04 19:18:59,2024-05-09 19:18:59,2023-09-05 19:18:59,2023-09-05 19:18:59,
9689,1,9689,2022-09-20 19:18:59,2024-08-19 19:18:59,2023-09-05 19:18:59,2023-09-05 19:18:59,
9690,2,9690,2023-02-05 19:18:59,2023-10-08 19:18:59,2023-09-05 19:18:59,2023-09-05 19:18:59,
9691,2,9691,2023-05-13 19:18:59,2024-01-11 19:18:59,2023-09-05 19:18:59,2023-09-05 19:18:59,
9692,2,9692,2022-10-31 19:18:59,2024-04-07 19:18:59,2023-09-05 19:18:59,2023-09-05 19:18:59,
9693,2,9693,2023-01-27 19:18:59,2024-02-12 19:18:59,2023-09-05 19:18:59,2023-09-05 19:18:59,
9694,3,9694,2023-01-10 19:18:59,2024-07-29 19:18:59,2023-09-05 19:18:59,2023-09-05 19:18:59,
9695,3,9695,2022-12-28 19:18:59,2023-11-28 19:18:59,2023-09-05 19:18:59,2023-09-05 19:18:59,
9696,3,9696,2023-02-16 19:18:59,2024-08-15 19:18:59,2023-09-05 19:18:59,2023-09-05 19:18:59,
9697,1,9697,2022-10-15 19:18:59,2024-06-16 19:18:59,2023-09-05 19:18:59,2023-09-05 19:18:59,
9698,1,9698,2023-05-08 19:18:59,2023-12-26 19:18:59,2023-09-05 19:18:59,2023-09-05 19:18:59,
9699,1,9699,2022-09-25 19:18:59,2024-08-16 19:18:59,2023-09-05 19:18:59,2023-09-05 19:18:59,
9700,3,9700,2023-08-07 19:18:59,2024-01-12 19:18:59,2023-09-05 19:18:59,2023-09-05 19:18:59,
9701,2,9701,2023-06-16 19:18:59,2024-05-10 19:18:59,2023-09-05 19:18:59,2023-09-05 19:18:59,
9702,3,9702,2023-01-28 19:18:59,2024-08-12 19:18:59,2023-09-05 19:18:59,2023-09-05 19:18:59,
9703,3,9703,2023-01-08 19:18:59,2024-03-11 19:18:59,2023-09-05 19:18:59,2023-09-05 19:18:59,
9704,2,9704,2023-03-26 19:18:59,2024-03-30 19:18:59,2023-09-05 19:18:59,2023-09-05 19:18:59,
9705,3,9705,2023-03-07 19:18:59,2024-09-02 19:18:59,2023-09-05 19:18:59,2023-09-05 19:18:59,
9706,3,9706,2023-03-21 19:18:59,2023-12-18 19:18:59,2023-09-05 19:18:59,2023-09-05 19:18:59,
9707,3,9707,2022-10-27 19:18:59,2024-05-21 19:18:59,2023-09-05 19:18:59,2023-09-05 19:18:59,
9708,2,9708,2023-08-25 19:18:59,2024-06-26 19:18:59,2023-09-05 19:18:59,2023-09-05 19:18:59,
9709,3,9709,2023-06-19 19:18:59,2023-12-05 19:18:59,2023-09-05 19:18:59,2023-09-05 19:18:59,
9710,3,9710,2023-05-08 19:18:59,2023-11-29 19:18:59,2023-09-05 19:18:59,2023-09-05 19:18:59,
9711,3,9711,2022-10-05 19:18:59,2024-06-25 19:18:59,2023-09-05 19:18:59,2023-09-05 19:18:59,
9712,2,9712,2023-03-10 19:18:59,2024-03-01 19:18:59,2023-09-05 19:18:59,2023-09-05 19:18:59,
9713,2,9713,2022-11-22 19:18:59,2024-02-14 19:18:59,2023-09-05 19:18:59,2023-09-05 19:18:59,
9714,3,9714,2022-09-23 19:18:59,2024-07-18 19:18:59,2023-09-05 19:18:59,2023-09-05 19:18:59,
9715,3,9715,2023-07-29 19:18:59,2024-02-20 19:18:59,2023-09-05 19:18:59,2023-09-05 19:18:59,
9716,2,9716,2023-08-26 19:18:59,2024-06-24 19:18:59,2023-09-05 19:18:59,2023-09-05 19:18:59,
9717,3,9717,2022-11-01 19:18:59,2023-11-12 19:18:59,2023-09-05 19:18:59,2023-09-05 19:18:59,
9718,2,9718,2023-01-01 19:18:59,2024-01-28 19:18:59,2023-09-05 19:18:59,2023-09-05 19:18:59,
9719,2,9719,2023-05-02 19:18:59,2024-02-05 19:18:59,2023-09-05 19:18:59,2023-09-05 19:18:59,
9720,3,9720,2023-02-24 19:18:59,2024-01-10 19:18:59,2023-09-05 19:18:59,2023-09-05 19:18:59,
9721,2,9721,2023-04-06 19:18:59,2024-07-03 19:18:59,2023-09-05 19:18:59,2023-09-05 19:18:59,
9722,1,9722,2022-12-11 19:18:59,2024-02-23 19:18:59,2023-09-05 19:18:59,2023-09-05 19:18:59,
9723,3,9723,2022-12-05 19:18:59,2024-06-29 19:18:59,2023-09-05 19:18:59,2023-09-05 19:18:59,
9724,3,9724,2022-12-25 19:18:59,2024-05-15 19:18:59,2023-09-05 19:18:59,2023-09-05 19:18:59,
9725,3,9725,2023-07-07 19:18:59,2023-12-23 19:18:59,2023-09-05 19:18:59,2023-09-05 19:18:59,
9726,1,9726,2023-02-28 19:18:59,2023-12-17 19:18:59,2023-09-05 19:18:59,2023-09-05 19:18:59,
9727,2,9727,2023-06-30 19:18:59,2024-06-12 19:18:59,2023-09-05 19:18:59,2023-09-05 19:18:59,
9728,1,9728,2022-09-27 19:18:59,2024-08-24 19:18:59,2023-09-05 19:18:59,2023-09-05 19:18:59,
9729,1,9729,2023-04-21 19:18:59,2024-07-08 19:18:59,2023-09-05 19:18:59,2023-09-05 19:18:59,
9730,1,9730,2023-06-05 19:18:59,2024-06-09 19:18:59,2023-09-05 19:18:59,2023-09-05 19:18:59,
9731,1,9731,2023-07-06 19:18:59,2023-11-23 19:18:59,2023-09-05 19:18:59,2023-09-05 19:18:59,
9732,2,9732,2022-09-13 19:18:59,2024-07-28 19:18:59,2023-09-05 19:18:59,2023-09-05 19:18:59,
9733,1,9733,2022-10-06 19:18:59,2024-06-30 19:18:59,2023-09-05 19:18:59,2023-09-05 19:18:59,
9734,1,9734,2023-02-07 19:18:59,2024-05-15 19:18:59,2023-09-05 19:18:59,2023-09-05 19:18:59,
9735,2,9735,2023-08-23 19:18:59,2023-11-29 19:18:59,2023-09-05 19:18:59,2023-09-05 19:18:59,
9736,3,9736,2023-06-03 19:18:59,2024-03-28 19:18:59,2023-09-05 19:18:59,2023-09-05 19:18:59,
9737,3,9737,2023-03-07 19:18:59,2024-01-01 19:18:59,2023-09-05 19:18:59,2023-09-05 19:18:59,
9738,3,9738,2022-11-28 19:18:59,2024-05-08 19:18:59,2023-09-05 19:18:59,2023-09-05 19:18:59,
9739,2,9739,2022-09-12 19:18:59,2023-12-18 19:18:59,2023-09-05 19:18:59,2023-09-05 19:18:59,
9740,2,9740,2022-09-18 19:18:59,2024-06-04 19:18:59,2023-09-05 19:18:59,2023-09-05 19:18:59,
9741,1,9741,2022-12-22 19:18:59,2024-08-15 19:18:59,2023-09-05 19:18:59,2023-09-05 19:18:59,
9742,1,9742,2023-06-08 19:18:59,2024-05-04 19:18:59,2023-09-05 19:18:59,2023-09-05 19:18:59,
9743,2,9743,2022-11-07 19:18:59,2024-08-10 19:18:59,2023-09-05 19:18:59,2023-09-05 19:18:59,
9744,3,9744,2022-11-17 19:18:59,2023-10-29 19:18:59,2023-09-05 19:18:59,2023-09-05 19:18:59,
9745,1,9745,2022-10-08 19:18:59,2024-05-24 19:18:59,2023-09-05 19:18:59,2023-09-05 19:18:59,
9746,1,9746,2023-06-02 19:18:59,2024-05-14 19:18:59,2023-09-05 19:18:59,2023-09-05 19:18:59,
9747,2,9747,2023-08-23 19:18:59,2024-04-14 19:18:59,2023-09-05 19:18:59,2023-09-05 19:18:59,
9748,1,9748,2023-06-04 19:18:59,2024-07-30 19:18:59,2023-09-05 19:18:59,2023-09-05 19:18:59,
9749,3,9749,2022-09-25 19:18:59,2024-08-07 19:18:59,2023-09-05 19:18:59,2023-09-05 19:18:59,
9750,1,9750,2022-10-20 19:18:59,2024-02-25 19:18:59,2023-09-05 19:18:59,2023-09-05 19:18:59,
9751,1,9751,2023-07-26 19:18:59,2023-11-19 19:18:59,2023-09-05 19:18:59,2023-09-05 19:18:59,
9752,2,9752,2023-08-22 19:18:59,2024-01-23 19:18:59,2023-09-05 19:18:59,2023-09-05 19:18:59,
9753,3,9753,2023-08-09 19:18:59,2024-05-26 19:18:59,2023-09-05 19:18:59,2023-09-05 19:18:59,
9754,2,9754,2023-01-20 19:18:59,2024-08-31 19:18:59,2023-09-05 19:18:59,2023-09-05 19:18:59,
9755,2,9755,2022-09-23 19:18:59,2024-01-06 19:18:59,2023-09-05 19:18:59,2023-09-05 19:18:59,
9756,2,9756,2022-12-16 19:18:59,2024-04-19 19:18:59,2023-09-05 19:18:59,2023-09-05 19:18:59,
9757,3,9757,2023-03-21 19:18:59,2023-10-08 19:18:59,2023-09-05 19:18:59,2023-09-05 19:18:59,
9758,3,9758,2022-10-09 19:18:59,2024-02-24 19:18:59,2023-09-05 19:18:59,2023-09-05 19:18:59,
9759,3,9759,2023-05-31 19:18:59,2024-05-22 19:18:59,2023-09-05 19:18:59,2023-09-05 19:18:59,
9760,1,9760,2023-01-02 19:18:59,2024-05-04 19:18:59,2023-09-05 19:18:59,2023-09-05 19:18:59,
9761,1,9761,2023-06-18 19:18:59,2024-06-22 19:18:59,2023-09-05 19:18:59,2023-09-05 19:18:59,
9762,1,9762,2023-08-04 19:18:59,2024-04-14 19:18:59,2023-09-05 19:18:59,2023-09-05 19:18:59,
9763,3,9763,2023-02-01 19:18:59,2024-06-10 19:18:59,2023-09-05 19:18:59,2023-09-05 19:18:59,
9764,2,9764,2023-03-03 19:18:59,2023-10-14 19:18:59,2023-09-05 19:18:59,2023-09-05 19:18:59,
9765,3,9765,2023-07-02 19:18:59,2024-05-31 19:18:59,2023-09-05 19:18:59,2023-09-05 19:18:59,
9766,2,9766,2022-10-02 19:18:59,2024-08-16 19:18:59,2023-09-05 19:18:59,2023-09-05 19:18:59,
9767,2,9767,2022-11-10 19:18:59,2023-11-23 19:18:59,2023-09-05 19:18:59,2023-09-05 19:18:59,
9768,2,9768,2023-02-05 19:18:59,2024-06-26 19:18:59,2023-09-05 19:18:59,2023-09-05 19:18:59,
9769,1,9769,2023-03-09 19:18:59,2024-04-30 19:18:59,2023-09-05 19:18:59,2023-09-05 19:18:59,
9770,3,9770,2023-06-28 19:18:59,2024-05-19 19:18:59,2023-09-05 19:18:59,2023-09-05 19:18:59,
9771,2,9771,2022-10-21 19:18:59,2024-05-09 19:18:59,2023-09-05 19:18:59,2023-09-05 19:18:59,
9772,1,9772,2023-04-01 19:18:59,2024-08-20 19:18:59,2023-09-05 19:18:59,2023-09-05 19:18:59,
9773,1,9773,2022-10-17 19:18:59,2024-07-10 19:18:59,2023-09-05 19:18:59,2023-09-05 19:18:59,
9774,3,9774,2022-10-02 19:18:59,2024-02-05 19:18:59,2023-09-05 19:18:59,2023-09-05 19:18:59,
9775,3,9775,2022-12-13 19:18:59,2023-12-09 19:18:59,2023-09-05 19:18:59,2023-09-05 19:18:59,
9776,2,9776,2022-11-08 19:18:59,2023-12-12 19:18:59,2023-09-05 19:18:59,2023-09-05 19:18:59,
9777,2,9777,2023-05-01 19:18:59,2024-02-04 19:18:59,2023-09-05 19:18:59,2023-09-05 19:18:59,
9778,1,9778,2023-08-29 19:18:59,2024-02-03 19:18:59,2023-09-05 19:18:59,2023-09-05 19:18:59,
9779,2,9779,2023-07-13 19:18:59,2023-11-19 19:18:59,2023-09-05 19:18:59,2023-09-05 19:18:59,
9780,2,9780,2023-03-10 19:18:59,2024-03-23 19:18:59,2023-09-05 19:18:59,2023-09-05 19:18:59,
9781,2,9781,2023-06-09 19:18:59,2024-07-25 19:18:59,2023-09-05 19:18:59,2023-09-05 19:18:59,
9782,1,9782,2023-05-09 19:18:59,2023-12-26 19:18:59,2023-09-05 19:18:59,2023-09-05 19:18:59,
9783,1,9783,2022-11-06 19:18:59,2024-01-24 19:18:59,2023-09-05 19:18:59,2023-09-05 19:18:59,
9784,1,9784,2023-06-05 19:18:59,2023-12-22 19:18:59,2023-09-05 19:18:59,2023-09-05 19:18:59,
9785,1,9785,2023-09-01 19:18:59,2023-12-22 19:18:59,2023-09-05 19:18:59,2023-09-05 19:18:59,
9786,2,9786,2022-09-12 19:18:59,2024-08-13 19:18:59,2023-09-05 19:18:59,2023-09-05 19:18:59,
9787,3,9787,2023-07-23 19:18:59,2024-08-12 19:18:59,2023-09-05 19:18:59,2023-09-05 19:18:59,
9788,3,9788,2023-08-17 19:18:59,2024-06-04 19:18:59,2023-09-05 19:18:59,2023-09-05 19:18:59,
9789,1,9789,2023-02-26 19:18:59,2024-07-16 19:18:59,2023-09-05 19:18:59,2023-09-05 19:18:59,
9790,2,9790,2023-02-28 19:18:59,2023-10-22 19:18:59,2023-09-05 19:18:59,2023-09-05 19:18:59,
9791,2,9791,2023-04-26 19:18:59,2023-12-20 19:18:59,2023-09-05 19:18:59,2023-09-05 19:18:59,
9792,3,9792,2022-09-14 19:18:59,2024-01-19 19:18:59,2023-09-05 19:18:59,2023-09-05 19:18:59,
9793,2,9793,2022-12-27 19:18:59,2024-03-19 19:18:59,2023-09-05 19:18:59,2023-09-05 19:18:59,
9794,1,9794,2023-01-02 19:18:59,2024-02-19 19:18:59,2023-09-05 19:18:59,2023-09-05 19:18:59,
9795,1,9795,2023-07-10 19:18:59,2024-06-12 19:18:59,2023-09-05 19:18:59,2023-09-05 19:18:59,
9796,2,9796,2023-09-04 19:18:59,2024-02-19 19:18:59,2023-09-05 19:18:59,2023-09-05 19:18:59,
9797,1,9797,2023-06-16 19:18:59,2024-07-12 19:18:59,2023-09-05 19:18:59,2023-09-05 19:18:59,
9798,3,9798,2023-06-24 19:18:59,2024-06-18 19:18:59,2023-09-05 19:18:59,2023-09-05 19:18:59,
9799,2,9799,2022-10-25 19:18:59,2024-04-14 19:18:59,2023-09-05 19:18:59,2023-09-05 19:18:59,
9800,3,9800,2023-05-26 19:18:59,2024-03-23 19:18:59,2023-09-05 19:18:59,2023-09-05 19:18:59,
9801,3,9801,2022-12-24 19:18:59,2024-06-13 19:18:59,2023-09-05 19:18:59,2023-09-05 19:18:59,
9802,3,9802,2023-05-10 19:18:59,2024-06-28 19:18:59,2023-09-05 19:18:59,2023-09-05 19:18:59,
9803,1,9803,2022-10-09 19:18:59,2024-07-14 19:18:59,2023-09-05 19:18:59,2023-09-05 19:18:59,
9804,1,9804,2023-05-13 19:18:59,2023-11-09 19:18:59,2023-09-05 19:18:59,2023-09-05 19:18:59,
9805,3,9805,2023-08-20 19:18:59,2023-11-11 19:18:59,2023-09-05 19:18:59,2023-09-05 19:18:59,
9806,3,9806,2023-08-16 19:18:59,2023-11-03 19:18:59,2023-09-05 19:18:59,2023-09-05 19:18:59,
9807,1,9807,2022-11-25 19:18:59,2024-07-28 19:18:59,2023-09-05 19:18:59,2023-09-05 19:18:59,
9808,3,9808,2022-12-12 19:18:59,2024-05-31 19:18:59,2023-09-05 19:18:59,2023-09-05 19:18:59,
9809,1,9809,2023-07-10 19:18:59,2024-07-27 19:18:59,2023-09-05 19:18:59,2023-09-05 19:18:59,
9810,1,9810,2023-08-05 19:18:59,2024-01-31 19:18:59,2023-09-05 19:18:59,2023-09-05 19:18:59,
9811,3,9811,2022-12-03 19:18:59,2024-05-16 19:18:59,2023-09-05 19:18:59,2023-09-05 19:18:59,
9812,2,9812,2023-09-04 19:18:59,2024-01-12 19:18:59,2023-09-05 19:18:59,2023-09-05 19:18:59,
9813,2,9813,2023-01-02 19:18:59,2024-01-29 19:18:59,2023-09-05 19:18:59,2023-09-05 19:18:59,
9814,1,9814,2023-05-15 19:18:59,2023-12-08 19:18:59,2023-09-05 19:18:59,2023-09-05 19:18:59,
9815,3,9815,2023-06-02 19:18:59,2024-04-27 19:18:59,2023-09-05 19:18:59,2023-09-05 19:18:59,
9816,2,9816,2023-02-08 19:18:59,2024-04-23 19:18:59,2023-09-05 19:18:59,2023-09-05 19:18:59,
9817,3,9817,2023-01-30 19:18:59,2023-10-25 19:18:59,2023-09-05 19:18:59,2023-09-05 19:18:59,
9818,3,9818,2023-07-19 19:18:59,2023-10-31 19:18:59,2023-09-05 19:18:59,2023-09-05 19:18:59,
9819,1,9819,2023-03-01 19:18:59,2024-06-19 19:18:59,2023-09-05 19:18:59,2023-09-05 19:18:59,
9820,2,9820,2023-04-22 19:18:59,2023-11-06 19:18:59,2023-09-05 19:18:59,2023-09-05 19:18:59,
9821,2,9821,2023-07-15 19:18:59,2024-05-29 19:18:59,2023-09-05 19:18:59,2023-09-05 19:18:59,
9822,1,9822,2023-06-30 19:18:59,2023-10-06 19:18:59,2023-09-05 19:18:59,2023-09-05 19:18:59,
9823,2,9823,2023-06-27 19:18:59,2024-07-30 19:18:59,2023-09-05 19:18:59,2023-09-05 19:18:59,
9824,1,9824,2023-08-03 19:18:59,2024-06-25 19:18:59,2023-09-05 19:18:59,2023-09-05 19:18:59,
9825,2,9825,2022-10-25 19:18:59,2023-10-08 19:18:59,2023-09-05 19:18:59,2023-09-05 19:18:59,
9826,2,9826,2023-05-16 19:18:59,2024-03-07 19:18:59,2023-09-05 19:18:59,2023-09-05 19:18:59,
9827,1,9827,2022-11-10 19:18:59,2024-03-22 19:18:59,2023-09-05 19:18:59,2023-09-05 19:18:59,
9828,2,9828,2022-12-06 19:18:59,2024-08-12 19:18:59,2023-09-05 19:18:59,2023-09-05 19:18:59,
9829,1,9829,2023-08-29 19:18:59,2024-07-25 19:18:59,2023-09-05 19:18:59,2023-09-05 19:18:59,
9830,1,9830,2023-06-27 19:18:59,2023-10-10 19:18:59,2023-09-05 19:18:59,2023-09-05 19:18:59,
9831,1,9831,2023-01-24 19:18:59,2024-05-10 19:18:59,2023-09-05 19:18:59,2023-09-05 19:18:59,
9832,2,9832,2023-08-12 19:18:59,2023-10-07 19:18:59,2023-09-05 19:18:59,2023-09-05 19:18:59,
9833,3,9833,2022-12-21 19:18:59,2024-02-10 19:18:59,2023-09-05 19:18:59,2023-09-05 19:18:59,
9834,2,9834,2023-02-27 19:18:59,2024-04-28 19:18:59,2023-09-05 19:18:59,2023-09-05 19:18:59,
9835,2,9835,2022-10-05 19:18:59,2024-01-18 19:18:59,2023-09-05 19:18:59,2023-09-05 19:18:59,
9836,2,9836,2022-12-18 19:18:59,2023-10-25 19:18:59,2023-09-05 19:18:59,2023-09-05 19:18:59,
9837,2,9837,2023-03-14 19:18:59,2024-05-07 19:18:59,2023-09-05 19:18:59,2023-09-05 19:18:59,
9838,2,9838,2023-02-10 19:18:59,2024-07-24 19:18:59,2023-09-05 19:18:59,2023-09-05 19:18:59,
9839,2,9839,2023-06-29 19:18:59,2024-02-16 19:18:59,2023-09-05 19:18:59,2023-09-05 19:18:59,
9840,2,9840,2023-08-17 19:18:59,2024-03-23 19:18:59,2023-09-05 19:18:59,2023-09-05 19:18:59,
9841,1,9841,2023-03-22 19:18:59,2024-03-10 19:18:59,2023-09-05 19:18:59,2023-09-05 19:18:59,
9842,3,9842,2022-10-02 19:18:59,2023-10-30 19:18:59,2023-09-05 19:18:59,2023-09-05 19:18:59,
9843,3,9843,2023-07-25 19:18:59,2023-12-11 19:18:59,2023-09-05 19:18:59,2023-09-05 19:18:59,
9844,1,9844,2022-11-17 19:18:59,2024-02-19 19:18:59,2023-09-05 19:18:59,2023-09-05 19:18:59,
9845,1,9845,2023-05-28 19:18:59,2024-05-03 19:18:59,2023-09-05 19:18:59,2023-09-05 19:18:59,
9846,1,9846,2022-09-20 19:18:59,2024-02-14 19:18:59,2023-09-05 19:18:59,2023-09-05 19:18:59,
9847,2,9847,2023-06-16 19:18:59,2024-03-15 19:18:59,2023-09-05 19:18:59,2023-09-05 19:18:59,
9848,2,9848,2022-12-02 19:18:59,2024-05-12 19:18:59,2023-09-05 19:18:59,2023-09-05 19:18:59,
9849,2,9849,2023-07-20 19:18:59,2023-10-27 19:18:59,2023-09-05 19:18:59,2023-09-05 19:18:59,
9850,1,9850,2023-08-06 19:18:59,2024-07-03 19:18:59,2023-09-05 19:18:59,2023-09-05 19:18:59,
9851,1,9851,2023-07-25 19:18:59,2024-02-24 19:18:59,2023-09-05 19:18:59,2023-09-05 19:18:59,
9852,2,9852,2022-12-25 19:18:59,2024-05-24 19:18:59,2023-09-05 19:18:59,2023-09-05 19:18:59,
9853,1,9853,2023-06-15 19:18:59,2024-02-08 19:18:59,2023-09-05 19:18:59,2023-09-05 19:18:59,
9854,2,9854,2023-07-10 19:18:59,2024-08-01 19:18:59,2023-09-05 19:18:59,2023-09-05 19:18:59,
9855,3,9855,2023-05-18 19:18:59,2024-05-16 19:18:59,2023-09-05 19:18:59,2023-09-05 19:18:59,
9856,1,9856,2023-08-27 19:18:59,2024-05-08 19:18:59,2023-09-05 19:18:59,2023-09-05 19:18:59,
9857,2,9857,2023-05-23 19:18:59,2024-05-21 19:18:59,2023-09-05 19:18:59,2023-09-05 19:18:59,
9858,2,9858,2022-11-01 19:18:59,2024-04-01 19:18:59,2023-09-05 19:18:59,2023-09-05 19:18:59,
9859,2,9859,2023-08-04 19:18:59,2024-05-31 19:18:59,2023-09-05 19:18:59,2023-09-05 19:18:59,
9860,1,9860,2023-03-31 19:18:59,2023-11-04 19:18:59,2023-09-05 19:18:59,2023-09-05 19:18:59,
9861,3,9861,2022-10-09 19:18:59,2024-06-04 19:18:59,2023-09-05 19:18:59,2023-09-05 19:18:59,
9862,1,9862,2022-11-10 19:18:59,2023-10-08 19:18:59,2023-09-05 19:18:59,2023-09-05 19:18:59,
9863,3,9863,2022-09-19 19:18:59,2023-10-13 19:18:59,2023-09-05 19:18:59,2023-09-05 19:18:59,
9864,3,9864,2023-05-21 19:18:59,2024-04-13 19:18:59,2023-09-05 19:18:59,2023-09-05 19:18:59,
9865,1,9865,2023-02-15 19:18:59,2024-01-02 19:18:59,2023-09-05 19:18:59,2023-09-05 19:18:59,
9866,3,9866,2023-02-11 19:18:59,2024-07-13 19:18:59,2023-09-05 19:18:59,2023-09-05 19:18:59,
9867,2,9867,2023-04-08 19:18:59,2024-06-09 19:18:59,2023-09-05 19:18:59,2023-09-05 19:18:59,
9868,1,9868,2022-09-30 19:18:59,2024-04-06 19:18:59,2023-09-05 19:18:59,2023-09-05 19:18:59,
9869,2,9869,2022-09-23 19:18:59,2024-04-03 19:18:59,2023-09-05 19:18:59,2023-09-05 19:18:59,
9870,1,9870,2022-10-12 19:18:59,2024-04-17 19:18:59,2023-09-05 19:18:59,2023-09-05 19:18:59,
9871,2,9871,2023-08-06 19:18:59,2024-06-13 19:18:59,2023-09-05 19:18:59,2023-09-05 19:18:59,
9872,3,9872,2022-12-17 19:18:59,2023-10-13 19:18:59,2023-09-05 19:18:59,2023-09-05 19:18:59,
9873,3,9873,2023-01-03 19:18:59,2023-10-27 19:18:59,2023-09-05 19:18:59,2023-09-05 19:18:59,
9874,1,9874,2023-01-27 19:18:59,2024-06-04 19:18:59,2023-09-05 19:18:59,2023-09-05 19:18:59,
9875,2,9875,2023-05-23 19:18:59,2023-12-12 19:18:59,2023-09-05 19:18:59,2023-09-05 19:18:59,
9876,3,9876,2023-08-24 19:18:59,2024-07-09 19:18:59,2023-09-05 19:18:59,2023-09-05 19:18:59,
9877,1,9877,2023-03-29 19:18:59,2024-01-28 19:18:59,2023-09-05 19:18:59,2023-09-05 19:18:59,
9878,2,9878,2022-12-03 19:18:59,2023-12-03 19:18:59,2023-09-05 19:18:59,2023-09-05 19:18:59,
9879,3,9879,2022-12-13 19:18:59,2024-07-28 19:18:59,2023-09-05 19:18:59,2023-09-05 19:18:59,
9880,2,9880,2023-05-13 19:18:59,2023-12-07 19:18:59,2023-09-05 19:18:59,2023-09-05 19:18:59,
9881,2,9881,2023-04-23 19:18:59,2024-03-30 19:18:59,2023-09-05 19:18:59,2023-09-05 19:18:59,
9882,2,9882,2022-09-15 19:18:59,2024-07-10 19:18:59,2023-09-05 19:18:59,2023-09-05 19:18:59,
9883,3,9883,2023-01-19 19:18:59,2024-02-05 19:18:59,2023-09-05 19:18:59,2023-09-05 19:18:59,
9884,1,9884,2023-06-23 19:18:59,2024-08-31 19:18:59,2023-09-05 19:18:59,2023-09-05 19:18:59,
9885,2,9885,2023-08-06 19:18:59,2024-03-29 19:18:59,2023-09-05 19:18:59,2023-09-05 19:18:59,
9886,3,9886,2023-07-01 19:18:59,2024-07-14 19:18:59,2023-09-05 19:18:59,2023-09-05 19:18:59,
9887,1,9887,2023-03-29 19:18:59,2024-04-11 19:18:59,2023-09-05 19:18:59,2023-09-05 19:18:59,
9888,3,9888,2023-06-12 19:18:59,2023-11-13 19:18:59,2023-09-05 19:18:59,2023-09-05 19:18:59,
9889,1,9889,2022-12-13 19:18:59,2024-01-18 19:18:59,2023-09-05 19:18:59,2023-09-05 19:18:59,
9890,1,9890,2023-03-23 19:18:59,2024-01-02 19:18:59,2023-09-05 19:18:59,2023-09-05 19:18:59,
9891,1,9891,2023-04-09 19:18:59,2024-08-28 19:18:59,2023-09-05 19:18:59,2023-09-05 19:18:59,
9892,2,9892,2023-04-16 19:18:59,2024-06-17 19:18:59,2023-09-05 19:18:59,2023-09-05 19:18:59,
9893,1,9893,2022-11-10 19:18:59,2023-12-30 19:18:59,2023-09-05 19:18:59,2023-09-05 19:18:59,
9894,2,9894,2023-03-22 19:18:59,2024-06-05 19:18:59,2023-09-05 19:18:59,2023-09-05 19:18:59,
9895,1,9895,2023-02-03 19:18:59,2024-01-15 19:18:59,2023-09-05 19:18:59,2023-09-05 19:18:59,
9896,1,9896,2022-11-21 19:18:59,2024-02-28 19:18:59,2023-09-05 19:18:59,2023-09-05 19:18:59,
9897,1,9897,2023-01-28 19:18:59,2024-07-28 19:18:59,2023-09-05 19:18:59,2023-09-05 19:18:59,
9898,2,9898,2022-10-30 19:18:59,2023-11-27 19:18:59,2023-09-05 19:18:59,2023-09-05 19:18:59,
9899,3,9899,2023-08-03 19:18:59,2024-08-01 19:18:59,2023-09-05 19:18:59,2023-09-05 19:18:59,
9900,2,9900,2023-08-13 19:18:59,2024-07-14 19:18:59,2023-09-05 19:18:59,2023-09-05 19:18:59,
9901,1,9901,2022-11-18 19:18:59,2024-07-13 19:18:59,2023-09-05 19:18:59,2023-09-05 19:18:59,
9902,2,9902,2023-09-05 19:18:59,2024-05-06 19:18:59,2023-09-05 19:18:59,2023-09-05 19:18:59,
9903,2,9903,2023-03-05 19:18:59,2024-02-23 19:18:59,2023-09-05 19:18:59,2023-09-05 19:18:59,
9904,1,9904,2022-11-12 19:18:59,2023-11-30 19:18:59,2023-09-05 19:18:59,2023-09-05 19:18:59,
9905,1,9905,2022-12-23 19:18:59,2023-10-16 19:18:59,2023-09-05 19:18:59,2023-09-05 19:18:59,
9906,2,9906,2022-10-03 19:18:59,2024-01-19 19:18:59,2023-09-05 19:18:59,2023-09-05 19:18:59,
9907,2,9907,2022-10-09 19:18:59,2024-06-20 19:18:59,2023-09-05 19:18:59,2023-09-05 19:18:59,
9908,2,9908,2023-08-04 19:18:59,2023-10-12 19:18:59,2023-09-05 19:18:59,2023-09-05 19:18:59,
9909,1,9909,2023-05-06 19:18:59,2024-07-25 19:18:59,2023-09-05 19:18:59,2023-09-05 19:18:59,
9910,3,9910,2023-08-07 19:18:59,2024-07-13 19:18:59,2023-09-05 19:18:59,2023-09-05 19:18:59,
9911,3,9911,2023-07-01 19:18:59,2024-02-23 19:18:59,2023-09-05 19:18:59,2023-09-05 19:18:59,
9912,1,9912,2022-09-29 19:18:59,2023-11-06 19:18:59,2023-09-05 19:18:59,2023-09-05 19:18:59,
9913,1,9913,2023-02-19 19:18:59,2023-11-25 19:18:59,2023-09-05 19:18:59,2023-09-05 19:18:59,
9914,2,9914,2023-05-28 19:18:59,2024-01-13 19:18:59,2023-09-05 19:18:59,2023-09-05 19:18:59,
9915,1,9915,2023-04-21 19:18:59,2024-03-05 19:18:59,2023-09-05 19:18:59,2023-09-05 19:18:59,
9916,2,9916,2023-08-17 19:18:59,2024-01-13 19:18:59,2023-09-05 19:18:59,2023-09-05 19:18:59,
9917,2,9917,2023-02-02 19:18:59,2024-06-08 19:18:59,2023-09-05 19:18:59,2023-09-05 19:18:59,
9918,1,9918,2023-06-19 19:18:59,2024-05-09 19:18:59,2023-09-05 19:18:59,2023-09-05 19:18:59,
9919,3,9919,2022-12-30 19:18:59,2023-10-26 19:18:59,2023-09-05 19:18:59,2023-09-05 19:18:59,
9920,2,9920,2022-12-14 19:18:59,2024-09-02 19:18:59,2023-09-05 19:18:59,2023-09-05 19:18:59,
9921,2,9921,2022-12-26 19:18:59,2024-06-25 19:18:59,2023-09-05 19:18:59,2023-09-05 19:18:59,
9922,1,9922,2022-11-12 19:18:59,2024-04-13 19:18:59,2023-09-05 19:18:59,2023-09-05 19:18:59,
9923,1,9923,2023-03-15 19:18:59,2024-06-16 19:18:59,2023-09-05 19:18:59,2023-09-05 19:18:59,
9924,2,9924,2023-03-19 19:18:59,2024-02-25 19:18:59,2023-09-05 19:18:59,2023-09-05 19:18:59,
9925,1,9925,2023-07-08 19:18:59,2024-04-30 19:18:59,2023-09-05 19:18:59,2023-09-05 19:18:59,
9926,1,9926,2023-04-03 19:18:59,2024-07-12 19:18:59,2023-09-05 19:18:59,2023-09-05 19:18:59,
9927,1,9927,2022-12-18 19:18:59,2024-01-31 19:18:59,2023-09-05 19:18:59,2023-09-05 19:18:59,
9928,2,9928,2023-04-04 19:18:59,2024-08-09 19:18:59,2023-09-05 19:18:59,2023-09-05 19:18:59,
9929,3,9929,2023-05-07 19:18:59,2024-06-21 19:18:59,2023-09-05 19:18:59,2023-09-05 19:18:59,
9930,1,9930,2023-02-25 19:18:59,2023-10-09 19:18:59,2023-09-05 19:18:59,2023-09-05 19:18:59,
9931,2,9931,2023-04-28 19:18:59,2023-12-03 19:18:59,2023-09-05 19:18:59,2023-09-05 19:18:59,
9932,2,9932,2022-10-24 19:18:59,2023-12-14 19:18:59,2023-09-05 19:18:59,2023-09-05 19:18:59,
9933,1,9933,2023-04-08 19:18:59,2023-11-01 19:18:59,2023-09-05 19:18:59,2023-09-05 19:18:59,
9934,1,9934,2022-12-31 19:18:59,2024-06-25 19:18:59,2023-09-05 19:18:59,2023-09-05 19:18:59,
9935,2,9935,2022-09-05 19:18:59,2024-04-27 19:18:59,2023-09-05 19:18:59,2023-09-05 19:18:59,
9936,3,9936,2023-03-01 19:18:59,2023-12-12 19:18:59,2023-09-05 19:18:59,2023-09-05 19:18:59,
9937,2,9937,2023-02-24 19:18:59,2024-07-11 19:18:59,2023-09-05 19:18:59,2023-09-05 19:18:59,
9938,1,9938,2023-05-19 19:18:59,2024-04-06 19:18:59,2023-09-05 19:18:59,2023-09-05 19:18:59,
9939,2,9939,2023-06-07 19:18:59,2023-12-16 19:18:59,2023-09-05 19:18:59,2023-09-05 19:18:59,
9940,2,9940,2023-09-02 19:18:59,2024-04-11 19:18:59,2023-09-05 19:18:59,2023-09-05 19:18:59,
9941,2,9941,2023-01-26 19:18:59,2024-06-30 19:18:59,2023-09-05 19:18:59,2023-09-05 19:18:59,
9942,2,9942,2023-08-09 19:18:59,2023-12-17 19:18:59,2023-09-05 19:18:59,2023-09-05 19:18:59,
9943,3,9943,2023-04-08 19:18:59,2024-08-10 19:18:59,2023-09-05 19:18:59,2023-09-05 19:18:59,
9944,1,9944,2023-05-11 19:18:59,2024-08-20 19:18:59,2023-09-05 19:18:59,2023-09-05 19:18:59,
9945,2,9945,2022-12-22 19:18:59,2023-12-28 19:18:59,2023-09-05 19:18:59,2023-09-05 19:18:59,
9946,1,9946,2023-06-05 19:18:59,2024-06-10 19:18:59,2023-09-05 19:18:59,2023-09-05 19:18:59,
9947,1,9947,2023-08-12 19:18:59,2024-07-01 19:18:59,2023-09-05 19:18:59,2023-09-05 19:18:59,
9948,1,9948,2022-09-26 19:18:59,2023-11-17 19:18:59,2023-09-05 19:18:59,2023-09-05 19:18:59,
9949,3,9949,2022-09-13 19:18:59,2024-02-18 19:18:59,2023-09-05 19:18:59,2023-09-05 19:18:59,
9950,1,9950,2022-11-28 19:18:59,2024-05-16 19:18:59,2023-09-05 19:18:59,2023-09-05 19:18:59,
9951,3,9951,2023-06-03 19:18:59,2024-01-27 19:18:59,2023-09-05 19:18:59,2023-09-05 19:18:59,
9952,2,9952,2023-03-30 19:18:59,2024-07-29 19:18:59,2023-09-05 19:18:59,2023-09-05 19:18:59,
9953,1,9953,2022-09-17 19:18:59,2024-06-12 19:18:59,2023-09-05 19:18:59,2023-09-05 19:18:59,
9954,3,9954,2023-06-25 19:18:59,2024-01-17 19:18:59,2023-09-05 19:18:59,2023-09-05 19:18:59,
9955,2,9955,2023-06-02 19:18:59,2023-10-27 19:18:59,2023-09-05 19:18:59,2023-09-05 19:18:59,
9956,3,9956,2023-02-25 19:18:59,2024-07-29 19:18:59,2023-09-05 19:18:59,2023-09-05 19:18:59,
9957,2,9957,2022-09-10 19:18:59,2024-08-11 19:18:59,2023-09-05 19:18:59,2023-09-05 19:18:59,
9958,1,9958,2023-03-04 19:18:59,2024-08-09 19:18:59,2023-09-05 19:18:59,2023-09-05 19:18:59,
9959,2,9959,2023-01-26 19:18:59,2024-06-17 19:18:59,2023-09-05 19:18:59,2023-09-05 19:18:59,
9960,1,9960,2023-06-13 19:18:59,2024-02-15 19:18:59,2023-09-05 19:18:59,2023-09-05 19:18:59,
9961,3,9961,2022-10-31 19:18:59,2024-04-21 19:18:59,2023-09-05 19:18:59,2023-09-05 19:18:59,
9962,2,9962,2023-09-01 19:18:59,2024-02-18 19:18:59,2023-09-05 19:18:59,2023-09-05 19:18:59,
9963,3,9963,2022-12-03 19:18:59,2023-10-17 19:18:59,2023-09-05 19:18:59,2023-09-05 19:18:59,
9964,3,9964,2022-09-29 19:18:59,2024-03-10 19:18:59,2023-09-05 19:18:59,2023-09-05 19:18:59,
9965,3,9965,2023-09-03 19:18:59,2024-05-13 19:18:59,2023-09-05 19:18:59,2023-09-05 19:18:59,
9966,3,9966,2023-03-30 19:18:59,2023-11-28 19:18:59,2023-09-05 19:18:59,2023-09-05 19:18:59,
9967,3,9967,2023-01-01 19:18:59,2024-03-04 19:18:59,2023-09-05 19:18:59,2023-09-05 19:18:59,
9968,2,9968,2022-11-11 19:18:59,2024-02-22 19:18:59,2023-09-05 19:18:59,2023-09-05 19:18:59,
9969,1,9969,2022-12-15 19:18:59,2023-11-10 19:18:59,2023-09-05 19:18:59,2023-09-05 19:18:59,
9970,2,9970,2023-07-21 19:18:59,2024-04-09 19:18:59,2023-09-05 19:18:59,2023-09-05 19:18:59,
9971,3,9971,2023-04-15 19:18:59,2024-06-12 19:18:59,2023-09-05 19:18:59,2023-09-05 19:18:59,
9972,3,9972,2023-04-07 19:18:59,2024-08-03 19:18:59,2023-09-05 19:18:59,2023-09-05 19:18:59,
9973,2,9973,2023-08-09 19:18:59,2023-10-17 19:18:59,2023-09-05 19:18:59,2023-09-05 19:18:59,
9974,3,9974,2023-04-15 19:18:59,2024-04-16 19:18:59,2023-09-05 19:18:59,2023-09-05 19:18:59,
9975,1,9975,2022-11-21 19:18:59,2024-07-06 19:18:59,2023-09-05 19:18:59,2023-09-05 19:18:59,
9976,3,9976,2022-09-22 19:18:59,2023-10-30 19:18:59,2023-09-05 19:18:59,2023-09-05 19:18:59,
9977,2,9977,2023-02-23 19:18:59,2024-01-31 19:18:59,2023-09-05 19:18:59,2023-09-05 19:18:59,
9978,3,9978,2022-11-22 19:18:59,2024-04-02 19:18:59,2023-09-05 19:18:59,2023-09-05 19:18:59,
9979,2,9979,2023-06-29 19:18:59,2024-08-14 19:18:59,2023-09-05 19:18:59,2023-09-05 19:18:59,
9980,3,9980,2023-05-09 19:18:59,2024-02-17 19:18:59,2023-09-05 19:18:59,2023-09-05 19:18:59,
9981,3,9981,2023-05-21 19:18:59,2023-12-23 19:18:59,2023-09-05 19:18:59,2023-09-05 19:18:59,
9982,3,9982,2023-04-13 19:18:59,2024-04-17 19:18:59,2023-09-05 19:18:59,2023-09-05 19:18:59,
9983,2,9983,2023-05-14 19:18:59,2024-01-27 19:18:59,2023-09-05 19:18:59,2023-09-05 19:18:59,
9984,3,9984,2022-11-14 19:18:59,2023-12-07 19:18:59,2023-09-05 19:18:59,2023-09-05 19:18:59,
9985,1,9985,2023-05-01 19:18:59,2024-06-13 19:18:59,2023-09-05 19:18:59,2023-09-05 19:18:59,
9986,2,9986,2023-01-28 19:18:59,2024-05-17 19:18:59,2023-09-05 19:18:59,2023-09-05 19:18:59,
9987,2,9987,2023-06-07 19:18:59,2024-06-18 19:18:59,2023-09-05 19:18:59,2023-09-05 19:18:59,
9988,1,9988,2022-12-01 19:18:59,2024-09-01 19:18:59,2023-09-05 19:18:59,2023-09-05 19:18:59,
9989,1,9989,2022-09-14 19:18:59,2024-02-14 19:18:59,2023-09-05 19:18:59,2023-09-05 19:18:59,
9990,1,9990,2023-05-07 19:18:59,2023-12-11 19:18:59,2023-09-05 19:18:59,2023-09-05 19:18:59,
9991,1,9991,2022-12-29 19:18:59,2023-12-07 19:18:59,2023-09-05 19:18:59,2023-09-05 19:18:59,
9992,1,9992,2022-10-23 19:18:59,2024-06-11 19:18:59,2023-09-05 19:18:59,2023-09-05 19:18:59,
9993,2,9993,2023-02-23 19:18:59,2024-08-01 19:18:59,2023-09-05 19:18:59,2023-09-05 19:18:59,
9994,2,9994,2022-09-28 19:18:59,2024-07-07 19:18:59,2023-09-05 19:18:59,2023-09-05 19:18:59,
9995,1,9995,2022-11-04 19:18:59,2024-06-15 19:18:59,2023-09-05 19:18:59,2023-09-05 19:18:59,
9996,2,9996,2022-11-14 19:18:59,2024-07-28 19:18:59,2023-09-05 19:18:59,2023-09-05 19:18:59,
9997,2,9997,2022-12-25 19:18:59,2024-08-29 19:18:59,2023-09-05 19:18:59,2023-09-05 19:18:59,
9998,1,9998,2022-12-11 19:18:59,2024-01-03 19:18:59,2023-09-05 19:18:59,2023-09-05 19:18:59,
9999,3,9999,2023-04-17 19:18:59,2024-07-23 19:18:59,2023-09-05 19:18:59,2023-09-05 19:18:59,
10000,1,10000,2023-06-06 19:18:59,2024-03-21 19:18:59,2023-09-05 19:18:59,2023-09-05 19:18:59,
